6.595404122567636e30
9.220997409114336e30
3.7322731850762176e30
6.409501641569096e30
5.19994842417927e30
5.422192596862578e30
5.051394579944624e30
5.260738689688136e30
4.297736835244825e30
5.404938628600841e30
1.1718962367983146e31
4.304239629583847e30
2.831109289761927e30
4.188530770719054e30
4.341849805881986e30
4.380383652220261e30
7.61447921569607e30
4.090013384247669e30
6.706522946546322e30
6.314936614173018e30
7.328377931239315e30
5.226796293632435e30
5.61317512146569e30
4.696181113340187e30
5.398508987139072e30
6.635301161667557e30
1.2852331745472897e31
1.2145496880915413e31
6.904620896194014e30
8.752600018808476e30
6.103930736601726e30
3.4894315753922213e30
9.450880116948166e30
7.241832192985129e30
6.084553801130179e30
3.3812265908244996e30
4.218361908334455e30
5.6710647217853e30
1.128990217000979e31
2.578879224350671e30
4.5694620012488165e30
7.709102315795244e30
4.338638611927313e30
3.940255849328565e30
1.4107793852657338e31
9.648545485653825e30
5.432317459573295e30
5.730646446667599e30
4.339186593570299e30
7.887077389451127e30
4.035756983358554e30
6.903692598252188e30
4.7887564136860736e30
6.381032709784994e30
3.480102194008012e30
1.2603875120600546e31
1.0934530240645862e31
1.0723065586499972e31
3.900220312301234e30
3.7657009434037315e30
6.581294792902814e30
3.166567695356348e30
2.852697781884276e30
5.972666322159951e30
5.646321815581817e30
5.705507886349479e30
4.2343115782807234e30
2.5777980580754457e30
5.064896630868448e30
1.0588373321941152e31
5.87994913757247e30
4.4862755674564614e30
9.621671695093131e30
9.525522103765736e30
4.1206090327979295e30
6.130420713275666e30
1.0665445827993202e31
3.656900587430073e30
7.620217706367203e30
4.062143580325036e30
6.656637273342486e30
5.827045556236144e30
5.685786214038403e30
6.26900157147619e30
3.1540926382257135e30
8.287777539870214e30
4.4228420221065726e30
5.940476873429341e30
4.576802422618265e30
9.709265755935722e30
5.917402996814203e30
1.0332296349230866e31
5.827569162253441e30
6.930491448966555e30
6.17244546608949e30
5.983229627073581e30
1.964434754515161e30
6.865441749907827e30
6.412549649096757e30
9.400140470773449e30
5.498962605878568e30
3.103087425642203e30
5.243728856126266e30
4.869524861886554e30
6.653319391832775e30
9.841564684180381e30
3.1357444126574356e30
6.616076899859592e30
3.070587055469264e30
3.974475177077134e30
5.7731775352018e30
3.0431093543221617e30
9.983345905243599e30
5.139849782881998e30
2.9928860880851564e30
6.092896682286772e30
4.177464192662196e30
6.859563967570281e30
1.0346267378003774e31
2.986441960314227e30
6.530000039760795e30
2.621739504835314e30
5.050601722937686e30
1.516438330754607e30
7.06685418100762e30
7.467869900849003e30
9.280776638862651e30
5.13925949513254e30
8.074632443273747e30
5.861435294526817e30
3.186140321492692e30
1.2834573797277778e31
9.904124122953047e30
8.06564274335686e30
5.08474500727105e30
5.218883170962042e30
3.1328520438706547e30
3.962164060087015e30
7.954353484740511e30
3.0956406236118994e30
7.94362069229654e30
4.006435013159886e30
2.6643855709393356e30
7.522059032861515e30
3.622597222559195e30
8.033482340963992e30
1.9891149666278763e30
2.896360337252372e30
6.770898820641717e30
3.012386948823261e30
8.152349541790083e30
7.845012412955372e30
6.145948426744058e30
5.839600821021802e30
4.6295255703503243e30
2.9854834893934905e30
1.2927551544825613e31
3.887473966690445e30
5.79915038435217e30
9.353017162892789e30
8.795482932846428e30
5.297789101642813e30
5.942500751981671e30
5.303605503993327e30
7.944236149608421e30
1.7719952089836e30
2.9277227756501376e30
2.19548270692211e30
7.231046172436751e30
4.924541513561865e30
5.468577609461576e30
6.246764723123493e30
8.072901988053196e30
6.64194772442293e30
4.3614969647770933e30
6.837267021566399e30
4.2602774888331747e30
7.936949949814104e30
6.017852516234187e30
4.326856404808511e30
6.786125374906307e30
7.142700556262364e30
4.523196388076931e30
3.5929577260787837e30
6.553735911006732e30
3.9325006942944743e30
6.516303179682286e30
4.348381265057934e30
6.010214489205603e30
6.282837693883501e30
3.218455477004227e30
5.506371507129715e30
3.744043143823253e30
1.3782034216554526e31
5.580958151767129e30
4.637335207086316e30
5.31768975513671e30
3.629241596339662e30
4.702681971234939e30
3.3118267659277635e30
3.7344976168089646e30
1.132733179256428e31
4.211980547135733e30
2.4223161826143054e30
7.718847814504194e30
1.1579993538647422e31
5.0679969637974664e30
8.785190750334499e30
5.18952490588128e30
4.3487031565381394e30
7.655840014154389e30
6.694836114249411e30
1.032211113972747e31
8.911700918111558e30
3.5679275538493273e30
5.201083348884913e30
5.555725430586272e30
2.881417911114796e30
3.9024648852617054e30
5.106449220700128e30
9.185926984200261e30
5.156668257443461e30
3.4903374941442584e30
4.542903707065645e30
5.467296341141394e30
9.931215125991091e30
5.588961268295123e30
3.9285183360278293e30
4.1858094326648154e30
4.555718549247022e30
2.718542614871591e30
5.305917028600536e30
6.403297112676972e30
3.1661539584734435e30
2.1009404565441708e30
3.496384252272335e30
1.0258132187178035e31
5.686320030659225e30
3.409279599137225e30
4.418907216616527e30
5.358564220915302e30
6.90162820699671e30
4.28824842046996e30
4.986763776640882e30
7.352631354808421e30
6.574933235755431e30
3.3319656590105746e30
4.0475626039095725e30
6.411287444977019e30
6.148795190519344e30
4.4831429347111445e30
4.4845959358812705e30
6.22953668026878e30
6.446298447771796e30
5.188104228123903e30
5.058335416592661e30
5.308423822257414e30
7.085767809927041e30
5.762793666669692e30
3.8272790635533364e30
6.994101556662663e30
7.703917067132472e30
4.7654830155875174e30
3.8216780530946235e30
3.6114884446955267e30
1.0102890420375881e31
5.818237276968299e30
8.925711134104986e30
9.093922416485996e30
3.9239471848776333e30
5.086556881962217e30
4.2975425873901953e30
5.463353957929229e30
6.893599246762019e30
4.5992304206070455e30
6.287503875470927e30
8.115465802478169e30
2.3981129635349087e30
7.638749630631706e30
4.671482140481646e30
4.806405918918275e30
8.812881836099326e30
3.604794407394128e30
6.908151470303193e30
8.208014605145373e30
6.126242928753252e30
4.683752751355474e30
5.706311671379976e30
3.265497317677454e30
4.86451008591362e30
3.296600885687705e30
5.497459981027711e30
4.135888678032326e30
6.693804082208865e30
8.265709480850202e30
4.399469380650657e30
6.556637131664014e30
6.454011847225872e30
6.6424094393686e30
1.1153546431767616e31
4.8324047821157524e30
6.023379624097193e30
1.1361506825327007e31
7.923427544626502e30
8.793211477644119e30
5.78867682306069e30
6.92752753501042e30
4.6632365775075665e30
4.13514984748916e30
5.1483888554358e30
3.504189697224104e30
3.059237214968414e30
6.242509094338905e30
5.957386338974923e30
4.824349030570569e30
4.201410136786041e30
7.648322754792018e30
1.000012919446145e31
6.088783407647979e30
8.139536966268541e30
5.476811290155309e30
6.76721326613841e30
4.6730681568274787e30
4.0818003134897805e30
5.844688658763481e30
5.976412273787296e30
7.403264662486546e30
6.739396409235005e30
7.487366696786365e30
7.168272969572997e30
9.083221791708487e30
4.577245127841864e30
3.712733255235804e30
4.1130352176766567e30
4.046010200060063e30
6.87081700353783e30
5.888708485779526e30
4.512487184351144e30
8.974434072106603e30
3.8885156021519963e30
4.7149510958845283e30
4.7333470851153863e30
6.822428248436633e30
5.513509299861816e30
6.220271872213078e30
5.810257789119226e30
5.439221214940674e30
7.030151675902141e30
9.107850931290162e30
4.019769680392603e30
6.510638163562479e30
4.617067273331786e30
8.928531968329291e30
3.866909429420293e30
3.394857377485043e30
7.098015392020255e30
9.562426470999988e30
2.662230013840802e30
9.267711294051751e30
4.741054826253701e30
6.786273702184551e30
7.383747980212582e30
6.390333290766407e30
4.869242007703507e30
6.646893974460895e30
5.553061092569827e30
8.79428830959934e30
4.872512067776947e30
7.406510551740928e30
1.2838397896211812e31
6.854678936359833e30
3.296918160937561e30
5.242337247615443e30
8.094583255258733e30
4.9595005353638755e30
5.731227193767782e30
8.709147143858746e30
5.0550272749060646e30
7.178476119911426e30
2.2864680589638885e30
3.8558814307692553e30
4.913121672805004e30
4.920031193615025e30
3.310359145893086e30
5.239750150453999e30
7.728243153301814e30
7.344846060949109e30
3.0579283235481324e30
5.925010709665808e30
4.4429970215441957e30
6.616098703139204e30
9.319623058231661e30
4.6356125925607855e30
5.977957274189762e30
5.37980089562389e30
4.409518145053838e30
2.759885391329586e30
9.513996251248822e30
1.4240433662949646e31
2.065964167247037e30
4.037178051388597e30
4.790030132103005e30
5.449361748343328e30
7.003382346581727e30
7.995775588975862e30
6.31381437033937e30
1.328671145400603e31
2.5053378378100065e30
2.8096631023461537e30
6.154741489769416e30
3.989677939654801e30
3.870701654361756e30
3.997337281817303e30
3.860719772140151e30
5.14522586129511e30
4.8119788029076737e30
4.5549868864038986e30
2.16253023564353e30
4.747228902800214e30
5.375596875388097e30
4.2811585498632723e30
2.2103583623490567e30
4.5381010130966e30
1.3043912361485108e31
8.299636044290312e30
2.4142006794454372e30
6.05749430432568e30
3.3183068065147805e30
3.1709565928619256e30
6.910157220997845e30
8.179326694776102e30
3.494865602480925e30
1.0443604989659269e31
5.391349786071044e30
6.045484450078809e30
5.184800745299782e30
2.5554030289444466e30
3.4040751454855453e30
7.294989654425554e30
6.620245391028143e30
5.316040836867223e30
2.5027984506874752e30
6.453541043371941e30
2.81953110058974e30
3.976702904898234e30
5.03822233685976e30
3.9651283904233076e30
8.656897541422454e30
4.7678808010776434e30
5.050147224547682e30
8.832598446714623e30
6.32169589613898e30
8.221000339836449e30
8.147691255356059e30
8.469672665570758e30
6.816376549857995e30
4.009246602449221e30
6.719916808509616e30
6.699919666237879e30
4.93868922546703e30
1.533548567974237e31
4.41973850428696e30
8.264225424896267e30
6.152570308538592e30
9.03699747362387e30
6.293919543180625e30
5.711942607779969e30
6.40185904151561e30
6.516575667716531e30
2.730338224242858e30
4.4223762834955245e30
1.1116621076274844e31
4.274461211983437e30
2.887689144892636e30
4.818139094807957e30
5.580757470985223e30
5.880989723107292e30
5.344227377909227e30
3.423803585599261e30
6.195767530188178e30
6.966657462202629e30
8.050066694451711e30
7.028715648251997e30
1.2323852446295322e31
4.150746286549886e30
6.882889050498579e30
4.504022341413676e30
4.302619102159013e30
3.0135704818065814e30
6.875576628635189e30
2.539141507030131e30
8.925809707352438e30
3.975618490742258e30
6.897997419569434e30
4.490233968453831e30
3.769370462031129e30
2.911336564118214e30
5.100477978429329e30
5.468486135077474e30
1.4490537600967475e31
5.905971209899403e30
3.2336411178829777e30
4.795590951725717e30
4.592830622431208e30
3.9611635695649023e30
2.304612056843865e30
9.61767815771846e30
9.434222721805013e30
5.216086343401605e30
6.750135683122166e30
1.6809023262339778e30
3.2085729988563746e30
5.822732025013497e30
8.484259933465234e30
4.0807841954049207e30
3.7957785982691115e30
6.86273203217954e30
4.847224499858519e30
7.87427282410436e30
3.162702086085858e30
2.9403056374466956e30
3.0638423900860956e30
2.597098885711864e30
7.299441742795928e30
7.20828626747035e30
1.0334848374500998e31
6.200729988563343e30
2.6137981800551145e30
4.602230131111476e30
4.04886009696243e30
5.456517760885105e30
5.13942331581947e30
4.980373946333658e30
8.833882204126656e30
5.744057416215877e30
6.688222235097754e30
2.003147423040136e30
4.8429769098570945e30
8.935407689295594e30
6.949139512949371e30
5.603280222022379e30
7.548781470229093e30
4.597126991827277e30
4.729464486296961e30
5.596402055978482e30
3.4626088905396874e30
7.942907367231047e30
4.0639166873941646e30
8.92422806161002e30
2.1724212611674052e30
5.380234935055474e30
3.6724933792561033e30
3.5421086138532605e30
6.694431018446886e30
1.1724831095788298e31
8.42944495477136e30
2.607461162745297e30
6.705565725439873e30
6.251704705176715e30
4.9350286240820156e30
5.199785043496567e30
6.278050093302036e30
3.636280081419346e30
1.1650532109995285e31
3.407670838076214e30
6.187071190473988e30
3.8527986754404167e30
6.942185907604246e30
4.726127794043281e30
9.087419606214643e30
8.787732566506547e30
5.380494341402191e30
6.571191722193951e30
4.529378826858046e30
3.861043394974562e30
3.9622884279732104e30
2.7237030249924523e30
5.730918300978843e30
2.6607471858992076e30
5.67508259131303e30
5.228331372625662e30
4.107995168408936e30
5.387024833559183e30
7.232269328156718e30
1.0124790575685776e31
2.455416664968363e30
4.462275184021443e30
3.817568227562004e30
1.242148085358878e31
2.3642385736978033e30
7.091189483626327e30
5.302456176132072e30
4.0815156259833734e30
5.708294458947102e30
4.15953743599999e30
8.223671896002551e30
3.6379116343312573e30
4.4318053537750237e30
4.662085262376129e30
4.204353353613879e30
7.767593300855584e30
4.0821406433094574e30
5.0521616485062656e30
4.181907469414996e30
7.818362947298848e30
5.0523972988409367e30
4.497298859070991e30
7.695508099096834e30
7.588051658615905e30
3.7789593068668484e30
5.664152185483567e30
7.068682350272526e30
6.041615065330672e30
5.840905603182383e30
8.302322551793065e30
5.431977633616894e30
2.7082415651281246e30
7.53272867862104e30
5.31463122496293e30
4.756704245178779e30
7.339297994805097e30
4.1689629496285727e30
7.428220540373723e30
3.666989717645629e30
5.863510394357229e30
5.95591809629573e30
5.417964107653774e30
5.347874860842448e30
5.520334224764441e30
8.066769235393422e30
7.709899822150124e30
4.251560483268033e30
3.7104576660911916e30
6.667679597198377e30
8.974214248452309e30
3.113824946811333e30
5.276720731396287e30
4.050984030910412e30
5.455852378879711e30
5.466284637509712e30
4.089169986037939e30
7.455681257812813e30
3.90308616615523e30
4.8201090818694453e30
6.376770739303485e30
4.729824161046204e30
4.893305759276028e30
7.075101727292144e30
4.461782568072572e30
5.440486178923848e30
5.518279838905515e30
5.140862170800233e30
2.977595645854746e30
6.009477649477265e30
4.316704394278247e30
3.1374821279885225e30
7.823475609466347e30
3.670985161800671e30
5.90552929532167e30
7.243497935764984e30
4.727882596550364e30
7.458704452811962e30
2.823958450664597e30
4.667870179597747e30
3.894894708371611e30
3.7338341989453005e30
4.5839050292099063e30
1.2882029414621285e31
3.270946441382302e30
4.7358574979240265e30
8.503561818640602e30
7.191037638594785e30
6.456866498218677e30
2.4844017467510682e30
4.851317755498251e30
3.8871019684987227e30
1.035121171571887e31
6.060371751884999e30
6.261933104321456e30
7.519911899773491e30
4.453497005238236e30
5.429439784854868e30
2.6199607781978126e30
8.72972508057555e30
8.37117710314484e30
3.269009690162331e30
2.1023678456525048e30
4.756412396146687e30
4.105656657175424e30
3.441614882961554e30
5.82810343513715e30
3.933002324234054e30
3.355072824367695e30
3.651886555633478e30
7.519868127948321e30
6.277095323616578e30
4.4300634911342715e30
3.257644701179692e30
1.0062384446655005e31
8.52449821228595e30
4.524005603093139e30
7.504804420698928e30
6.715111956259876e30
6.28110632587414e30
1.2559325668603645e31
4.8275701343836546e30
5.93768748741362e30
6.124402969045815e30
5.184175945422321e30
7.333026298095502e30
6.544248878612806e30
9.071176898034965e30
7.321522323692332e30
8.96130996027648e30
8.107486957417974e30
1.269424229174838e31
6.083849232721014e30
1.0549005105436818e31
8.188273713860041e30
4.474852652380295e30
5.163822376103387e30
6.701332934429921e30
4.381048299364325e30
7.660799567143701e30
3.170353644148858e30
8.040913884340491e30
2.914517484624759e30
4.492193752229216e30
5.541796466874562e30
6.018771389176222e30
4.7334953301247725e30
2.940552122251478e30
6.48015364860583e30
3.560745425109075e30
5.665918147010122e30
3.828406321631943e30
5.0651372854485525e30
4.179471750079563e30
6.820926591996535e30
5.74009395747757e30
5.018059836016619e30
5.422928388950635e30
8.39503337336124e30
7.026106001875446e30
6.326342016112953e30
9.156707915555398e30
6.02901396074236e30
2.2059780131609172e30
6.641397503600356e30
1.3027798394965552e31
3.450403070528148e30
6.942642015313206e30
4.563685293890516e30
4.364506912197636e30
6.04217831703967e30
5.917576667266211e30
2.7415014212084156e30
6.13122982025366e30
5.383764395158749e30
4.445270934967299e30
7.991360052856548e30
4.231745855619834e30
3.4431654655735347e30
6.59748731668557e30
4.293522000365268e30
7.490709705701527e30
5.282007978780234e30
3.859286633445423e30
3.303962062439167e30
3.8171647823216234e30
4.929155594968948e30
5.555354066081284e30
6.487191606151367e30
3.1624716915148704e30
3.310807464518359e30
8.313889602619304e30
1.9344517078625875e30
3.918647743258792e30
3.8352145045551304e30
4.225718614274511e30
9.904838510096e30
5.677507934495077e30
5.514111633346924e30
4.847652254107468e30
6.605917190781129e30
6.862987227679412e30
4.6206134984352715e30
9.462741819112898e30
3.1653531067352526e30
1.0062247902764265e31
3.97467193363268e30
9.556480155508432e30
6.552123319397523e30
7.950675428357813e30
6.383816595638727e30
2.9992679129017014e30
4.591006942662713e30
2.723257848614138e30
2.9529895816002274e30
4.096984062351874e30
5.286140139944973e30
5.82090779076505e30
9.791611361826144e30
3.401452511933156e30
7.313410512262173e30
8.234143490295276e30
2.829237342479102e30
8.087926586419694e30
6.051412556320679e30
5.173759739718825e30
3.965132418290584e30
3.7934014009901264e30
4.813669362685366e30
3.6415374429861403e30
9.004770021982432e30
6.643111015840444e30
7.022158541460269e30
6.049093863764919e30
5.33452830538799e30
4.7405833182589477e30
4.8820280175020364e30
4.803129604535382e30
1.3124596218477395e31
6.919318433714996e30
3.1270990639782535e30
8.040267298999234e30
6.042435507036564e30
4.860619451258036e30
4.907568394635825e30
6.144981107341463e30
5.082899026923281e30
4.576575185656334e30
6.117291050108602e30
6.150795837299528e30
5.463945110516048e30
5.673355512030818e30
5.941078496445367e30
2.0324524740981716e30
2.639387442012547e30
6.847041878934446e30
4.0842017770689926e30
5.077343346213199e30
6.119609426238882e30
6.407844376231089e30
7.440188608656014e30
4.3333349298796753e30
4.911612532342368e30
4.314335623078591e30
4.34756912268942e30
2.8076687444009747e30
4.729683665964819e30
1.934742212534338e30
7.0638110301979e30
6.565656438904789e30
5.79471947918623e30
1.086849739439959e31
5.007824363557772e30
6.111756884592063e30
6.959871045654743e30
3.6219366360724447e30
4.1462506408094783e30
5.111695489032125e30
3.930007300982862e30
7.130132919144957e30
3.3165297054732557e30
9.947429106305307e30
7.108676357947142e30
1.9382332445835744e31
2.3479906974841374e30
2.9661526934813327e30
1.1031306856063556e31
5.217014893427093e30
3.766998726020479e30
8.189999426332011e30
4.5317166329329184e30
1.0703690410595714e31
6.782002895149984e30
5.309197615889312e30
7.040601646620228e30
4.285296060676445e30
4.463826300715783e30
4.934732286693313e30
7.251203890883033e30
6.721322951128786e30
9.334774682272938e30
2.986255692439535e30
6.994624020089864e30
4.2874102534117724e30
9.77482934846904e30
3.842894229035914e30
6.108810294517223e30
3.3938635712976775e30
7.766070451380769e30
8.362654681017444e30
8.605170986313436e30
1.0974103213559227e31
7.072907962675982e30
3.262693237117191e30
7.613572965445783e30
8.853464055203524e30
5.510436528682015e30
4.686522606146058e30
1.9124211673544318e30
2.570672122568045e30
4.6720886430038454e30
4.900996677213524e30
6.146592533426635e30
5.433551900920964e30
3.522466577431738e30
3.4840944817263574e30
7.431751669728634e30
6.890265193622436e30
5.0322469482017643e30
4.9620426821583865e30
3.303880288428652e30
6.112649735120543e30
5.077732356165161e30
8.366076915575464e30
6.035097644173158e30
4.186304352280816e30
6.034783647172302e30
6.106397186882315e30
5.463220248270167e30
6.940704619087646e30
7.518116060110379e30
5.079271675696729e30
6.847570786875397e30
3.157820419763949e30
4.8921874815541956e30
8.002926991861179e30
5.619622435635831e30
3.1671651061432065e30
9.744279028230711e30
3.745102558212603e30
4.167115735173963e30
4.192967930247636e30
4.2418885171449486e30
7.384391061028302e30
3.6619946297903396e30
5.418692895881353e30
7.449063389147131e30
5.882477848803014e30
1.0921912348575717e31
4.771754505192582e30
5.201560341368351e30
7.595225329691303e30
7.84119725561486e30
4.981190639416351e30
5.937089086480114e30
5.009946056648848e30
5.912116222798451e30
5.880764971425888e30
3.848933020567974e30
2.765497882217151e30
3.495282259048356e30
5.454759012912454e30
3.394319443425366e30
5.669809496274087e30
6.82900286967442e30
7.239517752695422e30
2.309726415114552e30
3.474113627679893e30
6.626978452927935e30
4.3707656715065216e30
9.263696726763385e30
4.239619671898349e30
6.11088154070541e30
7.611986028450898e30
4.424736053596897e30
1.0330405097254968e31
3.1447760215145263e30
5.771223350656542e30
4.9093621827859056e30
3.642960377404635e30
4.5759659767436567e30
4.3070207698045786e30
3.5475089984878133e30
4.7012608193372054e30
6.009708696235127e30
4.32616677610943e30
7.837171223351165e30
8.633671467866403e30
4.739728090887555e30
6.073340522500959e30
5.886493698369686e30
3.6755559601750226e30
2.6823978619437223e30
9.707541889270872e30
4.427894252261975e30
4.8436744621214967e30
9.79240505995133e30
6.48687708564932e30
7.554141202137278e30
5.344236805557534e30
5.398362129943242e30
2.9137045671371057e30
5.198848942252024e30
8.378148319826741e30
8.751493263628934e30
5.603691294622521e30
