1.1060706702808957e105
8.818811167405647e105
3.113679369484227e105
2.30245292629857e105
3.7320284903094773e105
4.690355751302573e105
1.1212392187644995e105
1.591793416724364e105
3.265429890724394e105
2.2374478677579227e105
2.135522718262478e105
4.013331893940718e105
4.606803411695821e105
3.0185691450963624e105
4.733756235433738e105
1.2548251692569623e105
9.291246564107094e105
2.868390570641276e105
4.475837708305954e105
4.621573770669444e105
3.5836946135639585e105
4.304412386181766e105
3.6793241638412e105
7.026808677246058e104
3.081753705099356e105
1.349791224622628e105
6.387585536517246e105
2.693240013355554e105
2.48523171275381e105
3.6926687933453217e105
5.961157001212509e105
4.1258172272857947e105
9.872209851758581e105
1.6990018298166507e105
1.4666471055734193e105
2.5812380918707436e105
4.116833989153352e105
4.597859358862907e105
4.28525561204422e105
1.8323751873704335e105
3.411266272542237e105
4.184793736833477e105
2.477725958938252e105
8.018566646667876e104
1.2250985857133931e105
2.4354571097210684e105
6.370044578323749e105
1.8146673967364416e105
2.2677815377391238e105
4.173535009846048e105
3.179916097402342e105
3.7335488019291553e105
4.483516545385422e105
3.93034378439605e105
1.926569875293136e105
1.4120067217727305e105
4.993861611109919e105
5.355961330639972e105
2.325508590371289e105
4.410617608611956e105
4.2305991384945363e105
2.6008706072348913e105
2.988001418262116e105
1.446003387430881e105
3.599554214101919e105
4.473575850572534e105
4.042767169946241e105
2.313858025693101e105
1.4505702467589294e105
2.2672507929644601e105
3.8514331116819047e105
3.3347093265150526e105
7.577650411547368e104
6.265006568848968e105
3.2599086628861885e105
2.0370197813933782e105
2.4819482365996464e105
2.893554418470849e105
5.9985496461544e105
1.2489247366422923e105
1.805149033577857e105
2.0469482999073214e105
7.536343870455823e105
8.549446476205961e105
5.39628915501111e105
2.0375113827700187e105
2.894518169555992e105
2.2675180263790192e105
5.437359069423714e104
1.7700869040917218e105
3.828833331135904e105
2.043378771482315e105
3.1688694088118173e105
3.4568831940503793e105
4.671560092435053e105
7.017648670571503e105
2.3127805618617115e105
5.72786552038657e105
2.2383239593874172e105
5.237910033771043e105
1.2733964867229394e106
8.802915726527731e105
2.462996210198285e105
1.5570701908399253e105
5.666877137902612e105
3.7296423468301716e105
2.858250868393103e105
3.4628527378257727e105
3.002858267613361e105
5.878557121733607e105
9.24280513293637e105
5.784995388678518e105
2.5641134595021227e105
8.479540237977985e105
1.638302510082608e105
4.985338797646846e105
9.2723832187736e105
5.121456013367002e105
3.7337992958370856e105
1.39833827345428e105
1.398086798590071e105
2.0169096155934607e105
1.4615269966930803e105
2.3778634532640105e105
1.127084773815233e106
6.098775152298092e105
5.146834979755313e105
4.0130178486699617e105
1.1436017621595425e105
1.1287971972380172e105
3.3503683874323533e105
3.4106057030947937e105
8.345493369274742e105
4.290263549099001e105
4.475347811229595e105
1.6349394901358079e105
4.250527649912198e105
5.12197025402342e105
2.936558503064927e105
2.938620787084724e105
1.9062873536478165e105
4.4308223935618114e105
3.069458127376389e105
1.6100188713105784e106
1.0472437460240773e105
7.647339256066187e105
3.341678883737608e105
7.177762187499928e104
2.609069750070154e105
9.824593347983156e104
1.740324324140199e105
3.9189336275920364e105
1.5795404855555933e105
1.2093575344195445e105
1.8859563947130768e105
1.1982761296489454e106
3.1118522998921017e105
4.940617411004345e105
3.274616305574942e105
4.167476851115243e105
3.0866861624577027e105
5.525801572755374e105
6.532014225239415e105
2.106710017672414e105
3.679163073901904e105
3.9593564445810637e105
8.071416703416502e105
4.368212157181738e105
1.888458595821011e105
5.90135482884012e105
7.747283359466414e105
1.2135557880229165e105
9.54482354841791e105
2.266534409468741e105
4.0911822707953904e105
6.403155275707541e105
5.043398783849803e105
1.9072198586844178e105
2.808067717164806e105
2.307114923135611e105
1.5026870561053972e105
5.173681717322888e105
1.1154192543132284e105
4.84638767182115e105
1.8342402651673725e105
7.458721066483251e105
4.258941764039013e105
3.243766257980866e105
3.9282863083722515e105
2.930635527640654e105
3.255235174823205e105
3.534823054017481e105
3.7507401424401644e104
1.6317011173903982e105
1.9628230346110467e105
5.607822719590357e105
3.0448268718679996e105
1.9142734763471722e105
5.298322710944357e105
2.714254686166375e105
8.872542767269554e104
5.344343089126374e105
3.8506910330393423e105
7.976073441139723e105
1.9501108738988595e105
3.7063064961003745e105
3.742919329577875e105
1.0113352303509872e105
1.4602482933917312e105
4.766567337892497e105
5.227434108882728e105
4.393308600692695e105
2.287512326295725e105
4.2340567878074315e105
3.001254063629763e105
5.851400496034784e105
1.0101472892853288e106
4.519483755847199e105
9.235952991656255e105
1.7614234294852334e105
3.296857928153273e105
4.764768101617775e105
2.7243774652792953e105
4.2001499888158523e105
2.2646413226556257e105
4.111540771005445e105
6.432199032077707e105
1.0634002658085787e106
7.022508460795877e104
2.128854827652601e105
3.9675745164711506e105
1.4299202137590448e105
5.41660227537761e105
3.5634814365782343e105
2.9869251159199605e105
5.969368740042917e105
3.5513605136788037e105
6.468615249843456e105
5.505281761551793e105
4.282337487717426e105
5.098132105629223e105
2.345278272863834e105
3.5061993549755064e105
3.6304428659598887e105
2.8427755394087547e105
2.411507898168526e105
4.771992402741959e105
1.7180054971207172e105
1.7104897719324724e105
1.806471269541466e105
4.697066733330427e105
1.7793444842390231e106
1.5576308596664838e106
6.517069980665146e105
2.1479681941695396e105
4.676214939080511e105
2.88103090304296e105
1.1720834402415245e105
2.9750302901615073e105
4.569209484552515e105
6.9700836175095e105
5.385467190131071e105
3.2555215372910617e105
2.887815698842406e105
1.4199683112497949e105
4.536426825598508e105
4.746410415406486e105
1.7680427282322688e105
5.108012007188451e105
1.1147151083121665e106
5.065133670875926e105
3.948313968705915e105
7.89595493592733e104
2.914987505680179e105
2.2870167274596336e105
2.0226280499234908e105
1.2928524912916895e105
6.143016378894984e105
3.7180992125579474e105
4.53936094896195e105
1.2922849495734257e105
7.898203461573248e105
1.570793236295867e105
1.3983129584270013e105
1.397543612442132e105
2.934949304306016e105
1.7709015737698889e105
3.9265043506467085e105
3.728220013193174e105
1.9561996260273143e105
3.2380901778439244e105
6.530354949788964e105
3.9787137305446783e105
1.9893908652656587e105
2.828011052531903e105
5.390138860201178e105
1.5546033589376571e105
2.374440712547126e105
4.805684218664084e105
1.4362218461905277e105
2.0556449014568026e105
2.545636020135363e105
2.4354946791855665e105
2.4912336600919567e105
3.630346496928344e105
3.028924177836561e105
8.253343429393418e104
3.145695746780904e105
2.5969879744468096e105
4.085668780487565e105
2.2483189118169597e105
2.2761166657613754e105
3.808175980473419e105
3.3708617356541306e105
2.010505065804073e105
3.67762097404634e105
7.550035872125484e105
9.353295982433779e104
2.601376938607686e105
2.0491272585546663e105
3.392790722313752e105
4.814035170648773e105
2.0301789651583593e105
3.4222449662410847e105
1.0281366508449405e105
9.225957980406969e104
2.1351002841703578e105
8.831381965587458e105
6.130204940286544e105
4.712340406873797e105
1.826527570048496e105
2.1235581620808546e105
3.2418715434377233e105
2.2152015751121955e105
4.00257749676893e105
5.918796336325919e105
3.495364738557174e105
6.469793683733697e105
4.5724825314887757e105
3.950139982834483e105
3.086042747938736e105
4.021263363678284e105
1.6963516258471983e105
3.057345964883252e105
4.686167121468414e105
7.690905699281346e105
4.1882536599878015e105
2.572127516337315e105
3.1523834842368023e105
4.3463317607061183e105
3.1232869239958613e105
4.029665725041314e105
4.037269020165875e105
3.863937335138138e105
4.496618023010025e105
1.808612059644216e105
1.142437147819054e105
1.0253565686210739e105
7.675967418242587e105
2.921382539497997e105
2.70494546027417e105
2.9136696581362315e105
9.164669117566643e104
1.1906658768885845e105
1.7314392764192756e105
4.654627621467837e105
1.1066572401915018e105
4.673952108542102e105
4.123443463255999e105
2.1463177055828615e105
5.482779745230639e105
2.1893980476474574e105
4.921670268395333e105
2.825135748328358e105
5.156106278707445e105
1.5753881849971658e105
3.215167228495887e105
6.043566775003824e105
4.3794348893081925e105
2.6756054819533694e105
2.043602469522572e105
2.447931096343364e105
2.1861433266178636e105
1.0333984106434353e106
6.225498634794012e105
1.1315775441061997e106
2.5778460436698946e105
2.839920768419496e105
1.4415728453214988e105
9.056398315949476e105
4.3301962366965513e105
2.721494847128838e105
4.1429197563444247e105
6.866783810834473e105
2.2178000577260298e105
1.4877265646504106e105
2.550732843459524e105
1.378645450838713e105
1.02359543449283e105
2.8345710236767285e105
1.381931758676342e105
4.2315621542179013e105
4.899525866859647e105
1.224314665388267e105
3.1143586970801355e105
5.547560621376428e105
3.0901649755378524e105
7.166845275030708e105
2.654997865358576e105
1.6300817352450462e105
3.57440339734903e105
3.2141121031378756e105
3.49841184794891e105
2.3441848152854203e105
3.928660457488435e105
3.7209182610516607e105
1.9211614992697326e105
6.050310821408423e105
1.6491969999046594e105
4.467289224269633e105
3.0189256290941424e105
3.851618644696403e105
3.1865759972962293e105
3.1193609554626785e105
2.725158052935915e105
6.102730714402085e105
3.7913576039283324e105
1.0411305859862719e106
3.3423837523211673e105
1.4835375408339995e106
2.6245900731411405e105
7.167777794378752e104
5.299433480704551e105
4.645401235385065e105
3.5214892907216056e105
1.0204856269072327e105
1.4103317421438205e105
3.1421390123724446e105
3.7894858644869826e105
1.6737706135443485e105
3.421498535478827e105
2.1779800468846933e105
3.377144796652774e105
1.273737809765785e105
9.426142804547552e104
3.182053688922997e105
2.0416849010451595e106
3.119175186821965e105
1.9012363332061728e105
2.739305192915716e105
4.492462222495133e105
4.790612006057929e105
2.0752858693527077e105
3.7350846356647614e105
3.947475124435159e105
5.009606950348354e105
1.8222438257583569e105
2.577103272321077e105
8.468134677590967e104
4.2023774776861863e105
3.9374832866064196e105
2.544859741813749e105
3.2520218491322785e105
7.688377809186602e104
2.918620716801872e105
1.5594793033809892e105
7.844475000599735e104
3.8933641457333013e105
3.0555443495249424e105
3.3185990267154885e105
4.111185019940249e104
1.681123462719076e105
8.757685454419063e105
1.4717642730148942e105
3.1769170726069986e105
8.982923916341356e105
2.0918459350842472e105
3.168224587187331e105
1.164612561714979e106
1.229490244374933e105
2.0111349203815272e105
1.6445817091207624e105
1.1599157865075786e106
2.338622460378978e105
3.1174779210495504e105
1.8150288193171708e105
7.208610640219535e105
8.292667723570414e105
6.458269230362798e105
4.88183600713624e105
5.794136319192536e105
1.0711476497295459e105
2.821280259612934e105
9.925802942968944e104
2.1428733219253475e105
5.053255945823961e105
2.604321476447986e105
2.7995555380397683e105
1.1684537752928196e105
9.876065993898098e105
6.078300476206624e105
2.0690123028630002e105
1.9342140370576512e105
4.489285947323244e105
2.5925118822900534e105
4.3175197814000756e105
8.716558544325361e105
2.430986799908169e105
8.539847539170539e104
5.890594432986688e104
2.3378016987587314e105
1.7415404395605635e105
4.66944377546828e105
1.4900305388140312e105
3.604732468933837e105
6.174445196974888e105
3.129481937318651e105
1.572202495505063e105
5.810429756054732e105
3.310253221750442e105
1.494200908583106e105
3.331433848378521e105
4.0845999214710707e105
3.5602239164794027e105
4.0892836219225736e105
1.9585478754297887e105
2.7183579316465546e105
1.546743791721526e105
8.559312741283889e105
9.208406568172332e105
2.183631791674216e105
1.3508619378195425e105
1.5857100066270585e105
8.456059183250934e105
1.5814533533934071e105
1.1133318619529044e105
1.618646764505362e105
6.256596126591554e105
3.1200442232815815e105
9.576415176263782e104
1.382936555726692e105
4.2353408892974253e105
3.045356991836268e105
2.0402779688812087e105
4.526967939576693e105
6.27159003405628e105
3.3625628207334454e105
7.163624317956527e105
2.5470197297522313e105
8.201511383778633e105
6.493484197443695e105
1.1268067502431021e105
1.3585839095652429e105
9.183607726817305e105
4.354138722213809e105
3.112063205501585e105
3.462834316748014e105
3.3872776351097835e105
1.1324029879963853e105
2.486027014201704e105
1.0394519269109108e105
2.2223750314563297e105
2.639722197488391e105
1.7703620384485058e105
9.926915112592714e104
7.33490419853052e105
3.7535735618201927e105
5.1164552010617e105
3.5185191111206e105
7.89090534033228e105
1.5741031515030016e105
7.304485423425527e105
2.6952070359091213e105
1.8869082098166224e105
2.945837653016912e105
6.394675155903343e105
1.8702790098747918e105
4.3693904339712844e105
7.444750324361021e105
1.9231012044432152e105
1.1927888207425495e106
5.963668574721347e105
7.277173655162113e105
5.58806434817189e105
4.4563069737965804e105
1.8635915584268977e105
1.4109470583751154e105
1.8366229700440677e105
1.215233959827295e105
5.151049251461129e105
2.3685207692762285e105
5.03617354191032e105
2.6313748384705275e105
4.0932503897546017e105
8.851120336610165e104
2.169010507292753e105
1.7668454193899592e105
2.2170676285859626e105
4.832119404649494e105
1.3814179993018584e105
3.579607410670094e105
3.316375217104997e105
4.840778859926231e105
3.5691215570576487e105
4.742199406414343e105
1.0640246457904072e106
4.529748287613096e105
6.535673732702228e105
2.1703680073497773e105
3.662493070140085e105
8.944600329589593e105
1.579819799017747e105
4.321290911714722e105
4.728317995271432e105
1.8013323907814578e105
9.116438528648745e105
2.7972325625488324e105
5.7635018588066e105
9.626363719403616e105
1.2346833838466734e105
3.5008929507858996e105
3.8984397674987924e105
2.9541468422431354e105
4.0413909297074395e105
3.433899982513426e105
2.981174467237293e105
1.7623156135244042e105
2.4805569157903576e105
1.684401309031355e105
2.5637818260483627e105
3.0750521624599004e105
2.007986927285255e105
5.181604615231259e105
2.9069274378874783e105
3.6722253845913435e105
2.027807846186884e105
3.703886551923628e105
3.12993912002439e105
5.058356251629157e105
2.182008229605109e105
3.4063221330359357e105
7.192906812150944e104
1.3486497053595575e106
7.541001928701414e105
2.23289384802217e105
5.53607138619955e105
3.246591492114172e105
1.9579137630285617e105
5.456297479866517e105
4.908147884515263e105
1.2064518931887681e105
8.495112030731354e105
2.956823968002271e105
1.1508237963044276e105
2.7259585451667103e105
4.428040170707009e105
4.037043211586385e105
3.5913573442332224e105
5.971445102713049e105
1.1733581606587213e105
5.396390886450782e105
1.208164337744768e105
5.917254812947303e105
3.108480258231683e105
6.892094520234571e105
1.8376060123897027e105
6.685402702004175e105
4.999254329852644e105
4.68517780360616e105
2.3584588354409324e105
4.1679287152345773e105
1.3798897348046423e105
1.9385884878885125e105
1.5587461776008065e105
4.741074427330822e105
3.614715463136788e104
9.429987984113986e105
2.6939454122995264e105
4.823824046719725e104
1.492439669985433e105
1.939484619822423e105
5.505801643397999e105
2.2782679192486581e105
7.015367514574718e105
6.43174343699263e105
2.223379830065166e105
6.524654505522196e105
1.6231414819111963e106
3.0591634276396453e105
8.449615448680272e105
3.3588244096569373e105
5.306243626601677e105
6.171522002458989e105
3.539624384403462e105
9.962294625886439e104
7.875177055219015e105
1.1009344752803566e105
1.9796490401536465e105
4.13163534388351e105
3.2562074980020177e105
1.251155860686906e105
4.1466576355545025e105
3.0938054896102074e105
2.924240754378632e105
2.2762988452420572e105
2.0351145691357571e105
1.8902019914142474e105
3.8083179478144256e105
1.4850852666700525e105
8.062179376414959e104
1.6495480193016962e105
2.745623830127998e105
1.062932101071027e106
4.362219157250074e105
2.7983800901183495e105
1.6220879577592673e105
4.539096237494332e105
5.902742622312481e105
3.8758958558239017e105
2.4604083711447707e105
2.2194904897561845e105
6.560678199961739e105
2.761487878516777e105
6.72256890356367e105
1.621416151082326e105
5.533534321007319e105
3.0628762792543777e105
1.8292418180021736e105
1.9013300618408362e105
1.0783484784209595e105
4.3857456938539083e105
4.3107634160110855e105
2.2579224404299922e105
3.7351593577694836e105
4.81219260747744e105
5.03604409430711e105
1.7333553283598776e105
2.9322962478885473e105
6.85551420579468e105
4.880946144331597e105
2.770380008412222e105
5.050518742329992e105
1.1133397446367209e105
2.6856096172019395e105
3.55119827128306e105
2.1255518489344227e105
4.937745170454933e105
2.692884788760293e105
1.7314937366985632e105
2.916209690359194e105
4.5464984657977945e105
2.774355255047076e105
2.8234330148742277e105
4.2164685684062526e105
2.1533799738433075e105
3.0616241131299143e105
5.43367177024245e105
2.7108120694841057e105
5.955045848686896e105
7.594184055842614e104
2.1615261934734782e105
3.4776960712112527e105
3.379063563658398e105
1.0713343459423037e106
2.0536326514632792e105
2.722865547106531e105
4.59380869428523e105
1.8778835900036379e105
1.80858705488732e105
2.1972185800337822e105
2.1197671802822472e105
1.2395979252095916e105
2.9419399945475527e105
3.4604981676280053e105
1.9692075805973297e105
2.4707538313282575e105
6.674415416540524e105
6.482500194808478e105
3.840303666767649e105
7.932285002028208e105
5.99187235241641e105
2.3730912420618824e105
1.0674544224661293e106
2.802664367473399e105
5.783583649878862e105
4.804224784990538e105
4.492345810433457e105
3.6088718777291884e105
7.588924744574678e104
3.8696157180658517e105
1.3092686904372024e105
1.0385396612457173e105
2.4932944582638396e105
2.517265574161029e105
4.3477689875229884e105
7.821729074179114e104
2.5919808166533556e105
2.135775355251768e105
3.9962333306657516e105
2.6876601071196853e105
3.8754507931031433e105
1.7736567705474908e105
2.500365937898772e105
5.556040258065572e105
5.330655545154262e105
1.4183484385881844e105
6.178689119244908e104
2.0981125264969217e105
9.095030661522463e105
2.279407980203346e105
2.8348246470583037e105
1.536436954619334e106
4.09654331878318e105
8.882681701588415e105
1.3355088614793207e105
6.850904982984674e105
6.915726643817701e105
3.485338348131379e105
4.2626008337768296e105
1.2827160875890853e105
3.2524983214664614e105
2.2828750972959017e105
4.121288173048302e105
1.5106247570620273e105
2.785255612535677e105
1.3145620730484887e105
2.6849569554759413e105
6.360444635279085e105
2.186146660900308e105
1.2886964796497872e105
3.5441034258061083e105
1.4635668794019228e105
7.772318309526006e104
8.796542720130327e104
1.1085513903151572e105
1.7368839712265139e105
4.598970993680396e105
1.2474561885141428e105
2.9325411157213305e105
1.4094688714675252e106
1.1879132172815069e105
4.2669664224648707e105
1.8319265844905699e105
2.9158806937694595e105
4.025649470067949e105
9.596313337986474e104
4.2815003491011733e105
2.7052170494924413e105
5.290744345902474e105
7.972996362897957e105
3.6639030516855364e105
1.496101977552634e105
2.898597611374114e105
5.679988009213487e105
2.0784328189102523e105
4.2841795855089746e105
5.438112469434001e105
2.7081638026817106e105
3.026153869628958e105
1.4874713095625992e105
1.044109258202767e105
3.9600374026070624e105
2.876440493787926e105
2.1628686400380784e105
1.9576499937681716e105
2.3148630975577405e105
7.198486859278443e105
4.09499375734027e105
6.040924625566775e105
1.7430983688647718e105
1.743404204210035e105
2.032821641319027e105
9.111937019241863e105
1.3653283290466174e105
2.2915269997645803e105
5.849925206457364e105
2.77391958627211e105
3.1388778524235656e105
1.960101287089776e105
1.372487582620803e105
1.3952182084176748e105
2.932099211169366e105
3.6916916197945215e105
3.0628493278572795e105
6.485895265475201e104
3.723394413723593e105
1.376724179292034e105
6.241813768309803e105
3.1143190805093435e105
1.722164490427982e105
6.187229199563346e105
4.99557348729487e105
2.6347394029159813e105
1.3581195883548918e105
3.263943049751895e105
3.814424668124243e105
6.939326975817986e105
5.646744519699495e105
2.0556826982767064e105
1.367418541718709e105
4.502480380578247e105
2.903010116635413e105
3.162113059843549e105
1.408115623216171e105
2.755460061986563e105
1.5693350908491663e105
1.5154736780772376e105
3.8415689598077535e105
5.838561971585462e105
2.4247524684536077e105
1.3599301363292451e105
2.298787780613212e105
4.920381388789158e105
3.0607272793348385e105
1.9978955231676111e105
3.4695090980808225e105
3.7028729460095076e105
2.4837761970456263e105
1.3933053927194017e105
2.8500236835096054e105
5.364309459936195e105
3.060037644819058e105
1.9583167676043116e105
5.696519379702254e104
1.3263268416299253e105
1.6502380459820065e105
7.937920096718395e104
4.0211847228974126e105
1.1034366715874638e106
2.426720319256493e105
2.1181556882879956e105
1.7906571983997325e105
1.4892243494896745e105
1.586517149048828e105
5.392291275001842e105
8.751612402039622e104
3.992598809412546e105
1.8606594052698085e105
2.277785199936195e105
2.1018109756465922e105
9.311710456010394e105
2.2478771920286516e105
3.114078861761247e105
2.471430057177762e105
2.010579419786663e105
4.551090308301233e104
7.57441312136053e104
2.73800911807408e105
3.3606695489142326e105
4.1484343925370437e105
3.247896854636293e105
1.1858094759824886e105
7.730224247465614e105
4.0590656134366263e105
3.281831335639891e105
3.5023865124147217e105
9.770015942323194e104
3.572083348710153e105
2.0820829706470765e105
3.025483150937748e105
4.4575852720402515e105
4.5832210495856414e105
1.7068879814761337e105
1.1343105779452433e105
2.3875107950632907e105
5.905609394542999e105
2.6874734869560123e105
2.6047273257507577e105
4.3201347925258826e105
1.9819181283869e105
2.4723275360842493e105
4.0639633156522963e105
4.2951986002184576e105
1.5587160027193333e105
3.60100200360863e105
4.627590077222606e105
1.7956948100272328e105
3.1872432314952855e105
5.445553924990667e105
9.502364623419722e104
2.066191608217334e105
4.2549855298824144e105
2.738547307027696e105
5.630130526439203e105
2.6730249011454917e105
4.4824663871026386e105
2.4587129419374736e105
4.805739395362364e105
1.7236926357428552e105
1.0471223316684942e105
6.17894291206915e105
2.2596497774497047e105
3.943173512865285e105
3.155909053262065e105
4.2079080342004003e105
2.3304910441640656e105
7.931043750231469e105
2.1789608239604907e105
1.7999735404377117e105
1.8493548936345578e105
