3.1384913256053083e52
2.0353068899324764e52
1.677423965854735e52
2.459605505001372e52
1.285168029560171e52
1.837687589769714e52
1.7500240291108592e52
1.9688315093100517e52
9.536790335756292e51
2.7852176239434645e52
2.2893297817972192e52
2.0787148512926758e52
1.5962525556438116e52
1.4004529329229255e52
1.7204898927602322e52
1.4580816900667731e52
1.1490170866537997e52
1.2765009703318973e52
1.4375938134980874e52
1.31883328531683e52
1.6950201772313978e52
1.2190096256017738e52
8.982821815614e51
3.0937932232552697e52
4.263785577613171e52
2.86957129347828e52
3.20749220190687e52
4.177116441233023e52
2.821789897273481e52
3.271679498305976e52
5.993826055116696e51
1.8375946801932463e52
4.5656280360021945e51
1.1674552034833222e52
2.136972294420465e52
1.6795848115172568e52
2.833281117039879e52
5.614461500912802e52
1.668626001021465e52
1.7281970786737274e52
2.093538910880597e52
2.1599375046546332e52
2.976331500368172e52
5.493520924947548e52
1.5109280925492928e52
9.795792267749116e51
2.1752143572637352e52
7.440337054268258e51
8.37814363941932e51
9.637064990157442e51
1.73556564178894e52
1.616238995872912e52
1.690424991390177e52
1.5243109571115777e52
1.710210703597439e52
1.3588800236790895e52
2.0704629142320025e52
8.28898039061184e51
3.0796791145602275e52
2.9735121884020997e52
3.5272002693004855e52
2.3436840640696083e52
1.1194046691085215e52
1.8582987378861525e52
1.3088160348977818e52
1.8363263836393085e52
1.773809161579735e52
3.3773687640194405e52
1.3676752544174504e52
1.5693406006141777e52
2.0223056599998052e52
3.818199032974913e52
1.1457935496050327e52
1.0728549408429742e52
2.2033275703072712e52
2.3594120758815224e52
2.0436278095827955e52
9.680738967123333e51
2.6554699805846905e52
5.071324566323405e52
3.6443464751912105e52
4.159006756864254e52
1.8120597385955874e52
3.456073169287998e52
3.031095679771839e52
2.002301484184388e52
4.477602747070321e52
2.1081845968529027e52
5.706307142092719e52
1.938624137790922e52
1.2959262422089328e52
1.93144133060608e52
7.750341207933316e51
2.8502821576265534e52
1.5225194249216288e52
1.469088620115139e52
1.5393515359232008e52
1.3516141966019346e52
2.762125483279313e52
8.289942542116502e51
2.490911965888815e52
1.3666124970790404e52
1.2540063931577723e52
1.2462269159886498e52
2.884024266496702e52
1.543730095519378e52
4.0626709392098223e52
1.6166152402481898e52
2.3808225741634357e52
1.3350088081776027e52
1.3063556054970158e52
1.7235470383339401e52
1.9076077728631388e52
1.5380307899112334e52
2.5067806321268016e52
2.15688446043293e52
1.19694289173747e52
8.318210887152852e51
4.276884443960412e52
2.717293968002313e52
3.396432519894199e52
1.9160163936662296e52
7.561077467286389e51
2.965861294669881e52
1.820770987579881e52
2.3005126067637642e52
3.386083537800312e52
4.966579234981878e52
3.9804083816698523e52
1.752899688989859e52
2.8906817851094975e52
2.6197759424402356e52
2.940259276048598e52
3.629372229319345e52
2.1557931593626862e52
7.549393138355129e51
2.148551784093458e52
1.1932468789164887e52
1.799097002399262e52
1.9929553649963286e52
2.181705007281037e52
1.508437666913562e52
3.395159636961369e52
2.515588558031943e52
3.275812229826619e52
3.185741089415759e52
2.5484856776176393e52
2.403896374643202e52
4.2557759453072657e52
6.09535978197867e51
6.282417228013412e51
2.731890038105644e52
3.037824587581644e52
1.897310608229437e52
3.5267646227056407e52
2.2768896670118118e52
1.0075390537881946e52
9.708098606866952e51
1.1577531609175134e52
3.280223403412001e52
2.4122019268061467e52
1.3918907267840906e52
2.585962186951201e52
1.2714508875020358e52
1.9585165450476182e52
2.404960469514919e52
4.97061883529944e52
1.686813796739797e52
4.220872831073524e52
2.6747701932486127e52
2.9530936168421124e52
1.525947655153878e52
2.441758498195106e52
1.3610365865783322e52
1.7498780621431785e52
3.1301145144570716e52
2.852509007410587e52
2.8510713527938227e52
1.5972579526685438e52
3.5488027914627355e52
1.3371918936726334e52
2.547810845409117e52
1.9360775007006155e52
1.4870428859729667e52
3.525360023478928e52
1.9523672136609172e52
3.787628911057141e52
2.2840703875379935e52
3.4633039438131187e52
2.224360388701963e52
1.365916973970345e52
2.1609761375198675e52
2.7681987652838626e52
1.8470202212029163e52
2.757376886802097e52
1.5541262617417856e52
5.618798969035886e51
7.559844010977856e51
1.1720770296226552e52
1.9488368472338937e52
1.7796681696321077e52
3.479281249463869e52
2.718076336190967e52
2.594928882914739e52
2.72822069558508e52
1.2658171796126327e52
1.9095426200305977e52
1.3583443463743965e52
2.471626033209992e52
4.941480495045718e52
1.5162440207645322e52
4.489140214223545e52
2.0023476645089533e52
2.3776507776535357e52
3.2591519616514927e52
1.473986565507024e52
1.1521603989168638e52
1.7347526152359948e52
2.769358645172036e52
3.4211954042515124e52
1.1796434359498296e52
1.3741507066117852e52
1.2125792447857844e52
1.3955466263656994e52
2.9421163464220916e52
7.50147757613922e51
1.1995813904913884e52
3.7576842843042297e52
2.2846796437792326e52
1.9127528395898144e52
4.792618192382882e52
1.726596415093134e52
3.011937360253097e52
1.7033706463923978e52
1.4407145359686116e52
2.415505549796474e52
6.883635612548186e51
8.045141652634389e51
3.534708084443687e52
1.4973055049654322e52
1.4213415678278588e52
2.1817908602462892e52
1.3643057176012666e52
1.575153704509568e52
2.7955920281211934e52
1.8802384731695964e52
1.7559567093933153e52
3.8996432899497354e52
1.6725864447832405e52
1.6399037066393656e52
9.62269607833072e52
1.9215611673380469e52
2.2445368132093237e52
4.029112100700588e52
2.365244733900903e52
2.4348309396150305e52
1.507321481868361e52
2.6845453142656684e52
1.386789807529562e52
1.7290407225908214e52
3.3808691625752665e52
1.762381307986161e52
2.3976827866358097e51
1.7605465228581385e52
1.1418261916950286e52
1.961396095803384e52
1.847034159929379e52
1.5852076348676342e52
2.7590299734305776e52
3.7215971575769454e52
2.536755799579583e52
2.127530097421973e52
9.861739669662893e51
8.922226463145134e51
1.4551975193469676e52
1.3067179911212586e52
6.343885756295489e51
3.4171984115787704e52
3.577499346968757e52
2.5826429206896177e52
2.3531158461072966e52
3.563933059351311e52
1.918608256522921e52
4.1077099618877923e52
4.4934365316385417e52
9.158409289872774e51
4.7230158605331184e52
9.137871559184064e51
2.4494395080796366e52
1.646920789349308e52
3.4810132072865307e52
1.5299846281117347e52
2.9297040947810407e52
1.0924525971279435e52
5.869102287710258e52
1.3877214237870185e52
1.3517290007737493e52
1.588843229265684e52
4.6504991730633325e52
2.0930344676954374e52
5.113868341848633e52
3.3404408823380157e52
1.4861191501139595e52
3.7658898288886806e52
3.96385812663162e52
1.2969230263268772e52
2.2770208014039371e52
1.2146789045215995e52
2.837117860553719e52
2.297135070454478e52
4.6012872694722875e52
1.7766459131689077e52
7.65014235189098e51
2.0091492662497855e52
1.272010410925932e52
1.5588234935735116e52
1.4604294616236907e52
3.395940457006019e52
3.229178285904799e52
3.0232421557169454e52
2.520254210038472e52
5.269382858978895e52
3.5729167434148457e52
1.534479963535745e52
2.017356753174468e52
3.261664444761585e52
2.837400457960296e52
2.204645820171181e52
1.6750111811154533e52
3.243420757332494e52
2.05336057601706e52
3.21225073822229e52
3.1860105718838394e52
2.539740278365758e52
2.0901477842874339e52
1.8194243020001115e52
1.399088986963478e52
1.7844449112728834e52
1.0124147998168097e52
8.32705342547303e51
3.0734816578610826e52
2.2571106395547386e52
4.026723348780703e52
2.1656623920257457e52
1.3005587871336413e52
1.99414899148828e52
2.5450626112295913e52
2.3924493249760838e52
1.9921725562489976e52
1.9437215198707228e52
1.4610641963249383e52
1.540306315300507e52
2.4470211583358504e52
2.3394103498839012e52
4.414167611553139e52
2.540938350789925e52
1.4985137662620653e52
3.2397207903426917e52
2.050435538900378e52
2.719632157410079e51
1.4520743134095106e52
1.6887827878939545e52
2.574877161588614e52
2.6887281725175284e52
3.0094644139114833e52
1.4024597482630083e52
9.351706395433263e51
1.54373974021533e52
1.8962923144724943e52
6.391109732712853e52
3.252533795353879e52
3.1404970499952853e52
1.6144184416881997e52
1.4002466275486992e52
3.829597657249123e52
3.0075624479145313e52
3.5418465501371126e52
2.521873846769471e52
1.8697523867008676e52
3.1289947372380016e52
3.592948119437399e52
1.0256018330404608e52
2.0346731845369457e52
1.4735737017547756e52
3.7336779232357047e52
1.947784189873072e52
2.0915197393047852e52
1.6381721441325574e52
2.6938167864413167e52
1.952517551861125e52
9.016403973344273e51
1.2695975755320507e52
1.3376796156625965e52
1.4467826757220406e52
4.793641199158097e52
2.4172399703376903e52
5.525977391247955e51
2.1519162882581713e52
1.0511228170303259e52
9.194380366539752e51
2.327137996786962e52
1.1434290038238937e52
4.1085697509589434e52
6.276255600476474e51
9.67761689870477e51
2.199635653474431e52
2.665945741126166e52
7.022556076533394e52
4.204722907018553e52
2.41400109220377e52
2.1042254633219604e52
1.494590481659891e52
3.532622732241179e52
1.6601336521545433e52
1.317079481297199e52
1.413483670253645e52
3.136665111326576e52
1.6063547473149354e52
2.6738411151259075e52
6.685096796216768e52
2.485236748673908e52
4.4126979048898953e52
9.875068799327593e51
3.4163439360519586e52
2.803129120347845e52
1.558580945287337e52
1.1924125867964392e52
2.9566270204509267e52
1.4810767344296851e52
9.27365475418225e51
2.3883272355621923e52
2.5033005024910475e52
2.1068704195741683e52
4.5698152223035115e52
1.9021294129755004e52
3.6929166593748373e52
2.1979335731090938e52
2.435004322889646e52
2.2453913222300279e52
3.914165979846122e52
2.957141979585297e52
5.72283113759655e52
1.1248662320935727e52
1.0376766133607442e52
1.4656494768412188e52
1.003238000416473e52
3.580855420715084e52
1.26752353034529e52
3.7803700825386263e52
4.7815421383678525e52
7.44122478992721e51
2.8534859170059424e52
1.4687486041600993e52
4.234934120183661e52
4.155640820980243e52
1.845398138190829e52
1.7277634461727672e52
1.4311804190152502e52
4.494268302333331e52
1.9680066101067653e52
2.7351112729214987e52
2.0140980381624945e52
8.75924270113814e51
1.4047256719190067e52
1.2668017496986045e52
2.8155431643342514e52
3.796428384261117e52
2.1393960059177237e52
2.5883267409946537e52
1.5934312066039502e52
2.408742679227701e52
3.82978887404621e52
3.745396630674903e52
3.201470182544769e52
1.2632493586173723e52
7.05113337335317e51
1.6719103469313556e52
2.368931263923099e52
3.856491176198153e52
1.493556492872709e52
1.0161935878014852e52
1.718602128675898e52
2.297997938644729e52
1.8239017287541902e52
2.9647430425685937e52
7.246695295328364e51
1.5249371684378237e52
1.4035039105329675e52
2.1853785981750427e52
1.9431028422839606e52
2.8837045141313845e52
2.0740546305875188e52
1.1433348804160549e52
8.963616956699468e51
3.5750342623500505e52
9.307199750641109e51
2.117595560817987e52
3.3878431253888887e52
1.1942786490656179e52
2.8726599036082714e52
1.3361856890598477e52
1.0914628468951024e52
1.9513643321801443e52
3.611226458092035e52
1.2358756675000752e52
4.189336742676387e52
1.626934826392516e52
5.081781619787097e52
2.2149231115095485e52
1.8371318789103152e52
1.0877823318392521e52
1.658592775152501e52
5.335850314471183e52
1.5598815360906178e52
1.3284268551730663e52
4.028604579618623e52
2.812852193869506e52
2.940794868223037e52
1.808811350793294e52
1.154457812511072e52
3.523286682515247e52
1.958209817976771e52
5.649488751924677e51
4.833887258074136e52
1.9417771260329556e52
1.419923496671359e52
1.35659235143411e52
1.29385448909722e52
4.039114828293866e52
7.962555233349664e51
2.4607756152026554e52
1.2326942200244274e52
1.3020887218507183e52
1.8653274758360143e52
1.2584083790793914e52
4.4045757587474356e52
2.787853529334447e52
1.789371357379102e52
2.894580020333692e52
2.4803728030314643e52
1.2173329695859205e52
2.70570888175739e52
3.043504247759079e52
2.1707030868205044e52
2.0606214277227996e52
5.997115811612746e52
1.544218673452325e52
2.396773513524458e52
1.2925295948725203e52
2.0259949194022955e52
4.1465387430826384e52
2.721664394866834e52
3.880188155561899e52
1.2378925967861823e52
2.4009792151100246e52
1.7956554735287277e52
2.1906304878133203e52
1.113312237068462e52
1.9915669685027572e52
1.2995081107597046e52
8.33449874224527e51
1.6820203788731463e52
5.541443483932523e52
1.817652081772622e52
1.4608074848015287e52
1.6366297996713498e52
2.4164368254616333e52
2.8161205564173983e52
3.8864244237922835e52
2.467293014999621e52
4.1221271139732994e52
1.8511358966993857e52
2.4165566189770936e52
3.432136821541746e52
2.0258061388322312e52
3.427801598628878e52
1.714059361619582e52
2.480257722873213e52
1.244091745881145e52
2.9250053820420566e52
2.1469226510529444e52
5.24486507203736e52
3.4010838319969807e52
1.561777208140898e52
1.981606377730344e52
4.116143635457148e52
1.2733943451115662e52
1.0276338510176086e52
2.887396362660426e52
2.1424383182117015e52
2.421301571748381e52
1.9881526742501227e52
1.7195726449262046e52
1.191631552046941e52
1.5255065816606942e52
1.9374402239507305e52
3.9409700115856625e52
3.090566666126105e52
3.0125333021112056e52
1.9301579850760857e52
1.4999340855326456e52
3.6561304053134217e52
1.2476439756172165e52
1.7941317474701745e52
1.6350326904775687e52
1.603689056724656e52
5.613150656418875e52
2.422651469497185e52
3.5523314499006836e52
3.457719209971356e52
1.5638361587560104e52
2.2602205085008587e52
4.0707315539695173e52
9.293647415842463e51
1.8108128189819798e52
1.5714959170390401e52
1.241081208254868e52
3.692763019198745e52
2.0515861722973943e52
1.519909940437327e52
9.291499582264189e51
4.6758099855972286e52
1.6129622947419904e52
1.964403280511363e52
7.767186623139981e51
2.2600524930203896e52
2.247399030233211e52
2.1481336950741253e52
3.7600529455160385e52
2.2112309092330412e52
4.7434730470173257e52
1.0339690414452683e52
2.5924611350228393e52
1.5348951210192277e52
1.7100047618412865e52
9.387809885368572e51
3.3270656462434585e52
2.857638193755299e52
3.964750259096121e52
1.3893376694206216e52
1.6965192435635534e52
8.149191822861332e51
2.1045710224317497e52
1.8870823753153166e52
2.9190909524416657e52
2.706153949428265e52
2.3257564305483344e52
2.8917475118605687e52
2.636202062695407e52
2.1930140635839834e52
1.330947582735946e52
1.4731976917912784e52
7.661062233497534e51
1.2707217505253363e52
1.377172244168964e52
2.423047210307319e52
5.1075171279958295e51
2.759985511785132e52
6.170111123831431e52
2.0539700467185374e52
1.6671590476104317e52
3.141888551586702e52
1.3440358060791205e52
2.313045791417126e52
1.440785908189399e52
2.7647928863643983e52
1.4389366534790369e52
8.172579252071153e51
1.5010372217250964e52
2.2688836791651875e52
2.34048696043322e52
2.1611736861687352e52
1.9030995963708075e52
1.6313433450718924e52
1.2351745484035066e52
9.540305464627939e51
1.2074046246436973e52
3.0917845245925335e52
3.4798780982323886e52
1.0463547925794514e52
3.246462633623749e52
3.059985459749182e52
1.3693540667003581e52
1.6048796359450417e52
3.865020528007438e52
8.971766856664741e51
2.4480927203209554e52
2.5254465602241734e52
3.0836145385691314e52
1.2372390203297665e52
2.850006826348207e52
1.2281794364804326e52
1.4634716611605318e52
1.2934058665040378e52
9.165709895705618e52
1.7237260651686307e52
2.058066511194403e52
1.3443629404194188e52
4.241132106120098e52
2.790242253407326e52
3.51777738532214e52
2.514154364305071e52
3.332617952613345e52
2.719056215072208e52
2.0236634464007866e52
2.696518455245222e52
1.7075170983646782e52
1.4765425466044329e52
3.974484179982279e52
1.6158566263355395e52
1.7882818725743828e52
1.47584999205229e52
2.0955068768866307e52
3.754041719595157e52
1.5147264925865086e52
3.3383527029242425e52
1.4876451157865504e52
1.547121312416866e52
3.0382123275067153e52
2.1810909168997106e52
2.413031701886886e52
1.0355544754985094e52
2.3814164355476707e52
3.055196410674388e52
1.5780874804645413e52
1.8847289480297903e52
1.6371844958920117e52
3.8860170442969796e52
2.8020721979759376e52
1.3917807224480757e52
2.236543814740435e52
1.4434052976013447e52
4.37363360046166e52
2.1112432905796586e52
4.2323942203998355e52
5.605858449473888e52
2.1825889952643432e52
1.2214362191180814e52
9.294068647082771e51
2.363150510806019e52
1.3628489035158783e52
1.7048861469357432e52
1.3847990453903542e52
1.1915729703961261e52
1.5707641970949105e52
1.1963884279017785e52
1.875639769594351e52
2.118983208247919e52
1.0868681940046853e52
4.5533849167638995e52
2.0352932626513037e52
1.352049336465568e52
3.013267814200805e52
3.1322755144493013e52
2.2059464147899214e52
1.6045587300513472e52
3.477666483795443e52
1.6579490255581116e52
2.1180426836341466e52
2.8684554128850215e52
9.269872698142264e51
2.7608004875836787e52
1.7932886380987828e52
9.421951908680206e51
3.742818465730732e52
2.906073807234893e52
1.020877909356417e52
1.3161723441784603e52
2.2973786172883005e52
2.431392078745977e52
1.8093848316739034e52
7.354289651149514e52
1.626264267282238e52
1.183294840183991e52
2.7372285160210127e52
4.881394649068586e52
1.30204589795651e52
5.040293825271707e51
2.1418208882591867e52
1.866616976373228e52
1.4064762800561767e52
1.6811272771965775e52
2.731444850727939e52
1.6157551831430663e52
1.3882043962640718e52
1.2336767080134437e52
3.6423793944575643e52
1.5628037900060696e52
3.167006628709641e52
3.171484630363197e52
1.8100760109589908e52
2.5849957468558077e52
8.244723910080242e51
1.9761257115928781e52
3.7423351641036925e52
3.25997065375604e52
2.898534865814716e52
1.3345710338413046e52
1.1331096217697133e52
1.5127406319448179e52
2.0576270119839208e52
1.3788323677712918e52
2.4083034896826404e52
2.3679172635898305e52
1.9004623645288967e52
3.251146808882811e52
2.6247173433915364e52
1.4876280180610025e52
2.2596129434489592e52
1.08191536372478e52
6.2881261466817e52
4.361133041254106e52
1.230160572591285e52
2.1438045307707437e52
1.7982904607401883e52
1.657101178423975e52
1.9232436148909474e52
2.634731629564951e52
2.1126876995590346e52
1.6415612288403853e52
2.2480081465052541e52
1.353232641313935e52
1.427902271719383e52
1.8034681308985208e52
3.794781815060604e52
2.2223409372841583e52
5.10197847285068e52
1.6959932312316144e52
2.0780680482929756e52
3.034849880601948e52
8.400381170997472e51
1.0415367475298056e52
1.2723477133931817e52
2.3648056454893726e52
4.4969768489315237e52
2.0526669168086453e52
1.9489599613177742e52
2.060553819172363e52
3.6039920882340144e52
2.4032723449545566e52
2.4807130289000815e52
1.809479979912651e52
2.5929145558917186e52
1.690905809927646e52
2.191847156043106e52
3.5379319132623625e52
5.7366016825906446e51
1.97057170529629e52
1.1270629377658807e52
1.7183306297658115e52
9.507338877591256e52
2.8008180472288115e52
1.8260275896698334e52
1.6669135753057405e52
3.017566059287764e52
1.6950915200997818e52
1.198240038231088e52
1.13899061307875e52
3.7598220683197384e52
1.1137893946420039e52
1.3902601282895917e52
2.0103378217737618e52
2.6189143392692727e52
2.904689117672023e52
1.5155320124505948e52
1.8876885009941635e52
1.7233704903120453e52
7.717561405035067e51
1.6904411097224227e52
1.2918921272297152e52
3.5610202404720725e52
2.1685036265640234e52
2.3292566322248437e52
1.3169522504306162e52
1.637320505705972e52
2.2891011180383173e52
9.471245773191393e51
4.550668293464542e52
1.9067852459085415e52
2.0422686489487414e52
1.4174398911571574e52
2.531802061914176e52
5.686927037065469e52
1.3261355137868613e52
4.006052860605062e52
2.8498251044173554e52
1.50192896976853e52
1.5589821191742099e52
2.5061245065906884e52
2.459668328771525e52
1.5786181645213037e52
1.9169561623677314e52
1.3332248529037267e52
1.3036006024407762e52
2.6349065334552176e52
3.036993087735513e52
2.5807267254398623e52
1.5248471285018175e52
1.4891338804788383e52
1.8312210419031606e52
2.9914768125078996e52
2.3533718306731224e52
5.550024888748725e52
3.697603819450211e52
2.198273175534076e52
2.6333433205237915e52
2.667643006440887e52
1.5056765910095945e52
5.267411230009872e52
2.9938348670246986e52
2.1707533442993195e52
1.0765700704292268e52
1.321655518798171e52
1.5715266362585397e52
2.266966347178252e52
1.3641083027509465e52
1.2639989644419538e52
1.1227292977828281e52
2.577981877964424e52
4.790522975707267e52
1.2127808004487356e52
2.1081226210666194e52
8.702009249498445e51
2.2608476726570294e52
3.361135124006634e52
2.485209296959244e52
2.091918130993619e52
2.2334449432702382e52
3.153440878858978e52
3.6468651070021335e51
3.488504421066094e52
2.2687469693561454e52
5.788416535954772e52
2.094565473213796e52
2.0873507163968406e52
3.8359089721086505e52
3.3321716668190095e52
1.8551082264842757e52
1.5805667303095853e52
2.856839572671306e52
2.2635866929206662e52
3.5784543218832553e52
3.5867588536787644e52
2.9646668062277896e52
2.0387097262956768e52
3.070517293217933e52
2.1271227528069215e52
1.5295177945318692e52
2.1872975311004967e52
1.301944822064784e52
3.497365114951928e52
2.451256726403507e52
1.6977291065138285e52
3.9417841908717443e52
3.402187742863659e52
1.4893349014457995e52
1.2178427346549443e52
1.4417565455529745e52
4.061783598707778e52
1.929418345864713e52
2.3184055909003399e52
8.1151216548565e51
4.735973581110052e52
1.8693483153311754e52
9.831688479283203e51
1.7136939312119303e52
2.0039781985619056e52
3.1656154817131194e52
4.142663988181894e52
1.240350087182845e52
3.8869216354706254e52
1.76493064861498e52
1.9191824735889957e52
3.852586943673257e52
1.3582297393246344e52
2.83080982423912e52
9.577562881756335e51
6.858799805004614e51
1.479034070373604e52
3.3851181778778623e52
3.109833611930923e52
2.001146989920031e52
1.813194902558992e52
2.6197505110551685e52
2.7406445911105004e52
1.1625865969114157e52
1.68079098423648e52
2.3680182750675245e52
2.463885344902109e52
3.049097887186906e52
6.943007801464039e51
1.7452442947495932e52
1.4094311126470902e52
2.892772366151024e52
1.0424052038046927e52
1.1870865167590634e52
2.315699004562729e52
3.082397927072568e52
3.726416261039376e52
2.839656397292822e52
