151.0
138.0
198.0
176.0
191.0
178.0
166.0
158.0
170.0
143.0
142.0
187.0
155.0
151.0
166.0
166.0
162.0
188.0
163.0
205.0
184.0
147.0
170.0
178.0
151.0
190.0
164.0
137.0
178.0
138.0
119.0
170.0
142.0
207.0
142.0
138.0
138.0
142.0
142.0
114.0
178.0
168.0
205.0
119.0
168.0
188.0
124.0
163.0
182.0
142.0
174.0
174.0
157.0
163.0
158.0
195.0
163.0
168.0
142.0
163.0
188.0
199.0
173.0
153.0
191.0
186.0
162.0
177.0
148.0
181.0
161.0
181.0
188.0
155.0
148.0
138.0
162.0
213.0
145.0
166.0
138.0
166.0
127.0
145.0
205.0
193.0
166.0
138.0
182.0
168.0
177.0
161.0
178.0
187.0
143.0
168.0
174.0
170.0
161.0
177.0
164.0
145.0
161.0
166.0
170.0
205.0
138.0
186.0
124.0
142.0
161.0
164.0
114.0
195.0
124.0
199.0
170.0
193.0
152.0
161.0
190.0
155.0
205.0
153.0
190.0
161.0
172.0
119.0
157.0
224.0
177.0
161.0
207.0
127.0
188.0
141.0
198.0
161.0
163.0
151.0
161.0
190.0
161.0
138.0
127.0
138.0
178.0
207.0
195.0
190.0
187.0
124.0
163.0
143.0
172.0
161.0
157.0
199.0
199.0
147.0
205.0
205.0
178.0
114.0
188.0
173.0
182.0
178.0
142.0
157.0
138.0
188.0
151.0
168.0
177.0
168.0
168.0
173.0
195.0
190.0
174.0
188.0
119.0
182.0
205.0
205.0
158.0
161.0
166.0
173.0
166.0
213.0
170.0
164.0
178.0
187.0
153.0
168.0
151.0
213.0
155.0
213.0
187.0
142.0
131.0
170.0
161.0
173.0
178.0
124.0
207.0
187.0
137.0
174.0
166.0
166.0
142.0
163.0
174.0
178.0
137.0
174.0
168.0
141.0
161.0
187.0
148.0
166.0
131.0
190.0
166.0
143.0
124.0
174.0
164.0
152.0
168.0
157.0
148.0
143.0
119.0
161.0
168.0
164.0
181.0
142.0
147.0
161.0
187.0
164.0
152.0
168.0
190.0
190.0
138.0
207.0
127.0
174.0
213.0
138.0
205.0
166.0
119.0
162.0
188.0
161.0
147.0
176.0
166.0
195.0
199.0
170.0
161.0
141.0
181.0
193.0
213.0
213.0
142.0
193.0
151.0
157.0
213.0
142.0
207.0
138.0
157.0
117.0
170.0
182.0
138.0
138.0
142.0
166.0
127.0
205.0
191.0
172.0
119.0
164.0
177.0
138.0
191.0
207.0
124.0
178.0
188.0
205.0
124.0
182.0
161.0
166.0
184.0
188.0
199.0
198.0
191.0
177.0
205.0
181.0
166.0
178.0
170.0
168.0
177.0
199.0
178.0
188.0
141.0
168.0
161.0
205.0
117.0
142.0
153.0
148.0
207.0
174.0
117.0
145.0
163.0
182.0
157.0
172.0
145.0
190.0
166.0
141.0
166.0
124.0
174.0
181.0
195.0
189.0
188.0
163.0
213.0
205.0
155.0
151.0
157.0
142.0
166.0
189.0
147.0
178.0
163.0
153.0
143.0
191.0
189.0
157.0
138.0
207.0
142.0
137.0
172.0
170.0
161.0
168.0
188.0
143.0
131.0
190.0
174.0
199.0
151.0
138.0
170.0
163.0
188.0
138.0
157.0
163.0
142.0
166.0
184.0
138.0
155.0
142.0
155.0
143.0
207.0
141.0
195.0
166.0
170.0
138.0
207.0
131.0
205.0
153.0
163.0
213.0
143.0
188.0
137.0
177.0
142.0
168.0
195.0
137.0
195.0
199.0
199.0
166.0
138.0
172.0
177.0
157.0
151.0
174.0
158.0
166.0
195.0
199.0
207.0
143.0
151.0
187.0
170.0
178.0
166.0
205.0
163.0
164.0
205.0
207.0
138.0
187.0
142.0
143.0
166.0
147.0
193.0
163.0
166.0
117.0
163.0
114.0
166.0
127.0
124.0
190.0
176.0
145.0
195.0
178.0
190.0
151.0
137.0
178.0
199.0
143.0
170.0
190.0
178.0
168.0
170.0
195.0
161.0
174.0
190.0
172.0
172.0
205.0
162.0
190.0
162.0
195.0
138.0
138.0
168.0
163.0
190.0
157.0
131.0
174.0
127.0
178.0
166.0
205.0
177.0
178.0
157.0
178.0
119.0
205.0
148.0
157.0
127.0
143.0
142.0
157.0
190.0
199.0
138.0
163.0
142.0
163.0
138.0
205.0
174.0
188.0
155.0
199.0
178.0
172.0
145.0
199.0
119.0
181.0
188.0
163.0
142.0
207.0
141.0
178.0
188.0
137.0
182.0
148.0
164.0
163.0
205.0
161.0
170.0
177.0
178.0
127.0
138.0
207.0
178.0
164.0
151.0
158.0
177.0
170.0
163.0
163.0
195.0
153.0
190.0
199.0
157.0
117.0
191.0
119.0
198.0
163.0
148.0
181.0
153.0
163.0
153.0
177.0
117.0
191.0
188.0
168.0
174.0
207.0
138.0
153.0
195.0
199.0
170.0
127.0
163.0
141.0
188.0
162.0
131.0
188.0
170.0
189.0
166.0
153.0
213.0
117.0
162.0
205.0
161.0
168.0
207.0
131.0
161.0
157.0
145.0
170.0
188.0
181.0
119.0
188.0
163.0
177.0
163.0
138.0
163.0
142.0
142.0
147.0
143.0
168.0
182.0
161.0
137.0
153.0
174.0
178.0
127.0
224.0
157.0
174.0
173.0
170.0
190.0
153.0
190.0
193.0
177.0
189.0
190.0
186.0
153.0
174.0
174.0
141.0
166.0
191.0
166.0
173.0
138.0
187.0
174.0
172.0
177.0
173.0
207.0
143.0
117.0
163.0
190.0
168.0
151.0
188.0
188.0
174.0
162.0
199.0
157.0
157.0
117.0
142.0
164.0
142.0
176.0
163.0
189.0
137.0
153.0
189.0
205.0
153.0
178.0
157.0
155.0
187.0
172.0
173.0
174.0
164.0
163.0
141.0
158.0
198.0
114.0
186.0
181.0
170.0
213.0
143.0
207.0
127.0
213.0
143.0
207.0
151.0
198.0
177.0
161.0
157.0
155.0
189.0
168.0
187.0
193.0
205.0
151.0
151.0
142.0
174.0
170.0
199.0
205.0
207.0
158.0
166.0
205.0
166.0
155.0
153.0
142.0
188.0
158.0
168.0
178.0
152.0
191.0
127.0
147.0
168.0
205.0
151.0
207.0
142.0
158.0
182.0
195.0
198.0
170.0
161.0
163.0
161.0
142.0
199.0
191.0
188.0
127.0
155.0
147.0
195.0
177.0
143.0
190.0
145.0
172.0
168.0
170.0
189.0
172.0
164.0
190.0
177.0
157.0
187.0
157.0
124.0
178.0
138.0
188.0
148.0
166.0
157.0
151.0
207.0
207.0
166.0
157.0
151.0
190.0
195.0
142.0
163.0
138.0
127.0
163.0
143.0
151.0
151.0
173.0
138.0
205.0
177.0
191.0
213.0
143.0
199.0
142.0
189.0
168.0
127.0
174.0
141.0
151.0
213.0
164.0
168.0
207.0
161.0
184.0
177.0
189.0
138.0
172.0
138.0
190.0
164.0
143.0
162.0
177.0
189.0
138.0
213.0
158.0
137.0
163.0
119.0
164.0
181.0
187.0
138.0
172.0
138.0
138.0
170.0
168.0
188.0
191.0
181.0
138.0
119.0
166.0
157.0
114.0
157.0
143.0
142.0
182.0
151.0
166.0
145.0
205.0
155.0
189.0
174.0
124.0
193.0
119.0
127.0
188.0
188.0
178.0
173.0
141.0
207.0
168.0
163.0
170.0
189.0
161.0
195.0
151.0
151.0
213.0
161.0
224.0
162.0
168.0
189.0
170.0
205.0
141.0
177.0
142.0
182.0
187.0
170.0
148.0
151.0
188.0
170.0
155.0
173.0
195.0
199.0
176.0
199.0
178.0
166.0
178.0
205.0
166.0
184.0
161.0
205.0
181.0
176.0
151.0
191.0
148.0
174.0
187.0
166.0
207.0
188.0
190.0
142.0
142.0
142.0
205.0
207.0
168.0
199.0
151.0
182.0
166.0
170.0
182.0
143.0
189.0
138.0
186.0
174.0
170.0
166.0
153.0
166.0
205.0
182.0
138.0
163.0
177.0
172.0
157.0
188.0
207.0
170.0
161.0
124.0
187.0
142.0
198.0
166.0
138.0
142.0
188.0
205.0
207.0
166.0
124.0
166.0
137.0
143.0
166.0
151.0
162.0
170.0
173.0
198.0
131.0
177.0
199.0
151.0
114.0
157.0
117.0
205.0
142.0
170.0
199.0
178.0
176.0
178.0
168.0
187.0
198.0
177.0
138.0
170.0
