50954.0
47098.0
44249.0
48466.0
43955.0
42180.0
45802.0
48075.0
49229.0
46830.0
61994.0
67334.0
39508.0
56661.0
81847.0
35280.0
58456.0
32414.0
63130.0
44722.0
43334.0
38242.0
50684.0
36277.0
57240.0
74161.0
53886.0
35942.0
39180.0
68033.0
48569.0
56534.0
70916.0
60764.0
65517.0
43945.0
43370.0
67422.0
37436.0
45464.0
51739.0
78218.0
53732.0
60559.0
62558.0
45119.0
47280.0
30470.0
41566.0
55720.0
57282.0
49826.0
33947.0
40530.0
66572.0
49523.0
49215.0
43434.0
55354.0
64636.0
41667.0
76913.0
42971.0
65636.0
46977.0
49870.0
51504.0
66891.0
63813.0
58280.0
43564.0
60490.0
45284.0
60659.0
44620.0
55753.0
49236.0
51743.0
38803.0
61482.0
37175.0
68492.0
54357.0
44072.0
70485.0
67920.0
46156.0
60595.0
44494.0
41171.0
65026.0
33967.0
57691.0
63865.0
66619.0
54551.0
46498.0
56915.0
71235.0
57382.0
47490.0
54194.0
54818.0
45953.0
54355.0
37733.0
53292.0
56009.0
74724.0
39614.0
29916.0
53430.0
46760.0
77831.0
45071.0
45929.0
44926.0
30168.0
58903.0
69380.0
42742.0
46140.0
45326.0
59375.0
70150.0
50382.0
58338.0
60854.0
41558.0
65492.0
33704.0
61126.0
49484.0
77277.0
48706.0
45480.0
37776.0
45370.0
65796.0
66214.0
58782.0
63491.0
47866.0
56432.0
45512.0
39306.0
43830.0
63688.0
46437.0
36552.0
48070.0
47172.0
43444.0
40757.0
53256.0
73941.0
48350.0
56142.0
39424.0
38378.0
53600.0
46486.0
44990.0
50806.0
41126.0
56576.0
61950.0
50570.0
43988.0
62872.0
61267.0
51414.0
62857.0
54088.0
51681.0
71922.0
68294.0
42708.0
46608.0
40762.0
45357.0
42391.0
66555.0
43052.0
53277.0
55135.0
75319.0
55064.0
56094.0
62276.0
46826.0
72408.0
46209.0
60758.0
32386.0
49570.0
57913.0
38336.0
56092.0
40016.0
53118.0
48154.0
50640.0
41888.0
63188.0
56729.0
66243.0
52120.0
87418.0
61022.0
70003.0
35631.0
63131.0
79157.0
58580.0
68138.0
60448.0
46890.0
43016.0
56411.0
41530.0
41812.0
65292.0
71314.0
53167.0
36244.0
54688.0
57877.0
45186.0
61258.0
57547.0
58729.0
40887.0
50768.0
44683.0
68222.0
56116.0
60304.0
53670.0
45420.0
49673.0
47167.0
53802.0
58922.0
62884.0
48582.0
32180.0
54666.0
48412.0
45343.0
47326.0
54636.0
48472.0
60355.0
55344.0
55108.0
26660.0
37506.0
54224.0
56566.0
57756.0
44472.0
44993.0
54056.0
76580.0
47776.0
60686.0
59660.0
47946.0
78054.0
40563.0
44013.0
39876.0
52998.0
47083.0
42126.0
47521.0
56426.0
40968.0
51316.0
56144.0
46029.0
49477.0
35088.0
47128.0
44498.0
47704.0
43260.0
45428.0
65580.0
40922.0
60168.0
57540.0
52720.0
78252.0
53679.0
47284.0
43862.0
60711.0
56516.0
56401.0
49974.0
39050.0
49060.0
42467.0
41991.0
48496.0
40728.0
46767.0
43005.0
49577.0
61329.0
60531.0
36876.0
65184.0
55497.0
47720.0
65873.0
29099.0
69235.0
60233.0
48392.0
47328.0
39101.0
38901.0
55997.0
38677.0
54342.0
47597.0
57610.0
39768.0
41580.0
35890.0
39724.0
40321.0
53090.0
53191.0
63479.0
56923.0
57066.0
52316.0
54389.0
41124.0
48598.0
47150.0
45062.0
50243.0
74788.0
48340.0
64721.0
46550.0
73388.0
47305.0
49006.0
39784.0
43180.0
41446.0
76720.0
61972.0
44568.0
52717.0
37132.0
39466.0
55588.0
40486.0
56683.0
68661.0
48362.0
65519.0
55584.0
53113.0
39912.0
35168.0
41782.0
62056.0
46304.0
49158.0
55329.0
49812.0
53852.0
49474.0
39994.0
53478.0
51855.0
64591.0
59940.0
42380.0
45156.0
39593.0
36431.0
67601.0
55710.0
58290.0
52306.0
61656.0
40911.0
66363.0
51900.0
46183.0
41580.0
31330.0
56129.0
56672.0
36170.0
70658.0
58709.0
49484.0
62459.0
33246.0
54550.0
50343.0
55862.0
49957.0
43176.0
49240.0
48355.0
56097.0
50712.0
53712.0
46108.0
66215.0
38483.0
59664.0
34611.0
30784.0
51450.0
53370.0
53528.0
67623.0
38682.0
61413.0
54770.0
47023.0
32040.0
52192.0
47404.0
59086.0
73435.0
43450.0
38493.0
68216.0
51778.0
49488.0
39482.0
35238.0
40272.0
46510.0
57802.0
52960.0
47760.0
53966.0
42959.0
65188.0
56608.0
46922.0
34218.0
74956.0
62312.0
48129.0
39926.0
44872.0
46660.0
58986.0
41227.0
57560.0
53895.0
57276.0
84286.0
61982.0
62643.0
59592.0
43791.0
60423.0
52928.0
31066.0
55096.0
74749.0
39977.0
53254.0
68036.0
39155.0
63452.0
51664.0
46051.0
52697.0
82675.0
66668.0
46854.0
64414.0
46449.0
29642.0
46172.0
46439.0
35752.0
43372.0
31058.0
24326.0
42904.0
53690.0
43644.0
44664.0
50222.0
55522.0
43905.0
52900.0
38324.0
35162.0
59732.0
51390.0
47283.0
42372.0
36332.0
61833.0
58344.0
61530.0
55727.0
49095.0
52844.0
39624.0
53372.0
58632.0
62944.0
43526.0
55999.0
61014.0
50710.0
37565.0
38023.0
61634.0
49398.0
31564.0
67488.0
77620.0
61050.0
35195.0
53922.0
57456.0
51749.0
54375.0
68854.0
68921.0
49416.0
60095.0
53764.0
69012.0
57609.0
66900.0
45067.0
62476.0
35499.0
43518.0
45151.0
53439.0
42035.0
58036.0
39038.0
67150.0
41740.0
64287.0
41953.0
77629.0
43329.0
60443.0
51437.0
70047.0
45788.0
68219.0
82577.0
49912.0
54595.0
41661.0
46326.0
52774.0
52323.0
46938.0
70027.0
45867.0
55958.0
29620.0
35850.0
66731.0
47470.0
72034.0
39275.0
42570.0
49180.0
44680.0
42128.0
50399.0
70867.0
38766.0
52419.0
56188.0
54912.0
47834.0
59408.0
54955.0
48009.0
60195.0
39578.0
47005.0
53850.0
27757.0
48628.0
59540.0
58732.0
51718.0
40664.0
44640.0
51439.0
37388.0
48064.0
56420.0
44644.0
46640.0
34360.0
45152.0
45348.0
38818.0
52748.0
35552.0
48924.0
56006.0
60386.0
43064.0
60871.0
37776.0
70386.0
50728.0
48908.0
44048.0
55580.0
65186.0
64640.0
58742.0
42508.0
38534.0
60038.0
51922.0
44406.0
56232.0
41144.0
64186.0
49480.0
40137.0
42281.0
35629.0
61345.0
40372.0
35572.0
43261.0
33487.0
49319.0
38362.0
71670.0
38668.0
44602.0
42943.0
39604.0
43055.0
57304.0
35905.0
58136.0
36872.0
53498.0
51698.0
42236.0
84358.0
59604.0
50490.0
55096.0
37112.0
52739.0
69818.0
47324.0
78165.0
40485.0
56708.0
36652.0
75620.0
62536.0
43475.0
45216.0
54679.0
36071.0
39098.0
44551.0
71442.0
52405.0
52515.0
54775.0
40390.0
48508.0
38756.0
33904.0
62016.0
48618.0
47315.0
48452.0
62873.0
47590.0
60501.0
60648.0
34792.0
63086.0
35255.0
52397.0
43776.0
46439.0
61345.0
56010.0
52990.0
37580.0
30396.0
56698.0
50857.0
34596.0
48403.0
58201.0
50104.0
38250.0
38891.0
55984.0
54885.0
35485.0
40506.0
45923.0
63080.0
44487.0
47477.0
47828.0
58100.0
44238.0
32733.0
64799.0
71790.0
38804.0
49844.0
56350.0
45214.0
63380.0
45914.0
46528.0
38705.0
43320.0
41850.0
34778.0
53837.0
60030.0
65346.0
42840.0
45320.0
53998.0
42941.0
47079.0
68436.0
40560.0
45285.0
36888.0
59640.0
52682.0
32406.0
54089.0
39200.0
37456.0
32585.0
37412.0
58128.0
42855.0
48708.0
49538.0
53753.0
48520.0
32054.0
50436.0
63207.0
52638.0
61790.0
46108.0
43079.0
71204.0
55889.0
70619.0
55195.0
53211.0
56391.0
65481.0
37442.0
49695.0
43684.0
44697.0
45892.0
39555.0
46730.0
47582.0
51058.0
64758.0
52132.0
74232.0
59979.0
59368.0
64540.0
57060.0
31466.0
59912.0
51223.0
65776.0
50996.0
76096.0
56415.0
38197.0
54744.0
61201.0
52701.0
54227.0
50457.0
33981.0
42631.0
58957.0
30726.0
47796.0
47230.0
47560.0
41261.0
46136.0
64888.0
53379.0
34841.0
50283.0
48652.0
63286.0
48184.0
60785.0
60844.0
42935.0
49729.0
50992.0
50430.0
65348.0
52776.0
49287.0
68174.0
44885.0
57589.0
51192.0
48091.0
72460.0
38784.0
38830.0
37605.0
40807.0
38800.0
47608.0
58947.0
52478.0
66036.0
46460.0
41169.0
44645.0
48263.0
60109.0
51733.0
77194.0
51133.0
49076.0
52055.0
52320.0
56522.0
48810.0
53210.0
62150.0
59841.0
41890.0
23014.0
40960.0
74870.0
65083.0
54469.0
42992.0
59522.0
38923.0
53183.0
37408.0
60760.0
34579.0
47214.0
58521.0
52163.0
46044.0
45425.0
36030.0
50964.0
49086.0
55074.0
51717.0
50322.0
41529.0
57474.0
70519.0
47435.0
53551.0
49762.0
59382.0
49292.0
56568.0
55372.0
60341.0
40559.0
58931.0
77565.0
44944.0
37936.0
64123.0
52367.0
51051.0
46776.0
61462.0
77916.0
36370.0
44804.0
71637.0
47660.0
65780.0
39535.0
55742.0
52280.0
48009.0
49304.0
53166.0
76100.0
52678.0
54627.0
33706.0
52534.0
49442.0
48115.0
36008.0
54721.0
48408.0
70827.0
44162.0
47289.0
50832.0
51013.0
34913.0
45330.0
56754.0
43947.0
44014.0
39881.0
47962.0
47210.0
48735.0
46815.0
67933.0
70239.0
39048.0
47607.0
55406.0
64154.0
58817.0
40750.0
67347.0
44920.0
35304.0
50277.0
73940.0
66953.0
67746.0
65271.0
64968.0
56922.0
55377.0
70797.0
46300.0
47734.0
53761.0
39777.0
57186.0
43913.0
50968.0
49256.0
29088.0
56636.0
50606.0
63959.0
44166.0
58406.0
46909.0
49842.0
55706.0
38399.0
60692.0
44168.0
46490.0
37780.0
55552.0
38653.0
79864.0
50582.0
