1.5993452509e10
1.28376357e10
1.6448645682e10
2.2694134512e10
2.7900588768e10
1.745186517e10
1.5997912847e10
1.1153981635e10
2.0928832608e10
1.5982252606e10
1.9573561868e10
1.4400265468e10
1.2684853428e10
2.2883246472e10
2.882608486e10
1.8401756516e10
1.1322112941e10
7.679591539e9
1.4972792008e10
1.0486114179e10
1.121786473e10
1.5136449566e10
1.787991707e10
1.4933735409e10
1.1007606536e10
7.523109204e9
9.231265254e9
1.230898957e10
1.338863659e10
1.922901658e10
1.4258076364e10
1.0451264768e10
1.0463212799e10
9.281414998e9
2.0247244212e10
1.4965593827e10
1.4565781148e10
8.549465217e9
1.027328676e10
1.3039795124e10
1.625336445e10
1.0417527136e10
1.5028877883e10
2.0415639345e10
7.861894308e9
1.8006365978e10
9.692755794e9
1.4284804738e10
1.0168478863e10
1.0169636296e10
1.7801892414e10
9.258088398e9
1.260433686e10
2.0778721833e10
1.404568278e10
1.638914521e10
1.5428364946e10
2.7884387234e10
1.355875089e10
7.707926302e9
1.6373926772e10
9.487124749e9
1.6464883581e10
1.1461407442e10
2.1882240047e10
1.7384542271e10
1.2463238986e10
7.896718678e9
2.2151620288e10
1.5809867796e10
1.981641108e10
1.0976320772e10
1.0971653093e10
1.0739115396e10
1.1310025118e10
1.5752260424e10
1.5422944734e10
1.5060843718e10
1.403817321e10
1.0221556453e10
1.248315611e10
1.217765028e10
1.2239953972e10
1.1108963994e10
1.4125398425e10
2.2934836809e10
1.0335501881e10
1.1679093453e10
1.4057153382e10
1.2615769164e10
1.1818085904e10
2.0620008444e10
1.3748588078e10
1.485096479e10
1.8158898055e10
1.0731610619e10
7.475039249e9
7.776534248e9
1.0363140723e10
1.0905248355e10
1.5383787436e10
2.0776376272e10
1.6062245818e10
1.8174420065e10
1.7162042122e10
1.3748270918e10
1.2824527469e10
1.5556079184e10
1.1022037849e10
1.7382978404e10
1.1793460934e10
2.0784201381e10
7.724089466e9
1.573535639e10
2.1326720994e10
1.1197091339e10
5.80956798e9
1.6278913436e10
1.7726906245e10
1.123885791e10
1.0415821748e10
1.0685654734e10
1.4157464308e10
1.615625653e10
1.8029063365e10
1.081830602e10
8.5148379e9
1.895883283e10
9.967091359e9
1.3871298492e10
2.1780810228e10
1.2329408258e10
1.4975630302e10
8.197841744e9
1.077433306e10
1.9514818368e10
1.0227712712e10
1.500044157e10
2.4524694871e10
1.4343419574e10
1.0135313144e10
1.1170761178e10
1.5334115396e10
9.29231632e9
8.588225104e9
8.744211874e9
1.5929385839e10
1.6800386018e10
1.619991871e10
1.9845303226e10
1.1727854197e10
1.0936873356e10
1.7553839741e10
1.1864730886e10
1.671089231e10
1.47336206e10
1.615364022e10
1.8309085187e10
1.4794911891e10
6.862453231e9
7.748551178e9
1.3887171523e10
9.527987802e9
1.2835781692e10
1.5402432922e10
1.0005422924e10
9.938218618e9
8.556640249e9
1.3974913796e10
1.1459839819e10
8.116092434e9
1.8807747508e10
1.9133530093e10
1.0083881841e10
1.2199814286e10
1.6221724806e10
1.487919619e10
1.8924670548e10
9.20396865e9
9.952940597e9
1.3920181344e10
1.4244499914e10
1.7618837202e10
1.3421657217e10
9.82862529e9
1.680089648e10
1.4968821426e10
1.4968659005e10
9.349374963e9
1.1080744e10
1.4999529337e10
8.14408358e9
1.5930661927e10
7.638632359e9
1.0292984077e10
1.5097544992e10
1.3002997058e10
1.4219448271e10
1.6213768094e10
1.3396133748e10
1.2626734842e10
1.7151482486e10
1.4572143678e10
1.4396018214e10
1.0074207372e10
9.5213487e9
1.0891470834e10
1.0614708746e10
1.4551390532e10
1.0447949185e10
1.5139579762e10
1.1682744749e10
1.6606318376e10
1.5538546214e10
1.410522795e10
1.3886827515e10
1.5779956623e10
1.282083789e10
1.4972900816e10
1.4123909068e10
2.0946139712e10
8.758069723e9
1.3765561196e10
1.2347696828e10
1.0553634014e10
1.8302546277e10
1.6956668468e10
1.2547784603e10
1.1935243046e10
1.1059369886e10
8.261542797e9
1.1642597475e10
1.5533642567e10
1.0906066888e10
1.1885100705e10
2.0018594098e10
1.4142507402e10
9.622338187e9
1.7334505965e10
1.967749024e10
1.0251740014e10
1.3393857068e10
1.6383702317e10
1.6311136171e10
1.5321434399e10
1.7786980329e10
1.5732876887e10
1.5958037499e10
1.7339784696e10
8.672778921e9
1.9718742604e10
1.076522762e10
9.710687404e9
1.4507305846e10
9.96805244e9
1.1482177492e10
7.995564831e9
1.9996871365e10
1.9190420691e10
1.0912508406e10
1.3015782744e10
8.023468536e9
1.0846999676e10
1.5921050459e10
1.1006691833e10
1.8143037462e10
1.1426064372e10
1.2494505374e10
1.2716367164e10
7.84663167e9
1.5605472488e10
1.5170554674e10
1.1592313285e10
1.2220519616e10
1.5664868375e10
1.7360891212e10
1.2077596856e10
8.45592283e9
1.0041677016e10
1.0961704475e10
1.4767697271e10
1.660810844e10
1.4286698274e10
1.2127058899e10
1.5308321189e10
1.0115051078e10
9.318528358e9
1.2867034987e10
1.1735393012e10
9.378302522e9
1.0768169851e10
1.9847179289e10
1.7132532548e10
1.9584669632e10
1.4157383836e10
1.0590861082e10
1.4743538232e10
1.4533116365e10
1.821171999e10
9.539632114e9
1.2086927528e10
1.3285297058e10
2.6764644744e10
1.1236506223e10
1.2571109712e10
1.7030198771e10
1.2801752424e10
1.6474998866e10
2.070446257e10
9.422550626e9
8.96366597e9
1.2574918887e10
1.4912272296e10
1.2582289182e10
1.2457158316e10
1.9066524858e10
1.7890763094e10
1.0790132306e10
1.8226112016e10
1.0384149967e10
1.0680248437e10
1.3693177591e10
9.861091976e9
8.878779338e9
2.4045746662e10
8.438488964e9
1.1742947172e10
1.4269670643e10
1.5938920246e10
1.1282826849e10
1.7426059699e10
1.1732019202e10
1.6476202144e10
2.3722045089e10
1.1480918624e10
1.6000039756e10
1.5520924488e10
1.6351530363e10
1.457335828e10
1.2888520638e10
7.759296816e9
1.0712062518e10
1.1985774449e10
1.189145545e10
1.4308851504e10
1.332714679e10
9.89121201e9
1.2249783924e10
1.1002681375e10
1.7495567894e10
1.5381214686e10
1.2052410437e10
1.3839188914e10
1.0991195459e10
1.1169475488e10
2.063506946e10
1.3966474248e10
6.599994627e9
1.5819451683e10
1.2162989654e10
1.6028561509e10
1.3743330564e10
7.200707332e9
2.3073496715e10
1.1323727148e10
1.5665628414e10
2.1503172924e10
1.9818671759e10
1.3793763779e10
1.2684433722e10
9.723251349e9
1.7103550169e10
1.0151967685e10
2.2689573868e10
1.7096404324e10
1.1551000104e10
2.1303365761e10
1.0559531844e10
2.8437337585e10
1.8325703427e10
1.181378638e10
1.715502278e10
1.5510010347e10
1.5355852884e10
2.0317768388e10
1.4319234404e10
1.2982138534e10
1.6772365187e10
1.5523522876e10
1.2940847938e10
1.3864664328e10
1.4416305396e10
1.052045379e10
1.0612618568e10
1.0673540446e10
1.9668701795e10
1.1124884922e10
1.4018622508e10
1.668511259e10
1.6495620412e10
1.4268653906e10
1.5693494272e10
1.771536145e10
1.306968113e10
9.734876415e9
1.9697532528e10
1.9916343897e10
1.0218063045e10
8.71144999e9
1.4576417638e10
1.2184753419e10
1.5477328131e10
7.313335065e9
2.1926881089e10
1.1430948118e10
1.4227011647e10
9.283507915e9
1.7562468782e10
1.6833179283e10
7.059892655e9
8.85441027e9
1.0043538638e10
1.6911219384e10
1.2819703851e10
1.3052829966e10
1.5468706828e10
1.9783863645e10
1.160226072e10
1.7717991882e10
1.0328977184e10
1.6288688024e10
1.6268560246e10
1.2422036054e10
1.1166244819e10
1.8730106644e10
1.0914153198e10
1.6653127523e10
8.770888912e9
2.1650515011e10
2.9411943632e10
9.415960396e9
1.0438096688e10
2.3259709646e10
1.3217306227e10
1.3366398782e10
8.845701425e9
8.673207557e9
1.0906592096e10
1.4410139588e10
8.577277258e9
1.3268174677e10
1.6354731598e10
1.350642923e10
1.347611633e10
1.7513300556e10
1.5215876416e10
1.6415011204e10
1.9366860514e10
2.066678143e10
1.136342973e10
1.4852710739e10
1.2466555176e10
1.1377461828e10
1.0720165339e10
1.2933260164e10
1.4494810994e10
2.0133138187e10
1.2342312192e10
2.213592522e10
1.2610368404e10
9.651499372e9
1.9128615575e10
1.3181625034e10
1.1167545067e10
1.3154761596e10
1.1648772916e10
1.8991408987e10
7.284102171e9
1.616906975e10
1.4790074743e10
1.7563830098e10
1.6417678944e10
1.2294032471e10
2.0365688384e10
1.4823974932e10
1.033074745e10
1.4322486322e10
9.879809529e9
1.3131082697e10
1.5350491623e10
1.107835024e10
1.0186701221e10
1.3678652412e10
1.9813723788e10
1.5471440256e10
1.176781932e10
1.6321288977e10
1.441288789e10
9.815876275e9
1.6621687758e10
8.577044175e9
8.496643493e9
1.4990627028e10
1.0236862384e10
1.0410315855e10
1.9736223496e10
1.3420594708e10
1.2583486296e10
1.6919552152e10
1.7961993339e10
1.4635154259e10
9.087222187e9
2.0864723604e10
1.4744521092e10
1.0788279248e10
1.2440609907e10
1.3301047774e10
7.326156642e9
1.2410512717e10
1.3197690963e10
1.0927078417e10
1.2988488336e10
1.3009838682e10
2.1088623199e10
8.132660356e9
1.5182563537e10
1.7208557961e10
1.3511901446e10
7.447139235e9
1.8326306386e10
5.587857744e9
1.4776895826e10
1.4400275594e10
1.6917098639e10
1.4774017481e10
1.229034027e10
1.3434939288e10
1.2642634593e10
1.5028907471e10
1.1033651609e10
1.2267629501e10
1.0899045192e10
1.0645015482e10
1.6078445828e10
1.4063920334e10
1.2003077428e10
1.1261978133e10
7.586106768e9
2.3059854064e10
1.0181019963e10
9.575421411e9
1.0191734154e10
1.4686760079e10
1.2315763083e10
2.2758273238e10
8.954168066e9
1.7248585303e10
2.9260747893e10
2.1698418024e10
2.4138234848e10
1.6276998714e10
9.47124827e9
1.6628326345e10
1.4126301282e10
1.0605879544e10
1.4331289396e10
1.2534787816e10
1.3588551939e10
1.502821699e10
1.1652717843e10
1.5805837469e10
1.6294244333e10
1.6491185831e10
1.4115702204e10
9.106625788e9
9.379554062e9
1.0969265191e10
1.7292646982e10
8.233474933e9
9.843271248e9
1.3152371582e10
9.110459273e9
6.723581166e9
1.3484144337e10
1.8443407508e10
1.1865265845e10
1.6739169918e10
1.0364507637e10
1.9155152151e10
1.8023377377e10
1.8657731882e10
1.3974788191e10
2.774036684e10
1.9613325595e10
1.149352906e10
1.2471668115e10
1.5720210117e10
1.399172722e10
2.4936370684e10
1.97624377e10
1.1176290667e10
9.851789523e9
1.4321608622e10
1.3922592762e10
1.5834337664e10
1.2405858508e10
8.004157056e9
1.783347908e10
1.614228066e10
2.0302750459e10
1.4252590944e10
1.6931523072e10
8.293896088e9
1.3402249886e10
1.7359469364e10
1.2657873687e10
9.860256087e9
1.6365696455e10
1.2586417665e10
1.0467960526e10
9.323028811e9
7.682292993e9
1.4075341702e10
1.0189994641e10
1.541336198e10
1.4476245624e10
1.9102914358e10
1.2667238071e10
1.2150975596e10
1.3756394069e10
7.520332142e9
1.3830756687e10
2.3205550692e10
9.288447558e9
1.8687826654e10
1.3821535072e10
1.8911329358e10
2.0657809666e10
9.78263072e9
7.634780974e9
1.384249583e10
8.543718793e9
1.1181584248e10
1.205729459e10
1.4051215595e10
1.1024406444e10
1.2222954012e10
1.3021812563e10
1.5553118112e10
1.1137494537e10
1.1190611867e10
1.4960330296e10
2.175172008e10
1.9133655212e10
8.952305946e9
3.2035478958e10
1.9671744775e10
1.246458466e10
1.1733862884e10
5.925284894e9
1.0212531992e10
1.2661533556e10
8.278001928e9
1.4447926204e10
1.0398562977e10
6.663405466e9
1.5308267158e10
9.018963854e9
1.8169572114e10
1.4085936802e10
1.300891386e10
1.4837433764e10
1.3551171073e10
1.1187026879e10
1.6560196091e10
7.820992017e9
2.1146745729e10
1.3029863752e10
1.7467846481e10
1.3183962529e10
1.1549711051e10
8.541144189e9
1.3262198719e10
1.496487697e10
1.229674694e10
1.1394439666e10
1.2393141759e10
7.87147884e9
1.3185685017e10
7.078838786e9
1.0515898217e10
1.0599275511e10
1.5662607107e10
1.5133988182e10
1.3318144756e10
1.194588893e10
1.5473929212e10
2.0381844638e10
1.3497029518e10
1.2325938831e10
1.0812869593e10
1.2839525606e10
1.1176241753e10
1.8947742265e10
1.0245008115e10
1.3109583516e10
1.0473537136e10
1.3681742885e10
5.64954038e9
2.0819318657e10
1.2760929178e10
1.2356729354e10
1.4899744168e10
1.922946301e10
1.9100995296e10
1.2125962222e10
1.7805088486e10
1.9123706928e10
1.164313194e10
1.7240537564e10
1.3098267366e10
1.6451508139e10
1.2472886906e10
1.4953006315e10
9.358118018e9
1.3020049286e10
1.9429805566e10
1.4975190973e10
1.4927486278e10
1.2730909413e10
2.2414322123e10
1.0874693424e10
1.6846109814e10
1.1647665382e10
1.4032629548e10
8.783422456e9
1.1033729163e10
1.3503592917e10
1.3017185511e10
1.9561312983e10
1.1893727919e10
2.7691493491e10
1.5662474676e10
1.4625100454e10
1.4703840022e10
1.0377809829e10
9.926934629e9
1.4013324796e10
1.5084271617e10
1.7567174448e10
1.1534411304e10
1.1023154528e10
7.79092844e9
1.027231352e10
1.1474018908e10
7.242148201e9
1.3327275344e10
1.3720518399e10
1.8565731017e10
1.0464842009e10
1.3263217896e10
7.57040711e9
1.026424333e10
1.2896295498e10
6.501545138e9
1.2908562484e10
1.2356477352e10
1.4169932112e10
1.5469740608e10
1.724055655e10
3.0907400366e10
1.1502783528e10
1.7592452371e10
1.347116582e10
7.654423385e9
1.9703056041e10
2.2394498474e10
1.4361280049e10
7.073523081e9
1.7118039797e10
9.947659966e9
1.3287790673e10
1.4323136456e10
9.832594252e9
9.649733472e9
1.7622100552e10
1.1380829485e10
9.717814895e9
1.0386064987e10
1.2453904219e10
8.214358306e9
1.6890289971e10
8.167141313e9
1.844292683e10
1.65888675e10
9.150611427e9
1.2372775609e10
1.3901284976e10
6.38596447e9
1.6343756866e10
1.2931309618e10
1.7408362366e10
1.4592345958e10
2.1005389409e10
1.0493952911e10
9.690659413e9
1.1544075166e10
1.4208375308e10
1.0797128998e10
1.1838929581e10
1.6766066227e10
1.6078895659e10
1.5506729634e10
1.9791619543e10
9.468059476e9
2.5794375791e10
1.8503391148e10
9.981505674e9
1.5402415383e10
1.4556406318e10
1.1260189266e10
1.5128627879e10
1.4214521872e10
1.0394539478e10
1.6970473828e10
2.0515378209e10
9.252354099e9
1.8862873729e10
1.1970910872e10
9.918027636e9
2.0459202479e10
1.8206881096e10
1.1294252112e10
8.722580201e9
1.998432014e10
1.5865802577e10
1.0805571415e10
1.0308270162e10
1.4593846641e10
1.7413211271e10
1.7913034578e10
5.55616966e9
8.881300873e9
9.467078715e9
1.8827686404e10
1.638191718e10
1.1849919964e10
1.3036991633e10
1.8494546646e10
1.5899604544e10
1.7135283631e10
1.7424700428e10
2.5338499943e10
1.9318023752e10
1.2772616281e10
7.42695759e9
1.160708215e10
1.1101396867e10
1.1689100126e10
9.631128712e9
6.4234911e9
2.1492339485e10
1.6647198496e10
1.5439982868e10
1.1634754468e10
8.633642298e9
7.56878094e9
9.162411476e9
1.1181880372e10
1.1128126408e10
1.4281161509e10
1.5425900595e10
1.6869296413e10
9.217005724e9
1.2246110693e10
1.2301841254e10
1.095153878e10
9.731378724e9
1.8810974268e10
2.2083190304e10
8.190886693e9
1.8035525905e10
1.8892869213e10
2.0929206096e10
5.690860711e9
1.4278940556e10
1.8034601876e10
1.1288126492e10
1.083425399e10
1.1867071982e10
1.2864274955e10
1.094793699e10
1.4397737824e10
1.3053705998e10
1.6457748228e10
1.1771393144e10
1.3295880064e10
1.8817342478e10
8.067216372e9
1.5359746431e10
2.5199897594e10
1.7904263032e10
1.7135312748e10
2.2023228948e10
9.406333566e9
2.0870866452e10
1.7463427364e10
1.2868442202e10
1.1740202142e10
1.7872698082e10
1.34726153e10
1.1058534629e10
1.1150767867e10
1.3338848565e10
7.716291965e9
6.98344086e9
2.4685750037e10
1.0329235774e10
8.478395394e9
1.1825066372e10
9.81997704e9
1.2919934159e10
1.6007481582e10
1.2448223828e10
1.0122314448e10
1.4043075516e10
1.1732886413e10
1.4028678297e10
2.032104526e10
1.4124941415e10
1.2790501352e10
1.2444184198e10
1.5671464576e10
1.4009028024e10
9.09274735e9
2.6372372824e10
1.4004875904e10
1.3391771384e10
1.3372877359e10
7.296011349e9
1.0591670372e10
8.942372196e9
1.64980615e10
1.1752961056e10
1.6012308845e10
1.7330121533e10
1.2035950677e10
1.3492510601e10
1.1918313013e10
1.2206080998e10
1.2717482579e10
1.2340094834e10
1.2875120761e10
1.2756180423e10
1.4400503736e10
8.998712946e9
1.1205365378e10
1.3983133082e10
9.804013018e9
1.2409830206e10
1.5570302998e10
7.289170893e9
1.5813980561e10
1.3058786454e10
1.2375284606e10
1.4133376336e10
1.418221333e10
1.7612121627e10
2.411598017e10
9.678364824e9
1.4382564883e10
1.5174255826e10
1.3247186571e10
1.3451878118e10
8.090592675e9
1.3043027616e10
1.2508399521e10
1.6975705818e10
8.879504674e9
1.4101598148e10
9.068553284e9
1.056261197e10
1.888792041e10
1.0706506434e10
8.920102084e9
9.428461124e9
1.6214097409e10
1.3328734833e10
1.1276845602e10
1.3152448663e10
7.320448908e9
1.237607358e10
1.6589852925e10
1.2413387662e10
1.3081464764e10
1.0057893654e10
1.9435120944e10
1.7664852417e10
1.2783444972e10
1.4974665548e10
