6.732150031278433e112
2.681800240423466e112
6.7644012976322235e112
1.8876258452139553e112
1.6910661769877555e112
7.141283826693824e112
8.673142920961423e112
1.3791646249579636e112
8.556807597850821e111
1.3561088592700634e112
5.074849188696614e112
6.953448806700174e112
4.28079418933396e112
1.9859466120750057e112
5.478428002498393e112
5.396985863534364e112
1.141465605747289e112
6.975404281925207e112
1.5671996555543525e112
6.7575547423878545e112
3.8287947273218243e112
2.2922694363762628e112
1.134480285791606e112
6.363624516036517e112
2.4322884897153367e112
5.608263047729264e112
2.410866481222762e112
2.3916614430633002e112
5.2585881518986005e112
3.61858761382465e112
8.940810450333079e112
1.9242252217508286e112
2.048793893022488e112
6.063213348447591e112
1.593121492093659e112
7.162320559976279e112
3.2204465757935736e112
6.237368617981072e112
1.7977030911017806e112
9.116974156865692e112
7.878965000184166e112
3.6692886363869305e112
5.8560053366709926e112
1.9140505598800667e112
2.4866676008487922e112
1.8976529236193858e112
3.6749982318376902e112
9.194634760849939e111
3.4450535154720376e112
2.333377425982672e112
4.309494773402918e112
1.6771725402869773e112
4.349563295931835e112
2.6573682111388856e112
2.9583578725187943e112
1.0233073831958445e112
3.7913010258121114e112
8.10935161155306e112
5.496046011532372e112
5.096713687209452e112
5.082001131518898e112
4.932110815421335e112
3.2664872235439355e112
5.522084279899689e112
4.122056796601539e112
2.9373315187739263e112
2.3261549668294887e112
2.6884354693328217e112
1.0919224586011998e113
1.5769200752846848e112
6.181763805113065e112
3.763652174108759e112
3.894534483784948e112
1.2394457011657476e112
2.850834166603508e112
4.030163929229013e112
4.5594761569424135e112
4.9535534733773e112
3.5626940021325325e112
4.684677736677122e112
2.259678702407932e112
6.4917875007623886e112
1.5408805380127035e112
3.307337018970106e112
2.0244917545668126e112
3.948842009652335e112
3.984681132507567e112
1.1912382319974404e113
1.385685392494382e112
7.417630779650401e112
1.8242333346888147e112
1.6884668974679186e112
2.812431087469479e112
2.807425927562334e112
2.614140666817904e112
6.293279208990003e112
2.260359919087705e112
9.742002988326217e112
7.983337516489109e112
4.786344355314896e112
5.523908483544237e112
2.390016478898885e112
1.6909356874620097e112
4.29591788006518e112
2.8904735168700824e112
1.0334303597309876e112
6.624366428134236e112
4.245126930014791e112
6.620046284016469e112
6.959105504982471e112
5.342348935417986e112
4.8310357287487706e112
1.7867650904767707e112
3.1566794598839213e112
3.699422853384173e112
5.018406719918966e111
3.6867009749943013e112
4.257130105693241e112
7.602072889393487e112
8.892214117953397e112
1.1417268344159411e113
3.6565994235655453e112
3.4287452395878906e112
1.8693545429036802e112
6.384798705778684e112
5.747177741433217e112
2.7337361975461673e112
2.1215740015397015e112
5.84775965666024e112
1.4205517937665536e112
2.3340543799132022e112
4.964525609307178e112
1.6792630360423586e112
1.5739059780978745e112
2.7077789402353262e112
6.050807508575164e112
2.8737784349146027e112
4.268075103041414e112
2.485278526217685e112
2.251960083818921e112
4.255553563966739e112
8.359666583950606e112
2.4862975662556953e112
9.665110556208546e112
6.027670272585704e112
9.639163453187138e112
1.6754865609621359e112
4.410550223676609e112
7.522170722681275e112
6.146732839487064e112
7.576707184589234e111
3.531714380283084e112
4.6094903652139476e112
6.379941949991798e112
1.5031418939016227e113
3.7611568423299616e112
2.30759946332424e112
3.998019600795662e112
6.190266887044166e112
8.812739953989383e112
1.4684630726083936e112
8.61792395910862e111
1.5523457005610014e112
1.279313978716969e112
2.0022766506965223e113
2.3609879797192504e112
1.2115080011353118e112
2.1600380236412453e112
2.5000170794014418e112
1.763479067767535e112
6.964914922397905e112
4.240172127288644e112
1.3923519272743328e112
3.001049346760153e112
2.5782808473411642e112
1.5448017455700906e113
1.849653216219748e113
5.57031444047597e112
1.6152999831590717e112
2.3582304061605438e113
2.1669701982071217e112
5.149751102587367e112
6.613936601380761e112
2.6680195818113495e112
4.93269686016612e112
5.475044630043268e112
7.603545000371241e112
4.2933411881820894e112
1.1429871467600381e113
2.506863538798515e112
3.98537265042732e112
2.58341332173741e112
3.263649133965089e112
1.9062304790693971e112
3.7639023192029645e112
3.9468001269191475e112
8.371591772150778e112
1.825072856800778e112
6.184059403236384e112
4.585771840891621e112
3.3629786859972576e112
1.0500566640468271e113
4.667907711796849e112
3.672628255948169e112
1.5263947595726495e113
4.201453502050673e112
4.040740764344907e112
5.486324374866674e112
4.125747594423291e112
9.480909191224422e112
2.806296540473082e112
2.2117870312959034e112
9.011678793255246e112
2.6623110634343103e112
3.954729405097123e112
3.7181717223862023e112
7.660982681966372e112
1.2100598128599831e113
3.953150653925803e112
9.985403699379859e112
5.2639510072645705e112
3.62678103060274e112
1.1879096446516006e112
4.624695985534668e112
6.11164477439946e112
3.877513923442149e112
3.587947424521166e112
1.7326311500566046e112
6.238094451601374e112
2.1103521629622755e112
1.942632737799035e112
6.592525048712433e112
3.7369839354781905e112
2.3373456169067007e112
4.95821103023675e112
2.9065195206437476e112
3.923253890139015e112
4.143221868640321e112
1.5765372362590837e112
9.545891978950727e112
2.139720324826146e112
3.7479993059878947e112
2.847561162071374e112
1.2616600898131524e112
5.544326309442376e112
2.760375428050955e112
3.876297535714993e112
3.130011087873585e112
3.204706833406e112
1.724468794823661e112
3.946851920921733e112
2.2651616327701945e112
6.395518338957626e112
7.1621272556847024e112
2.7051370832945478e112
5.054117450319357e112
3.8539072904203125e112
3.7950037782619663e112
6.450811053628788e112
4.352156405820036e112
9.548847709386679e112
1.544058084092613e112
6.267060954951928e112
5.145257265716372e112
2.0076943500032513e112
2.887810674451722e112
5.070781653095966e112
4.163987897206026e112
5.611627634802688e112
4.496549470336696e112
1.8605181313978853e112
4.645184472301737e112
3.356390026394799e112
1.1492768671253506e113
2.1958101720214677e112
1.2552890081975376e113
4.628449752085015e112
5.8105863996822865e112
4.69179929809296e112
4.046341657523635e112
2.985331650269246e112
3.5248587737663078e112
3.434344322231834e112
6.773371719971695e112
2.1067663550883744e112
1.978932254473308e112
3.4852189167215896e112
4.6787293783435726e112
3.2170492025599786e112
9.673633197677744e112
3.85279982308002e112
2.2553600237428018e112
4.649756014195503e112
2.22609411685065e112
7.77312109720662e112
2.8888195251251975e112
1.3649196026426364e112
1.9564638184900607e112
5.83381743640711e111
1.771486824830563e112
5.104777320235532e112
2.7374468438618296e112
2.216979082866692e112
5.686070844251947e112
1.61429617029781e112
2.8493552560465544e112
2.8229210211961937e112
3.0934212635406755e112
2.263814785849063e112
2.48252269116777e112
1.565834267226991e112
2.798495639057217e112
1.845398604141656e112
2.917050931858395e112
5.584683566421577e112
4.386828849663494e112
2.8985935252720134e112
3.912637706987026e112
5.108531395820565e112
1.964938365433515e112
4.098108006775461e112
2.1726781540402987e112
2.620988011314602e112
5.138911335742991e112
3.5297594203541885e112
1.4461483160911547e112
3.0026683340468276e112
1.6489642182825596e112
2.398759818974727e112
6.355354077752826e112
4.6108052772074386e112
2.868722340215326e112
1.621627810946996e112
3.254613063695425e112
1.279524115769671e112
1.0240067521228889e113
8.915705932380296e112
2.6142713359514705e112
3.7117239452636638e112
2.564303922277775e112
3.555064045879753e112
1.8771889287525028e112
3.97538932520225e112
5.465083194364668e112
2.929823225173487e112
1.531853814252471e112
1.4573467826556301e112
3.228099414040681e112
6.155767337990986e111
5.242087850712871e112
1.6149230149039514e112
4.940916186994346e112
6.731015015578624e112
3.975653411456171e112
1.1480650619959355e112
3.714705767213642e112
3.91762486562959e112
2.6538331750138705e112
5.538443933395202e112
7.370925658057568e112
4.9384823462889615e112
2.4450993736383928e112
7.670283116531251e112
2.0795921583922847e112
6.924029457533541e112
4.943668294997728e112
6.360930252530164e112
6.834805430795118e112
3.960248408080333e112
2.412826037279734e112
2.1864114079747884e112
1.9044160784501953e112
2.0327737148415073e112
1.7637195184966648e112
3.6602699314124757e112
3.916152852400224e112
8.798944294833027e112
8.57848953292323e112
1.3158230106223828e112
8.653885922902817e112
2.5560198345007907e112
8.154830513222302e112
1.8863939065707423e112
4.68810242252273e112
2.3269362013451904e112
3.0390158020877464e112
4.696051931585252e112
7.622894304909549e112
4.043839000049931e112
2.772005824468602e112
3.457874554640032e112
7.376060388484691e111
7.5538838408803485e112
2.719141878902311e112
4.036591704352257e112
1.8396882228077953e112
3.6344494271188623e112
3.4075060581773458e112
6.53398659796313e112
8.866877277713118e112
2.6457572124496843e112
2.927200812555368e112
3.4558223483098746e112
5.103850331421822e112
4.137333714323232e112
5.267780425201551e112
1.487571747683437e113
7.17975528713505e112
2.693949184489222e112
2.2838337050451643e112
2.4800120712849558e112
2.839604519994324e112
1.0178286913519754e112
1.194789435853038e112
3.4315617494927875e112
1.028804962606768e113
3.490942775367468e112
1.8470918446595457e112
8.511675187520423e112
2.286059063470063e112
4.457953283551692e112
6.185254294272068e112
2.5534567448319473e112
3.306521895164368e112
1.6670090485952755e112
1.054951682145834e113
3.261259605468059e112
4.227821917576261e112
1.96277885698853e112
2.939085167377513e112
2.335452728127237e112
7.576930804388702e112
2.044491998000062e112
2.907721666223464e112
2.134202246567488e112
6.0157783159574675e112
2.9815733827840193e112
6.912091966392053e112
2.0094391179612416e112
8.296060306083995e112
2.221412989201291e112
1.9353204129392876e112
1.1730969597364782e113
3.2378240175181545e112
8.251249913841943e112
3.2811855122239565e112
1.7555890017771569e112
4.9777199384963685e112
1.98139890015533e112
6.658959885154974e112
4.430860397812362e112
6.328539964739384e112
3.2141091484248275e112
8.391253402327508e112
9.679531542652231e112
3.7558487200794094e112
1.7021792631364495e112
6.312497275135688e111
2.1569751237081856e112
1.545963465954095e113
6.028340256566795e112
4.504652941493257e112
3.3115534951651526e112
8.177848489097077e112
5.153402468802656e112
5.752628531943204e112
2.0944185804795525e112
3.0746709965705455e112
5.065854267465147e112
6.5664712651086115e112
3.862704999511901e112
2.001027629014155e112
6.8762078818254015e112
4.853803671321815e112
5.331358721260252e112
2.4274089336066035e112
1.7267902587339365e112
1.571408577876966e112
1.6033224652473258e112
4.470770601750412e112
5.089088675709745e112
3.6041635052715547e112
5.4485486340306496e112
2.110324026777308e112
4.081114398179598e112
5.7752611501136684e112
2.4217691631708494e112
2.6039501310198945e112
2.513916039437946e112
8.540087443653084e112
4.299268527334237e112
3.4878379704296262e112
6.920004921296533e112
2.90230070548789e112
3.596086908054373e112
2.36854784258932e112
3.0653010193161148e112
5.497420755767453e112
3.6658369004128045e112
5.4682621723367155e112
1.4984799958054127e112
4.624466753531272e112
4.910116102177015e112
4.081496950561841e112
6.9451450578047895e112
1.262906754839212e112
2.9242788162413068e112
1.3609718828168173e112
1.9619376534668915e112
4.278298769588842e112
4.649463623733893e112
3.889168699042822e112
4.277172786556513e112
2.369182987561201e112
3.7284707685876987e112
5.645491078663333e112
1.6215975266113914e112
2.095812012130101e112
7.3018717765781835e112
2.1625466824304047e112
1.943199776868219e112
1.4148096829017652e112
9.69790578851375e112
1.6079546560418314e112
2.8410585781941316e112
2.8002797788065443e112
7.103820328971537e112
4.477925596583758e112
3.18056742531959e112
3.0379969385572426e112
3.8817764607802e112
5.733515113154566e112
4.412680422585885e112
5.808077741458718e112
2.272193354582365e112
7.131683270192958e112
2.115798280813824e112
1.4759335978786461e112
2.341390456429258e112
2.7680722319082625e112
3.6789374784751444e112
3.885472826361379e112
1.044869995193638e113
1.936172028511603e112
4.651071953760472e112
1.3715411213976383e112
5.7438708524524295e112
6.607323218231445e112
5.8148446736424545e112
4.460771129492367e112
2.619401682907778e112
2.644314460876145e112
7.714540512377694e112
7.959973268004513e112
4.932119663827805e112
2.1913756646761882e112
1.2934553286076183e112
4.03322561490899e112
1.4669762183708813e112
1.7929600244736826e112
9.259858427638227e112
1.6075896513910225e112
5.6899663374837864e112
8.995517121028211e111
2.1084021908279795e112
7.044793412426164e112
5.478789768415451e112
3.8203100446515175e112
6.850037909213043e112
5.325515363846499e112
5.9254719636324075e112
3.183124425975021e112
5.409582007816929e112
4.021993070434809e112
1.3971351332318967e112
1.78692490747245e112
1.7459209508895126e112
6.416911882692089e112
2.9873633275864093e112
5.098878467172726e112
4.286589553971059e112
2.3054417845868564e112
1.7741422075024515e112
1.2975914399145273e112
7.170993039761987e112
3.956030493406783e112
1.3294262818942258e112
2.2477738535978736e112
1.985013025310184e112
1.1023592588616026e112
3.87935742713761e112
3.9022468547108926e112
6.562826226671546e112
8.492344727873872e112
9.620928844689213e112
2.346760457237071e112
1.3245285251042581e112
6.238018250368586e112
4.629146394183218e112
4.153629405599242e112
5.223619560816271e112
3.1463639771810993e112
1.6596164504880258e112
1.4513325348823066e112
1.8144472553124147e112
7.203663779349708e112
5.7368694291430485e112
2.3913904268979926e112
4.546896509169926e112
2.4920582350495917e112
4.197915680603625e112
2.9673412315636177e112
7.237720954608275e112
1.887653889168882e112
1.764158699306097e112
3.785206248972823e112
4.687019222335121e112
3.254771190872026e112
2.384890272675835e112
3.067287451007381e112
2.967119711205851e112
2.207185857565208e112
4.303143921583273e112
1.0102235714231396e112
3.746170876435849e112
1.9955082439050285e112
6.47421785552102e112
5.044055472862104e112
2.1837701254300023e112
6.520579445395468e112
2.280622914414286e112
5.876595210002944e112
1.3459056720813208e112
6.8094906958459935e112
2.039960125736039e112
2.155425395460484e112
6.772560026530035e112
5.035127305940545e112
9.186406576226123e112
3.803563165661857e112
2.3084381423256083e112
5.75764173005458e112
1.676728211055578e112
3.1945554897592206e112
7.604577903600771e112
1.391095190130471e112
4.111566347250778e112
2.3443784067407534e112
2.809438957428635e112
6.9868720744854895e112
7.133690162405921e112
4.0328675173176065e112
3.6769170508620985e111
2.655324887785883e112
2.2586673182522066e112
2.0883149190302073e112
3.1763147820437654e112
2.9739731259763867e112
2.41217834553877e112
5.416413268437882e112
2.3736416033112897e112
1.1240029965340526e112
1.1883055471084346e113
4.181796544350165e112
1.0770178295624435e113
4.740507552353112e112
4.678947234448843e112
4.358908727758166e112
9.370083854080574e112
3.304492402504153e112
3.036487970745303e112
6.362306629397747e112
8.039504919666478e112
1.0913414930843386e113
3.1252839016610446e112
6.563306466087936e112
8.378917133551992e111
1.9231833619308298e112
2.7224504063573862e112
1.0149090880155411e112
2.424666564363049e112
4.190032194119224e112
1.3961193091583459e112
1.186588213281255e112
2.154738907976289e112
5.517995555821079e112
2.4129158447552545e112
1.056016244473179e112
1.4954610105077087e113
1.3932595480177453e113
1.298259039641223e112
7.2214802755147315e112
2.2176558512064472e112
2.841187592343643e112
7.3967200045016855e112
3.211827241157522e112
8.994812174657365e112
3.2369418206945815e112
7.779765333846415e112
5.841710055534799e112
3.3362939492245634e112
4.80856024385575e112
2.2924101706532744e112
1.014000424180604e113
2.022759436846425e112
2.124799474524711e112
4.491043128371721e112
1.7207969197792098e112
3.824298390286997e112
2.226447139296009e112
1.630251385152915e112
7.2224809593282515e112
1.499688823223952e112
6.891677858274142e112
3.848131005046809e112
3.865420206439099e112
4.837838022652306e112
3.85656638350842e112
9.241344037659656e111
2.3869544861549847e112
1.0160094891677083e113
9.054426687923567e112
1.5955461223602332e112
1.0767997093148983e112
3.713057128310324e112
2.904558295939827e112
3.228063990673542e112
5.370565810089013e112
2.0936292013067696e112
5.9132516381061665e112
2.0955793984308945e112
6.750637671933094e112
5.187528452575305e112
7.328897775152994e112
2.4398727569333504e112
1.767363682786819e112
6.829999827084274e112
3.810512688234211e112
2.0980942777896113e112
1.6071348715626855e112
1.892047617734189e112
1.2122918028244024e113
4.139396330237158e112
3.6276654571791966e112
2.170594702540921e112
6.361255985680867e112
3.11329186631226e112
3.071108473637624e112
4.399170758168301e112
3.661691332683442e112
8.083513717085739e112
3.8036399890689643e112
1.9944262747354127e112
2.338472384842251e112
3.2129449860645174e112
2.10450946986856e112
2.5976362034681624e112
5.2376287975398195e112
2.7148223284133606e112
1.087367359437823e113
6.69548823880384e112
2.6929486921502403e112
5.626923489697613e112
4.50699051678927e112
3.562013264911843e112
7.596998856496176e112
4.855151192325125e112
1.5685139024756954e113
7.461351186272469e112
2.1012159234249933e112
3.2109601103963435e112
4.0448068364532965e112
5.953055290288009e112
2.701420951408512e112
1.8515435478550085e112
2.901664928719455e112
1.9199027758430276e112
5.920420819542095e112
5.431811498191625e112
9.179500786791234e112
3.3774691267380824e112
7.211631473040891e111
4.970189116438665e112
5.5025552793461964e112
5.5602885616714054e112
3.2633691224487273e112
1.9272636344940155e112
2.5735209859608773e112
6.322868316212778e112
2.6108654892521674e112
3.281676821832708e112
3.935728167860009e112
1.684163321923157e112
3.284358238446818e112
1.2853568948713904e112
3.4165245824978818e112
3.290708311660044e112
5.942839017887754e112
2.0006050863502523e112
7.077208459369306e112
7.667638826219028e112
8.53173082751493e111
1.2224653955264596e113
3.5483707891724187e112
6.53621933582632e112
2.1189091227571646e112
4.813354137741633e112
4.068355125812855e112
3.9981734158291e112
1.0311948672540731e113
2.1344899762670856e112
3.5907701316764535e112
7.239664271298055e112
9.012182682559285e112
2.1246879846385606e112
1.026952584537394e112
1.374003794433877e112
3.043453283183052e112
6.837060047263925e112
4.809907498521267e112
2.7913530713713437e112
6.8886129239727266e112
5.085115633366487e112
1.4200176471476452e112
4.624309064668081e112
2.2404571091776493e112
1.1554014582375744e113
3.016690334193332e112
3.4921203674077027e112
2.88981555805385e112
1.1799432091499363e112
2.6400648276004987e112
1.8856535338134954e112
1.9169810746070669e112
4.4333303762505545e112
3.551216983287747e112
5.26478445526957e112
2.5874791859932724e112
2.6759116573844755e112
6.456975015024561e112
1.1102890756907024e112
7.535628919296815e112
2.073373945216358e112
2.798276353462256e112
3.4104889594682843e112
1.77555218958447e112
2.3954132213149455e112
2.1449117233184645e112
2.6556392574941384e112
2.5058724903590214e112
5.267175751929614e112
1.5706211044671422e113
3.145574606044e112
4.566902766971395e112
6.2044447391740385e112
3.2738410915423285e112
1.351803163442378e113
6.35331510271407e112
2.0372319009433593e112
2.2000370966553883e112
2.2442982583646572e112
6.75218320365145e112
9.746448942080858e112
9.74508070919005e112
3.052808198648222e112
1.3284559827100767e112
2.6560340973961785e112
6.14778178710066e112
5.081140371092848e112
2.5614929348156814e112
3.093751429805028e112
2.6373001417313866e112
1.2337076597643938e112
2.4823753336940933e112
1.932391252248737e112
7.0860557158290955e112
1.8034659716671237e112
4.199842337530434e112
2.7151415218260193e112
9.302615414795688e111
5.740937694756628e112
3.956525624645041e112
2.5061663614602394e112
1.8681354631519468e112
4.277683059610145e112
1.0371775181842691e113
1.1160594021448217e112
4.948383403310147e112
2.640083036699143e112
3.6327263694730716e112
8.411000923638676e112
9.917647376283554e112
4.561889334138861e112
7.955090740915013e112
1.4466155047867077e112
5.129615251026004e112
1.18893057925975e113
1.2505374355382462e113
3.486374333782589e112
1.585269455265363e112
9.523353834091651e111
2.8475192561502964e112
4.5820146181356365e112
2.245378034872591e112
1.3691902855319872e112
2.809782730213034e112
2.1419968150660603e112
4.059177961074479e112
3.751052216800383e112
3.6809376015768516e112
1.6816199616448078e112
3.768467691565659e112
3.546967748131819e112
4.8468917776251446e112
4.966221812963504e112
2.0690582037445383e112
6.274306609522727e112
7.980188483160438e112
3.1024096801945394e112
4.422370650295571e112
5.291530669990022e112
4.72907352457017e112
4.22324466145919e112
2.1626299776500884e112
3.3413498077293797e112
2.9137612729712173e112
3.0949139606978295e112
4.9825325553949805e112
4.414558326701269e112
2.2338781888685647e112
7.276848807119263e112
4.272580891555678e112
9.369134979562175e112
5.8756248597577444e112
3.908098234403939e112
6.398448062926471e112
7.785824428943558e112
5.666396420096434e112
5.198297770007087e112
1.2713104230033812e113
5.311665764609864e112
5.014155863723442e112
7.153898504240412e112
2.4273346115499045e112
2.790627639730367e112
1.990374993734326e112
1.9881724866612465e112
5.297439208705708e112
3.1150799842093098e112
4.320990753866878e112
5.72455145796232e112
4.607325317991663e112
4.293519709439024e112
2.468775559450441e112
2.270159532614926e112
3.94709319647944e112
7.215775559811975e112
2.4571580778063505e112
3.196284862648915e112
2.1575244785518797e112
5.277406905433406e112
7.161399861386919e112
5.465470077779906e112
1.0202723229142809e113
2.6532815532499676e112
1.9332758694273495e112
3.7468545553362443e112
1.9301844758204376e112
1.1202388933742447e113
1.0143831936582473e113
1.1645972418538348e112
3.1364951538591e112
3.08577658508513e112
3.738292692525961e112
3.8861878751163e112
2.6374343842382763e112
3.1358537657819773e112
2.6791600166257776e112
2.9425690474901492e112
5.515485537732758e112
5.0901706959987146e112
4.635316998747668e112
1.877053247025263e113
2.829323332072307e112
5.265116694091179e112
2.6120418175383875e112
4.982926644710179e112
3.6650841813356e112
6.74099136587408e112
5.749879220934921e112
4.3364156204967594e112
3.4228185027951274e112
1.4360960910759938e112
2.884658250498153e112
2.4140375354639816e112
5.2092266531156045e112
1.6043244072373138e112
8.40268000594844e112
3.878892543256741e112
2.0313453649554785e112
