2628.0
2525.0
1828.0
1747.0
1966.0
2265.0
2063.0
2284.0
2291.0
2173.0
1485.0
2153.0
1848.0
2663.0
2778.0
1693.0
1991.0
2434.0
1330.0
2408.0
2295.0
2255.0
2012.0
3451.0
2154.0
1642.0
2531.0
1854.0
2236.0
2845.0
1910.0
2288.0
2764.0
2001.0
2284.0
2416.0
1544.0
2050.0
1888.0
2032.0
2602.0
2372.0
2492.0
1747.0
2019.0
1826.0
2052.0
2949.0
2280.0
2960.0
2113.0
2172.0
2222.0
2379.0
2057.0
2195.0
1735.0
2011.0
2071.0
1728.0
2657.0
2223.0
1801.0
2614.0
2357.0
2127.0
2581.0
2220.0
1786.0
2011.0
1913.0
2366.0
2065.0
1843.0
2052.0
1670.0
2340.0
2126.0
2208.0
1917.0
2593.0
3052.0
2518.0
1975.0
2200.0
1748.0
2557.0
2473.0
1349.0
2282.0
2314.0
2150.0
2121.0
2451.0
1853.0
2505.0
1768.0
1376.0
2495.0
3064.0
1954.0
1924.0
2293.0
2518.0
2179.0
1634.0
1753.0
2336.0
2134.0
2062.0
1840.0
2150.0
1911.0
2235.0
2224.0
1889.0
2677.0
3340.0
1823.0
1945.0
3099.0
3261.0
2992.0
2068.0
2403.0
1905.0
2220.0
2512.0
3130.0
1967.0
2043.0
1547.0
2096.0
1760.0
2608.0
2949.0
2508.0
1701.0
1752.0
2628.0
3125.0
2615.0
1514.0
1816.0
2435.0
2510.0
2276.0
4023.0
3052.0
2914.0
1540.0
2065.0
1549.0
3599.0
1924.0
2495.0
3399.0
3058.0
2240.0
2919.0
2125.0
2223.0
2880.0
1870.0
2677.0
2080.0
2153.0
1361.0
3242.0
2052.0
2214.0
2189.0
1780.0
2446.0
3000.0
2693.0
1791.0
1868.0
1378.0
2470.0
3081.0
1595.0
2255.0
1736.0
2162.0
1642.0
3031.0
2185.0
1782.0
2279.0
2799.0
2858.0
1767.0
2137.0
2246.0
2086.0
1895.0
2000.0
2219.0
3363.0
2051.0
1472.0
2475.0
1767.0
2210.0
1930.0
1840.0
2212.0
1602.0
2642.0
3048.0
1725.0
1784.0
2371.0
2879.0
2577.0
2208.0
2291.0
1562.0
2286.0
2287.0
2602.0
2780.0
1765.0
1615.0
3054.0
1370.0
3080.0
2300.0
2232.0
2170.0
1809.0
1719.0
1432.0
2058.0
2075.0
2249.0
1508.0
2306.0
1999.0
1767.0
1314.0
1466.0
2872.0
1677.0
1690.0
1926.0
2651.0
1765.0
1636.0
2330.0
2688.0
2328.0
3278.0
1366.0
2088.0
1940.0
2274.0
1980.0
3216.0
1824.0
1680.0
2191.0
2582.0
1942.0
1724.0
2207.0
2792.0
1843.0
2033.0
2187.0
2768.0
2570.0
2200.0
2722.0
1928.0
2172.0
2255.0
2536.0
2546.0
2188.0
1667.0
1884.0
1894.0
2109.0
1720.0
1811.0
2480.0
1508.0
1957.0
2775.0
1722.0
2304.0
2430.0
1589.0
1454.0
3274.0
1662.0
2644.0
1889.0
1605.0
3001.0
2714.0
2103.0
2296.0
1925.0
2374.0
2045.0
2200.0
1545.0
1704.0
1906.0
3024.0
2663.0
1933.0
2970.0
2308.0
2738.0
1652.0
2087.0
2124.0
2382.0
2219.0
1516.0
2577.0
1807.0
2375.0
1854.0
1746.0
2443.0
2148.0
2702.0
1849.0
3138.0
2656.0
1683.0
1760.0
1895.0
2130.0
2528.0
2331.0
1813.0
1544.0
1921.0
2330.0
2555.0
1973.0
2321.0
2472.0
1986.0
3382.0
2196.0
2813.0
2430.0
2103.0
1839.0
2512.0
2057.0
1896.0
2057.0
3052.0
3531.0
3032.0
1348.0
2146.0
2125.0
2530.0
2268.0
2596.0
1707.0
2322.0
1721.0
1793.0
2879.0
1850.0
2541.0
2308.0
3121.0
2314.0
2914.0
2348.0
2738.0
2015.0
1665.0
2256.0
2842.0
3396.0
1966.0
2948.0
1753.0
2954.0
1971.0
1751.0
1603.0
2308.0
3172.0
2017.0
2308.0
1502.0
2197.0
1358.0
1752.0
2362.0
2755.0
2719.0
1980.0
2019.0
1790.0
1522.0
2410.0
2077.0
3104.0
1784.0
2382.0
2091.0
2114.0
2012.0
2472.0
1621.0
3290.0
2186.0
2029.0
2859.0
3189.0
1813.0
1857.0
2307.0
2281.0
2798.0
1792.0
2456.0
2798.0
3652.0
2566.0
2038.0
2272.0
2291.0
2780.0
2198.0
2864.0
1125.0
3480.0
1676.0
1519.0
2122.0
1994.0
2504.0
2321.0
1893.0
1822.0
1784.0
2013.0
1953.0
2555.0
2007.0
2472.0
2092.0
2845.0
2340.0
1726.0
1424.0
1930.0
1837.0
1797.0
2385.0
2179.0
2060.0
1862.0
2632.0
2416.0
3108.0
2174.0
2443.0
1728.0
2317.0
1640.0
1793.0
2284.0
2271.0
2119.0
1945.0
2460.0
2156.0
1714.0
2881.0
2206.0
2858.0
2222.0
3314.0
2429.0
1916.0
2709.0
2072.0
1618.0
1431.0
2249.0
1418.0
1855.0
1744.0
1745.0
2365.0
1469.0
2130.0
2112.0
1975.0
2193.0
1728.0
1768.0
1882.0
2598.0
1707.0
1851.0
2015.0
2698.0
2012.0
3000.0
1800.0
3452.0
2066.0
2346.0
2682.0
2284.0
1969.0
1926.0
2036.0
2519.0
1963.0
1834.0
2241.0
2260.0
3396.0
1386.0
3402.0
3051.0
2333.0
1803.0
1710.0
2714.0
3052.0
1827.0
2278.0
1467.0
2379.0
2495.0
1710.0
2894.0
2604.0
3282.0
1888.0
2434.0
2861.0
1909.0
3125.0
2495.0
1968.0
2628.0
2233.0
2824.0
2023.0
2406.0
1840.0
2100.0
2608.0
1869.0
2086.0
2676.0
2669.0
3082.0
2322.0
2749.0
3658.0
2206.0
2794.0
1759.0
1576.0
2885.0
2592.0
1901.0
1540.0
2906.0
2351.0
1998.0
2402.0
3342.0
2893.0
2124.0
2124.0
2429.0
2687.0
2392.0
1586.0
2254.0
1924.0
1249.0
2150.0
2122.0
2113.0
1790.0
2134.0
2378.0
2696.0
3111.0
2242.0
2045.0
2140.0
2022.0
2070.0
1969.0
2918.0
2311.0
1960.0
1849.0
1714.0
2280.0
2604.0
2097.0
1947.0
1900.0
2374.0
2366.0
1942.0
1574.0
2210.0
1886.0
2443.0
2425.0
1786.0
2076.0
2364.0
1954.0
1923.0
2434.0
1704.0
2893.0
2029.0
2502.0
1618.0
2510.0
2165.0
2215.0
2990.0
2663.0
1912.0
1892.0
2255.0
1911.0
3068.0
1729.0
1832.0
1546.0
2347.0
2172.0
1980.0
2167.0
1949.0
1954.0
2332.0
2579.0
1697.0
2366.0
1980.0
2124.0
2439.0
3262.0
2815.0
2149.0
2106.0
2210.0
2746.0
1760.0
2732.0
2174.0
2058.0
2114.0
2163.0
1768.0
2196.0
2358.0
1429.0
1788.0
2291.0
2003.0
1713.0
2249.0
3074.0
2040.0
3028.0
1884.0
2098.0
1903.0
2286.0
3036.0
1662.0
1901.0
2067.0
2216.0
2512.0
3439.0
1615.0
3040.0
1886.0
2040.0
1998.0
1553.0
1775.0
1452.0
2504.0
3352.0
2516.0
3361.0
2011.0
3764.0
2919.0
1902.0
2019.0
1816.0
2062.0
3087.0
1799.0
3242.0
1720.0
2188.0
3493.0
1760.0
2396.0
3400.0
1960.0
3074.0
1662.0
2073.0
2330.0
1980.0
1692.0
2624.0
2532.0
2928.0
2908.0
1970.0
2241.0
2701.0
2404.0
1913.0
2882.0
1700.0
1878.0
2142.0
2254.0
2637.0
1992.0
1947.0
1679.0
2663.0
2404.0
2161.0
1811.0
2130.0
2647.0
2210.0
2289.0
1935.0
1879.0
2406.0
2305.0
1850.0
1624.0
1990.0
1950.0
2454.0
1708.0
1973.0
2513.0
2662.0
1757.0
2967.0
1998.0
2157.0
2078.0
2785.0
1910.0
1838.0
1871.0
3073.0
1942.0
2760.0
3260.0
1893.0
1361.0
2680.0
2668.0
2219.0
2630.0
1947.0
2217.0
1905.0
2845.0
1853.0
2162.0
2091.0
2562.0
2458.0
1467.0
2212.0
1822.0
2258.0
2998.0
2312.0
2271.0
2879.0
3164.0
2225.0
3578.0
2609.0
2508.0
2622.0
2323.0
2262.0
2622.0
2753.0
1850.0
2472.0
1866.0
1658.0
2403.0
2174.0
1567.0
2159.0
2048.0
1567.0
2680.0
2285.0
1357.0
2679.0
2363.0
1525.0
2463.0
2308.0
2553.0
2259.0
2406.0
2308.0
2347.0
2380.0
2651.0
1881.0
3470.0
3099.0
2215.0
1824.0
2156.0
1686.0
1819.0
2889.0
1701.0
2217.0
1936.0
2330.0
2676.0
1807.0
2685.0
1656.0
3597.0
1465.0
1440.0
2108.0
2880.0
2456.0
2306.0
3036.0
2110.0
1814.0
1857.0
2010.0
2233.0
1825.0
1516.0
1939.0
2437.0
1544.0
2832.0
1698.0
1595.0
1725.0
2218.0
2682.0
2003.0
2125.0
1908.0
1849.0
1901.0
2663.0
2908.0
3335.0
2333.0
3139.0
2222.0
2532.0
1974.0
2046.0
2547.0
2241.0
2233.0
2394.0
1630.0
2424.0
3050.0
2674.0
2780.0
2064.0
1421.0
1624.0
2096.0
3052.0
1572.0
2060.0
2861.0
1473.0
2016.0
2137.0
3658.0
1814.0
3138.0
1932.0
2192.0
1954.0
2002.0
2705.0
3357.0
2088.0
1826.0
2687.0
2786.0
2359.0
2280.0
2144.0
3714.0
1468.0
1286.0
2278.0
1762.0
1460.0
2008.0
1922.0
2253.0
2884.0
2438.0
2732.0
2514.0
1616.0
2150.0
3116.0
2412.0
2770.0
2374.0
2665.0
1874.0
2108.0
2029.0
2665.0
2607.0
2385.0
1794.0
1736.0
2172.0
1758.0
1412.0
2893.0
2631.0
2736.0
2235.0
2723.0
2537.0
2262.0
1759.0
2608.0
2991.0
4078.0
2125.0
1975.0
1413.0
1847.0
1484.0
2457.0
2429.0
2584.0
2050.0
1504.0
1921.0
2050.0
1231.0
2306.0
2646.0
2405.0
2098.0
1900.0
2317.0
2228.0
2077.0
2834.0
2312.0
2336.0
