3.9978489301727165e34
2.781865665316098e34
1.791974793696311e34
2.348306550049604e34
5.642092914159622e34
3.9702195796296388e34
4.58059652228979e34
4.183611102394293e34
3.360467771950018e34
9.817348774581573e34
3.7686852800473633e34
5.611977736762103e34
4.0645098338639345e34
2.367007272352516e34
2.8815245253654113e34
3.4247974528194887e34
1.6463761748438485e34
1.4322781114500252e34
2.825558224761222e34
1.968304135476426e34
2.457567311765702e34
4.1256666099053374e34
2.9874420556357796e34
3.5792116771275486e34
4.9932599753380665e34
5.898213562779124e34
3.6245365555201783e34
5.186180719115944e34
3.9708229953867265e34
4.877627473819724e34
4.461260215260145e34
7.22737987226674e34
1.544441125366081e34
3.7709040761043203e34
2.83787501378228e34
3.085845757530154e34
5.330742508669314e34
3.27125570388209e34
3.5621026498496314e34
5.120030385402106e34
4.293347168188811e34
2.532261921085073e34
4.50828016962706e34
2.834196330877186e34
3.929042244232589e34
3.720622473425774e34
3.1327303945032717e34
2.524714645613214e34
1.6700551482726552e34
2.545402191004161e34
2.2772926761610503e34
2.9341253994882383e34
2.430846454990834e34
3.7296972975083354e34
6.348339507475772e34
3.0975395027599122e34
2.7687688704475764e34
4.868915407137226e34
4.253166616071624e34
2.9814263950940944e34
6.453925100757631e34
3.198441408903584e34
3.6181874706581582e34
3.3089021002059534e34
3.639521954697627e34
3.3664438496703045e34
3.078300522953646e34
3.7016884058893887e34
5.0218611113430265e34
7.1916618057054015e34
4.1472878360811063e34
4.202443049344056e34
1.3780215225024376e34
2.8054609891339147e34
5.94793907347994e34
7.292229977015307e34
3.5503990559693506e34
3.551863125406107e34
5.054814039016263e34
6.084157967824705e34
3.136294094797511e34
5.368364691796997e34
6.61777779645722e34
3.3669258332982085e34
2.5624009650535094e34
2.556794955419021e34
6.159778883273762e34
4.266307724252286e34
4.758551858809978e34
1.2855611489022056e35
2.7127460046872206e34
4.562254182067312e34
4.211844636624758e34
3.8070847413517638e34
5.313812189431112e34
3.41607409619117e34
6.590788715620142e34
1.8564407944102159e34
1.369590740676011e34
8.65966999943571e34
3.0780346275798302e34
9.979951304229416e34
3.7665025179322103e34
5.585325050740583e34
2.894201921527767e34
6.092080066370261e34
3.8812911350783984e34
6.786213878875327e34
2.87999161694518e34
3.5761001875454678e34
2.713147358404873e34
3.358903968444281e34
3.3927956304342413e34
2.9770578356618162e34
3.9814435779760447e34
3.1226648457085658e34
3.4058519674755206e34
4.355488653730491e34
4.464907933101574e34
3.343300668988068e34
4.565741839316073e34
8.126886469296393e34
3.673671228732869e34
4.485380233493014e34
5.305572043355151e34
1.3685832450888097e34
4.5884473897928895e34
5.4630917605726045e34
3.6923141146297433e34
6.01496554387784e34
3.5885330206112327e34
3.361818056319434e34
4.076874161074904e34
2.431018647981607e34
3.182397967564235e34
3.6364003290216223e34
3.96609014868558e34
3.073300114128973e34
4.790761654145001e34
4.0747023635464073e34
1.7588224936649494e34
2.1971354152709837e34
4.501851742851211e34
4.473837841601661e34
3.865809875118595e34
3.956414601855118e34
8.288158752545218e34
4.536521590409005e34
2.7805197087578274e34
3.9344552171576954e34
3.4668645458738284e34
1.1954325679129458e35
4.1452264209341417e34
4.992342635190143e34
3.9595840648537313e34
4.470808723880795e34
3.9342323441936563e34
3.752159247078772e34
3.8209753231719877e34
3.7570954658562384e34
3.4455863783799794e34
2.4083257690575805e34
2.0235711281342342e34
1.6833022586894936e34
4.378932389233914e34
1.3375273968470922e34
3.998886321671312e34
7.3803320901524795e34
5.230629014705927e34
3.1699518134180023e34
3.988170743167241e34
2.5280600218496926e34
4.175757577177926e34
3.0588217746187857e34
3.095110254510594e34
3.91161601185817e34
3.925858904110313e34
6.677053638308115e34
5.069403905047239e34
4.291564917850339e34
6.08763543550534e34
4.357371781583245e34
4.1085349112750953e34
4.33162152970926e34
4.0110077531550084e34
2.7355206953468486e34
4.458805521836121e34
4.590453963303985e34
3.479245867645441e34
2.3635466904567777e34
2.104354377171746e34
4.132155421321033e34
3.936531391788569e34
3.5518126561287844e34
2.772255536178423e34
2.4559031359938944e34
1.0363309220147827e34
1.2013451318875224e35
2.4505535625050135e34
2.0427734723427419e34
5.129590602975248e34
2.9212199888348128e34
1.9779763976639794e34
3.3852072960791397e34
3.538285977932408e34
3.671216102007667e34
3.949304682607924e34
2.4315106087889057e34
3.4458125586403504e34
3.887841241093782e34
9.542402159701502e34
1.9193405579173896e34
3.610225688684489e34
2.631496083841101e34
3.2200339492309173e34
3.8461169150598835e34
2.1474377889348463e34
3.3552386739097196e34
4.966506921132904e34
2.8678485322951145e34
4.249381246271518e34
6.207941890845162e34
5.362824543456397e34
9.179880791795701e34
3.907428995706104e34
2.0034516815046985e34
2.204475908994177e34
4.7810751931447005e34
4.1386775285573305e34
3.113924756717945e34
3.867218266237971e34
5.448691144743885e34
2.4481780491325544e34
2.2756024147537577e34
2.387155033615331e34
3.962052141015938e34
3.2580093256297323e34
6.231139046269564e34
3.3135186283726413e34
2.4004228414127e34
2.4563450289427875e34
5.071275774660868e34
1.6571728318875024e34
4.633172781266644e34
1.8152050872871943e34
2.7013007793285596e34
2.415624358799792e34
4.698357614343888e34
4.532116314900366e34
3.9973584065220566e34
2.461082545737066e34
6.189688612674549e34
3.26512353757407e34
3.670280086745267e34
4.335618387857338e34
4.400359851097494e34
1.7341709648033008e34
2.3092629092203936e34
3.846078451258152e34
5.996254284112771e34
3.6325167962819853e34
3.615437044016168e34
3.591766603149697e34
4.061525608113192e34
2.017215055415521e34
3.6868766409221513e34
2.0440915701818627e34
4.041076602868428e34
9.320277624795382e34
4.380203630048105e34
4.468404557828532e34
4.442634763462387e34
1.0867401714167372e34
6.274876020698735e34
2.4022861484718944e34
1.9983344377331553e34
1.0020259177611229e35
6.895233613323476e34
1.6486356754367608e34
3.2477480001139865e34
5.363090267949763e34
4.17681119841748e34
2.5302016435696846e34
3.912978685602282e34
2.5236155299970483e34
2.937872081051359e34
2.4812034416383633e34
3.4047807040196654e34
8.591063277381537e34
7.549640794626101e34
4.494378195569219e34
4.527004884025041e34
3.0725516726910583e34
7.669364446581375e34
1.916926293649821e34
6.4310090626823275e34
4.6444336955024e34
5.832125111742192e34
4.356339136249359e34
2.293932555708562e34
4.2333587354008285e34
2.929822540063456e34
4.023199442658249e34
4.654707516237112e34
3.4439927704270917e34
2.413549106029739e34
3.367475507197736e34
6.133745573716885e34
3.1872706153963017e34
2.7376933424268866e34
1.469657760476841e34
4.713455144876356e34
2.209473624814249e34
8.081894537552797e34
3.5857886915029683e34
3.942353973630395e34
2.4622196144822503e34
5.8101601934354375e34
2.742072716644024e34
4.418210451572744e34
6.371882043899271e34
4.42033847199501e34
8.089288127712811e34
3.7171045648094673e34
2.6074975758184852e34
1.2823843608095435e34
2.3314214005844913e34
3.1350270077822856e34
1.688345686063177e34
4.393166625468114e34
2.97864968522925e34
2.601299506089144e34
4.506399602444466e34
3.0266666582721257e34
2.0723865355129022e34
3.923683510137317e34
4.526665236287767e34
3.208004318102069e34
2.1842185846720303e34
3.0025268458523784e34
5.048071458686325e34
3.5323661362301418e34
5.223410481093652e34
5.505743467707972e34
3.8942282408271904e34
4.178758874202874e34
3.4199608451455656e34
4.783242232940551e34
1.6887993511553578e34
3.382481567782362e34
3.762952460248113e34
4.552723794172809e34
3.5385649791195618e34
2.825005447155889e34
3.381540946755131e34
2.70880331301324e34
3.598107275426019e34
2.894773894839179e34
5.0016924051166245e34
2.1601831057023395e34
1.6013259272851836e34
2.5393939647685187e34
5.039831167498327e34
1.4242961838417385e34
3.139347397819729e34
2.239815892343943e34
4.518274570472423e34
2.3706176893747623e34
4.0329821326439303e34
4.728416519916988e34
2.5143470169070814e34
6.5172933063445165e34
4.37209469814435e34
2.489801042972532e34
5.363387995099244e34
4.8755933036809705e34
6.088024536361555e34
5.445237586508135e34
4.580076244084317e34
1.5650692377586673e34
4.365948550787663e34
2.217622806506481e34
4.106736486865203e34
7.398778318494294e34
2.1891464948241943e34
3.425393000798419e34
2.535760210481168e34
3.4973713347783634e34
2.209497354727729e34
7.680710497752196e34
5.200123590815137e34
3.6127280593024974e34
4.7850168480072175e34
4.659618137829996e34
3.6179414055271104e34
8.755248541787268e33
2.9075107699388926e34
2.28735282977609e34
1.3966788478921319e34
2.741774887945078e34
3.22128215114176e34
3.205979226659384e34
6.225344903775738e34
2.926224512947734e34
4.093025859184741e34
4.0347384304797243e34
4.846269620494241e34
2.1804551789867894e34
5.369386058282215e34
5.027257789984282e34
3.2837580375342293e34
3.0391361280985553e34
5.089009956822706e34
4.35001022084221e34
5.530202174520809e34
3.359536344930168e34
3.9073076324069583e34
1.3767336938736666e34
2.999844843105477e34
5.853964952629936e34
3.069266718527963e34
4.556249887703864e34
2.425001023915328e34
4.588932234636518e34
1.1305521309460469e34
4.1025378232836903e34
3.151271179829778e34
2.448598607059344e34
3.489100120746433e34
3.661965445780663e34
3.399168315558986e34
7.869482811328865e34
8.119672206732728e34
2.0618250557096133e34
3.3117428152482807e34
4.642649874572196e34
3.135506614944316e34
3.384894051554461e34
2.618836345486344e34
5.776350876545103e34
3.884558094135191e34
4.278286499119965e34
2.6977720221932264e34
4.405753505076235e34
4.215331562197887e34
2.9372509093913927e34
7.257108785845822e34
2.1604153657013148e34
4.525825380987125e34
5.376996085765818e34
5.123461610359865e34
4.801079105880298e34
5.402106469690197e34
6.042511161950338e34
6.259465529026156e34
3.3455007098597996e34
3.527766549737397e34
5.299330781744924e34
1.9895160476469052e34
3.5659350241252816e34
5.874994140777323e34
6.77970647058465e34
3.524381879100972e34
6.749161617319363e34
3.476932594453495e34
6.766104331609733e34
4.0413041845570287e34
3.4585572126275653e34
2.3065500249170966e34
5.190430353565943e34
4.218020767222998e34
3.6298572363097173e34
4.986927318977327e34
3.307433066337884e34
2.8937816163969483e34
2.788377741268315e34
3.813771473469689e34
5.8319819355158365e34
2.960794892617931e34
1.6955569118939552e34
9.783136979436785e34
3.3125830262650915e34
4.595027918045838e34
2.0032993159229846e34
5.239182238552387e34
6.345099938333086e34
2.91393211077465e34
4.833214803861371e34
1.387843696111856e34
3.8770402351824963e34
2.447961920303503e34
7.281944612902001e34
2.838638652214297e34
3.015931600171913e34
3.364682045274564e34
3.9714478149847218e34
2.4672473396800043e34
4.381257416352546e34
2.0962265541204396e34
4.111082694446931e34
3.542219107050943e34
2.9711249662272016e34
5.663897065591112e34
3.6894724415381357e34
4.0791748949177184e34
6.475956957053896e34
4.213617006308581e34
2.4178166171311307e34
4.483268550614479e34
4.169289415506734e34
2.1787417670048933e34
2.8135544056177226e34
3.269819698837743e34
6.64853924819521e34
1.8174799114831002e34
7.6738973340842005e34
2.4765440376373064e34
4.991120126157378e34
2.863491621993386e34
4.71773638586973e34
4.64620201794251e34
2.597281437890435e34
3.677896901643152e34
2.43660813103688e34
7.649200030168332e34
3.070459704289681e34
3.215614849033892e34
9.029538666133184e34
2.477906579633054e34
3.9312650655456623e34
3.350155097357937e34
3.055906235640677e34
3.293162262065117e34
2.2668720169665636e34
2.548134580918096e34
4.272107861206714e34
2.7676692885942446e34
2.9390639400804774e34
5.378225070879177e34
2.4443682180258286e34
3.5131369993717984e34
4.219098311799094e34
7.819454891082752e34
1.903993519173821e34
4.872019537830792e34
4.903632036266295e34
1.8361243472769638e34
5.599950270064099e34
4.705131795311372e34
3.2580505372638273e34
2.2319030769980427e34
4.963135966288654e34
3.5331768608790667e34
1.982151906463463e34
3.7858261609663037e34
3.1816661729191015e34
1.4851436703117684e34
2.3848416925634736e34
4.7456643454787655e34
3.533745758571926e34
4.207115544804435e34
6.447992846361989e34
2.669494724396643e34
3.5822933837544246e34
2.2051791426770046e34
2.2587403502784262e34
3.4108839253519515e34
4.199039161344498e34
2.45662268086899e34
1.7893798671022895e34
3.522893793491931e34
3.3038762988610176e34
5.568446890906562e34
3.3860673634783147e34
2.2783820634169334e34
6.620033135985777e34
3.835985473243721e34
4.0897943921045223e34
2.3980148628598704e34
5.312317317619454e34
5.379553463690727e34
6.5437905035419895e34
3.5913454271771597e34
3.785008615954806e34
5.669020591529698e34
5.211997792665581e34
6.065215899283095e34
3.038841441650007e34
4.468405746396895e34
2.924118384977839e34
2.5970200577609005e34
1.6543826653708291e34
2.707870994679235e34
3.0566895585194937e34
5.820730582396786e34
4.551743457916914e34
7.066893220291389e34
2.2062793205693473e34
3.9573123527943267e34
2.5610076681472535e34
2.5850967179803077e34
4.137968482270639e34
3.866143349392396e34
6.008551676729468e34
3.884200078153093e34
2.7173270482953364e34
4.572859640883001e34
1.7471078062966822e34
3.7337069475049283e34
4.369309115305644e34
2.606770441023509e34
4.846844172024231e34
4.197271137994082e34
9.584913926418655e34
2.773670848988823e34
3.587123032184819e34
5.406996508568813e34
3.8625362365770616e34
3.6158879508108206e34
5.643553373645425e34
2.718376259841325e34
2.482908573901018e34
4.837836965648104e34
2.734815035016733e34
3.422020142945565e34
3.0077753426331982e34
3.197171337336572e34
1.758779332340643e34
3.832164473574676e34
3.314580486084855e34
5.171304776522119e34
3.9513202210389337e34
3.781637492719967e34
2.39968707631028e34
6.097828646108126e34
2.881602171647965e34
1.9039450718490741e34
1.981645096298449e34
4.224296545731786e34
4.319288079815229e34
5.077433662022952e34
7.133242189513278e34
6.109250445707652e34
2.895418328715808e34
5.662917150896031e34
3.2576115888271857e34
1.4929808322227037e34
5.467629824829936e34
5.366069800220577e34
4.465730621891971e34
4.0107622648106036e34
3.1908875617382695e34
2.665657618269631e34
2.8781812012274186e34
3.6445040409336753e34
3.45668875905116e34
6.605398156597235e34
3.4546850609264395e34
2.0375214945061736e34
6.290086235844587e34
5.033444629216962e34
2.9556002354655936e34
5.177525747685998e34
3.7923821903673835e34
6.518862822863706e34
2.2951466124687838e34
1.5864791393987436e34
2.9883066542725044e34
1.6309506154551974e34
8.338495395458274e34
2.0017960457764928e34
2.3941856152798984e34
3.1842441713238205e34
3.271989024428131e34
2.836573085908703e34
1.806276194311599e34
2.920817503825098e34
2.748132313201811e34
4.834164948510459e34
2.929796031205158e34
5.685244564180991e34
4.760409220682229e34
3.598150360007056e34
1.8345027892842556e34
4.420011713875813e34
5.684123258748316e34
7.198317626758621e34
1.9945664297764778e34
8.714862263202417e34
3.533917262591044e34
2.730522170010241e34
2.598617674890268e34
4.438665172321925e34
2.078464852892271e34
2.204626161889234e34
3.6898199737008007e34
2.75000652807747e34
1.7097921391125412e34
5.564596914331617e34
4.647107543352609e34
2.7460087388174053e34
3.3591932934885365e34
3.365746827450412e34
5.360319326294143e34
3.7386350992945987e34
6.510852473820964e34
3.0259335824311214e34
4.867676341837412e34
3.271258177225866e34
2.4281927063909753e34
2.665290049071263e34
9.933583396802994e33
4.260090024511305e34
4.750001166347797e34
2.7615503852535586e34
4.334027845761964e34
2.0977770602899317e34
4.9807081613134355e34
3.5283455496540613e34
2.800717132768995e34
2.1110571345700107e34
2.482891599433917e34
3.6415941777091633e34
2.7299330679902668e34
3.4120497243233107e34
3.566590670147664e34
4.92997020714944e34
6.883169304532472e34
2.891244220655244e34
2.134873820443316e34
2.4981622623898877e34
1.2900175800420092e34
3.157810411246053e34
3.3740267866119323e34
2.1705005391042136e34
5.09338994558298e34
3.852840137741553e34
2.236133626799061e34
4.651939267640724e34
3.286460852996879e34
4.165610605592516e34
2.233459045032064e34
3.601958531864112e34
2.155579326023491e34
3.0267122459864163e34
2.89012214363078e34
3.2232035032167657e34
2.5457067536305785e34
4.624827907754857e34
3.2944664433359297e34
4.334137283783793e34
2.699415150668153e34
4.689348196217696e34
4.578597856689789e34
7.664967994322466e34
6.186590111573191e34
3.8298916814766855e34
4.550081371595249e34
4.74905746432087e34
4.0760603715619863e34
3.813732384457645e34
2.3728059284255877e34
3.4645781107652688e34
6.120593522393302e34
6.314209205336211e34
7.90563616686542e34
1.8820263065723077e34
2.2239169744776235e34
4.239293036420091e34
5.092981653540446e34
3.169935255176677e34
1.9070880422604384e34
4.504368211043826e34
3.887756953087894e34
2.9584066632943537e34
5.995613719146986e34
4.153781610188841e34
4.472865269636071e34
1.0529086734412668e35
5.566230374955947e34
2.3729515999851875e34
6.446148132920118e34
3.278928592796766e34
1.7699507365369141e34
8.245266302227655e34
4.706920380188694e34
3.1055630495098984e34
2.529036231601646e34
1.8453806428720556e34
3.554297943225127e34
8.09614809662863e34
2.6420679503096506e34
3.822306751508484e34
3.6296060100669833e34
4.672152929760441e34
8.142334407767158e34
4.58945290217804e34
4.231347982344141e34
2.440309135117533e34
4.316526973286375e34
4.428183429638098e34
3.425244658045639e34
5.805145222263168e34
3.1244232200114198e34
2.8123212209117725e34
4.310321121018274e34
2.955404122780932e34
3.7599681280957997e34
6.020925077337466e34
4.440059284737564e34
4.568306317989076e34
3.021750818728824e34
4.995207796041878e34
3.037914420761903e34
4.1187404300947893e34
2.2870350667436307e34
2.0334830823746528e34
2.2453683413136934e34
3.7936355942459734e34
2.9308198173880987e34
3.58308334808665e34
4.996287713272783e34
1.1778881491819434e34
1.5379917657046528e34
5.367427633379371e34
3.3947888986377634e34
3.522863712048021e34
3.296117625191486e34
7.012518798236706e34
1.830244511363273e34
2.4932348305839544e34
8.822640419533674e34
3.3331706539493627e34
3.5986542045001958e34
5.3583433278619e34
6.201093022207151e34
3.8754982208005574e34
2.7716414153382777e34
2.1948674014494246e34
5.353930776014297e34
2.7539788333760145e34
6.215834689294188e34
2.7255676390876745e34
3.0857957129382595e34
2.9492281533842686e34
3.565613862486659e34
3.89930197240465e34
4.0369762913880873e34
4.837319756322519e34
2.170020185124792e34
2.0321888463070576e34
4.356106977721127e34
1.8929398206457643e34
3.9765870266995904e34
1.928451401309677e34
1.8729056318376217e34
3.5196809120996843e34
3.49681123638897e34
8.145164458371877e34
2.0446926821676323e34
5.855010494375036e34
3.2601362209803647e34
9.830023456666916e34
4.931413794284584e34
2.5560796760246367e34
3.3566189926846716e34
3.1661126301647916e34
3.2508291460893407e34
2.5315324146488256e34
4.087071364007216e34
3.176938520537902e34
4.255245628901226e34
2.9154155187464256e34
2.3731878737051237e34
3.4574783881470147e34
3.0157303335633163e34
3.614143634445607e34
5.942145285584704e34
6.39440642895075e34
1.1743189311988986e34
2.6346710546204163e34
2.2685606202171473e34
3.4936742139450397e34
6.914010353154028e34
3.746846825268781e34
2.6073401443143233e34
5.515484589464135e34
5.96553166181889e34
3.1385658480498473e34
5.909226966310331e34
4.954015452923189e34
7.28775198133652e34
3.5043742477292485e34
3.756026815681517e34
2.8388076717954313e34
4.005518891823529e34
2.292763310482698e34
5.155031509647395e34
4.0935276071395757e34
3.360203080717649e34
3.7951582189786587e34
2.8152366576589833e34
2.745030110579328e34
2.8885571665054464e34
5.400772653381687e34
1.4932146274190476e34
6.042455019613997e34
4.561428383928449e34
4.159365724473924e34
2.4532402731372562e34
8.728162674935763e34
3.8968899981023167e34
3.4379108040672096e34
7.0220646976884985e34
3.6308104743909464e34
4.850640169650522e34
2.660844355238233e34
4.886697277925493e34
2.6861893123594754e34
6.4101027054159035e34
4.450163348439223e34
3.8105184175763276e34
2.320928937549337e34
1.7772880539519591e34
2.029963626045428e34
8.54260483985408e34
6.880528356725544e34
1.7450284932041452e34
6.0832197252879815e34
3.279373287559545e34
2.627683178259937e34
5.636551422498292e34
4.9613795546303e34
4.339087182277062e34
5.9257701683412255e34
4.161345745393656e34
2.326294608543159e34
2.215141036744471e34
2.8344689832914347e34
2.7267021719591916e34
4.60105778196259e34
2.951646754246125e34
4.263826841149105e34
5.779504335767246e34
4.932698844574138e34
3.0490653825247998e34
5.9100723920508745e34
3.247736746217861e34
1.2203101189308843e35
2.3892068093664896e34
3.1465474235143054e34
5.008103709118781e34
3.0110683663462246e34
1.2747495669408237e34
3.0408000696095074e34
2.728078424247558e34
2.3557998525130203e34
7.569278213764893e34
2.0968953625898136e34
4.1025470031829878e34
3.5602535432109235e34
9.708887501929592e34
5.1413589895647095e34
4.204501231069299e34
5.8424976062245875e34
2.258726096876872e34
4.085471118668725e34
1.1720565628628747e34
5.324802282269364e34
5.989996519402932e34
4.195472043078198e34
4.721923011489673e34
6.604672899755344e34
2.316585838399797e34
4.121551789480967e34
2.1119329756642612e34
5.853604423666905e34
7.083217840081707e34
4.216224181409903e34
5.82309601734748e34
2.6106240492631645e34
3.907711903281399e34
2.146368313918718e34
2.9900744840888804e34
1.6707803906965586e34
2.9685383619896995e34
2.4219521111923547e34
2.946215883446671e34
2.028837749742581e34
2.4735435998823526e34
2.336265248913833e34
7.159786939109901e34
3.014072559336762e34
6.224059144344845e34
2.8406066973482934e34
6.068403223403514e34
3.910020722660132e34
4.335300600494663e34
3.60815958949659e34
3.4867223715899343e34
