2.9066084154357645e17
3.815911246941485e17
2.6837508581933568e17
4.426140640697267e17
3.158414964949751e17
4.2854114718862304e17
1.5147539249588384e17
3.061267195500225e17
5.509901577582814e17
3.775073403644948e17
3.9503509933440704e17
2.0245263090962694e17
2.2396478592648934e17
4.5846337922133805e17
3.543888550034474e17
3.792990398337754e17
2.7129537170233203e17
2.3975722667480218e17
5.157610966760604e17
3.289575238515185e17
2.8523544383784934e17
2.993282855287727e17
3.976585182927598e17
4.376581082307007e17
2.048874486514679e17
4.318429649891188e17
4.324932448641217e17
6.253016826729504e17
3.0750217274712166e17
3.0583372656145043e17
3.246708800014969e17
3.8163878685577504e17
5.794095509166789e17
3.2367902310450074e17
3.1588602837318694e17
2.8218159795854416e17
4.216788869893862e17
4.004352727877321e17
3.5542495793133504e17
1.7225127631226477e17
1.2531759304646109e17
2.0798592516569754e17
3.9895341749496864e17
2.528392105692325e17
2.764630775892763e17
3.3896574930031565e17
4.639700683558185e17
2.5520068002526326e17
2.8954195995605325e17
2.038059237520843e17
5.840710219041802e17
6.605107284903429e17
4.648308850559126e17
2.423943488304407e17
2.3732676242760438e17
5.227223391330098e17
3.253338645486661e17
4.386718985749957e17
4.5762570176493184e17
3.442100769322525e17
4.47407384620949e17
4.9345403316875194e17
3.539176254885889e17
3.6138402507124224e17
5.1712511020498643e17
3.3189543699646074e17
3.591686618199286e17
8.636743364085069e17
4.0558581007130035e17
4.740557932844244e17
6.015499726620105e17
4.2412361779752435e17
2.5311476649367427e17
3.266306695944847e17
4.801792133183899e17
4.8698991709730906e17
4.012265400078782e17
5.401069635876234e17
3.7808084885784237e17
2.5897699879345437e17
3.3114313078857325e17
5.845989816001007e17
3.20726657301163e17
3.96077454986114e17
4.2059290283084954e17
4.058523194083131e17
2.4768791515032698e17
2.9080099157105e17
3.6595159205429184e17
1.9118957688364538e17
2.614361967365033e17
3.910214861853094e17
2.274584620411615e17
3.83799866373985e17
4.202591707794561e17
4.7079529650263686e17
2.3785218453861152e17
4.7157140366112454e17
2.677863866259995e17
3.945704772854713e17
3.425883277928099e17
2.6385149516812902e17
2.803569081869938e17
4.742126747122776e17
4.1609280437498886e17
2.125738572940381e17
3.39570627883556e17
3.592604764343571e17
2.7804750844320944e17
2.6897780517078643e17
3.864772311338084e17
2.616416252206055e17
3.0065459452154285e17
2.305338849176767e17
4.530434304689854e17
2.2791407548036768e17
3.290584080197597e17
4.571811265298643e17
4.359643553155105e17
3.6215174449821574e17
3.2257462917211206e17
4.017649045052973e17
3.087167695606505e17
3.6754945599295706e17
3.840595287246395e17
3.383495201917967e17
4.6640241788136314e17
6.460249129772923e17
5.107619309730766e17
1.9236594051623024e17
3.109475140197654e17
1.9625609669255072e17
3.8807465111092077e17
2.7516953763277546e17
2.7014895723888944e17
3.927382781557759e17
3.013772500437792e17
4.027405127946863e17
4.1787871758536006e17
3.34482287277772e17
3.7358797492239264e17
1.5940043846238128e17
4.648413628839967e17
3.193082772465138e17
2.8912145973453235e17
2.3362920554497306e17
3.68740333738791e17
4.5970855377283904e17
2.1699538939728576e17
4.9809746995903475e17
3.6593851354148275e17
5.1163195102694374e17
3.905756510491581e17
4.062901397063232e17
2.451213003325452e17
4.062214934368197e17
5.1667954236628166e17
4.395220971413439e17
3.127727025144306e17
4.508078032742669e17
3.905283528247128e17
3.806779059864707e17
2.6937067868290045e17
4.9347786216729485e17
5.98273352328295e17
3.2280480411771885e17
1.339908705659805e17
4.878722454034221e17
5.2665302381988454e17
3.477579370363012e17
5.6922144198558944e17
4.3871696197808794e17
5.243029308878871e17
2.5310629672220893e17
6.214534130461294e17
2.8131441810489254e17
2.969396695992099e17
4.176697713324122e17
4.6223871586935475e17
2.0231006026804774e17
3.219265576033403e17
4.358593055450127e17
3.89143073640299e17
3.0087072254532685e17
4.2873187652417696e17
3.633038555866224e17
6.57623791138544e17
2.7680456459219104e17
4.0568172291311917e17
3.5619522516088486e17
7.098598600427891e17
3.868572100069184e17
2.0390628401603946e17
2.1530525226437328e17
4.539517277804309e17
3.644900075259154e17
3.696209875406499e17
2.5446985078496643e17
4.165980272492306e17
4.354603289934146e17
3.9971812481461056e17
2.7924338519791005e17
4.0468609227603245e17
4.045420440115163e17
3.506444204903415e17
3.275785899678473e17
6.599293733568549e17
2.652671233578463e17
4.7440482763482963e17
3.1441255775650886e17
3.891186959798953e17
1.8986976623124813e17
6.150117496513028e17
5.5443523172571034e17
2.0039247265007014e17
4.2931198406216614e17
2.7998947010073542e17
5.6190775580549926e17
2.886441375620128e17
2.9089496721372685e17
1.75317817294544e17
2.6831470575948522e17
2.8408159061544346e17
2.5737703746988538e17
3.585779687045097e17
3.4961471521978003e17
3.615235784001445e17
3.8102049688621626e17
4.392577558735215e17
3.560706569655181e17
4.9220740484282963e17
3.352585913244665e17
5.004524206933838e17
3.057736389415827e17
2.7386062142733104e17
2.3808434486202832e17
4.3797505192533523e17
2.8754998472587645e17
2.7431375539195674e17
2.939441660687993e17
2.727598936668297e17
5.589315298464237e17
3.955471953166411e17
4.289245111518761e17
5.213526539262494e17
3.836871669890353e17
2.2748710670300042e17
3.09088092608092e17
5.070482942864996e17
2.898236743143813e17
3.0319841447061306e17
2.4021779976336294e17
3.3652520460293965e17
4.119320263521026e17
3.1092975278693414e17
3.150441777767684e17
3.3151635879029094e17
2.9755198883261165e17
5.009043546903632e17
3.812697836167729e17
1.1690643263629493e17
1.5697665095674016e17
3.2792777273541715e17
2.688745633529616e17
4.920036780693871e17
5.67977336473157e17
4.20423065375488e17
4.518258651957902e17
2.90438137344091e17
2.5434711030811536e17
4.486726377776837e17
3.4483855364682643e17
2.4654946551397974e17
4.3503783073260096e17
4.2539807115819085e17
3.333509475182026e17
3.550868705960734e17
3.9782080097905274e17
2.7823564640528342e17
3.819196742960615e17
2.6857676080211974e17
3.940790121152841e17
4.234004039098037e17
3.011088513825193e17
3.2973627943145715e17
4.184979867200596e17
3.2183056004594797e17
2.0508952860499318e17
2.4869722740408765e17
3.30974508649495e17
5.155775695599003e17
3.832061982811053e17
4.385150889318829e17
2.6412522593986736e17
3.2757576181445664e17
4.29250771622595e17
2.878617210828896e17
2.3436524007369267e17
3.646948434335305e17
2.953141666326641e17
4.4527059201469216e17
5.398297902735074e17
3.7157001952273754e17
3.6970408038760794e17
4.160932043305123e17
4.9630261249692326e17
3.965027081256876e17
4.51887261075109e17
3.288380334284347e17
3.8540504935761875e17
2.7403607628580288e17
3.62988737246315e17
2.5413147430418246e17
5.374693308754341e17
4.546607481807894e17
2.5987497054128752e17
2.318629623384772e17
3.358029631034315e17
5.933824385772684e17
5.5971552873611136e17
4.416888745228072e17
3.1329126484668864e17
6.027506882019965e17
5.24775608106624e17
4.2848036088569414e17
3.8326314014464646e17
1.9804313047760374e17
5.137875586527873e17
3.219640388463313e17
4.179000604873375e17
4.230883281827829e17
3.614393820566489e17
3.926773691948025e17
1.657536060369984e17
6.062632574659771e17
3.619719155099104e17
1.448923968487237e17
3.6896384153936755e17
7.594974751591571e17
4.435464060759698e17
2.565641007621806e17
2.8742213247494966e17
4.436953453354258e17
4.5515695218161594e17
5.23314236539711e17
2.7455805643640067e17
3.192085109465877e17
4.82745148902848e17
3.750608402613934e17
1.8014178647201363e17
3.234979978923725e17
2.890481202141243e17
3.476856381237322e17
3.82045544381147e17
4.5294074000129734e17
2.2747930832381498e17
2.8132757674646765e17
2.845018348286518e17
3.7245455224325075e17
5.909189796362445e17
3.29870149154355e17
5.860412524124529e17
2.3497644061798707e17
3.2176262979188755e17
5.102623425052863e17
7.82990880354719e17
3.7359341301304275e17
3.1556536442270144e17
5.261457368267297e17
2.072345652343237e17
1.7671280483590518e17
7.459400465686071e17
2.4281302868320365e17
2.8788218972538608e17
4.1644723180938554e17
2.8131940276116714e17
2.5832844395487853e17
4.442308677216315e17
3.5128670500139494e17
4.138227461685499e17
3.662299596263838e17
3.574791059402001e17
2.28543212948225e17
3.7955702447212346e17
5.2328952596811654e17
3.289405420537682e17
5.180479183236642e17
5.862141275325687e17
3.669673695123387e17
2.031709893596948e17
5.544707483426546e17
4.8291018262422534e17
3.6464714610602035e17
3.848343733635944e17
2.910620281356094e17
3.8961973284804243e17
3.257258574547107e17
2.3844008002031446e17
3.1181269376133914e17
5.7469103292778074e17
2.6524058835603034e17
3.3418340231286234e17
3.365966390318583e17
4.0298693007161274e17
3.004389771164332e17
1.8114648547150477e17
2.1635281264035603e17
3.4244528039960154e17
8.856151489024557e17
3.6944384677822554e17
5.5364705669052666e17
1.6849198046949664e17
2.691620459729751e17
3.4854447224027584e17
2.52110552676026e17
4.461257353811359e17
4.0136975791842035e17
4.0149662011059283e17
2.789642424038702e17
6.814323107139258e17
3.522030308523703e17
5.870986765999803e17
2.1320837839464118e17
5.197954425111915e17
2.7280905138369027e17
3.3516943414934336e17
3.305619416225731e17
4.4788388060070906e17
2.597382047654162e17
3.255874042884819e17
4.972551945411042e17
4.111030340989326e17
2.492813528064686e17
4.476116774410137e17
4.089974647799032e17
9.259706898096476e17
3.88733909663925e17
2.7573866915768106e17
4.72574690980768e17
4.9412433104020314e17
4.291893893621097e17
2.992266274886947e17
1.986848300771648e17
4.330051866147277e17
2.392000586628514e17
1.7380247107169437e17
3.3432893892188397e17
4.3181040852194355e17
3.2647069241471866e17
4.6291152267312826e17
3.379837343175578e17
2.96505456150865e17
2.5657168206708154e17
3.193581297637492e17
2.1944455595296758e17
4.540752475424364e17
4.901699509783198e17
6.448990575320164e17
5.036412351979886e17
6.4137826158941e17
3.354182166437834e17
1.512742143270396e17
3.621734965800548e17
5.481143991092109e17
5.704047235916556e17
4.312859201883819e17
3.0127158834576365e17
6.015906761800782e17
2.2829313039098314e17
5.239881492909696e17
4.1782505263850675e17
2.9843627047882336e17
3.572327280559855e17
2.4658624919760365e17
2.0684740157128096e17
2.631444607191605e17
3.308452710902205e17
3.116967671456725e17
3.1751336080646054e17
2.0610085758971254e17
2.732687497817861e17
3.171111099002408e17
3.639131144432294e17
3.818975425606708e17
3.3199514129103654e17
3.166941273391039e17
3.754181961633084e17
3.5000381783147795e17
5.665875712061959e17
3.122491490582766e17
2.5734252582921805e17
1.698407647461893e17
3.3524233113891514e17
3.3571841255400454e17
5.077445680933465e17
3.175634572170616e17
3.17174088330173e17
4.941950094707611e17
3.635240759835455e17
3.001168081011039e17
3.424797540308311e17
3.4408722591440115e17
3.839560302974545e17
3.09668024262029e17
2.6743789845512848e17
1.81541305612583e17
5.2777857065566426e17
4.0077017797311014e17
5.08566215259423e17
3.5693400914376576e17
2.649689394030671e17
2.8106084741324774e17
3.2960567112329805e17
3.6008762837986234e17
3.19114193277371e17
3.5490661399278566e17
3.223754880469093e17
4.8752431765697715e17
8.522345155305659e17
3.829647327707111e17
2.796883052298881e17
3.743769448879699e17
4.3058125707223846e17
3.0647903062242746e17
3.0010331725842886e17
2.930872211106255e17
4.9722133458588774e17
2.809717115999685e17
2.924755775199493e17
3.402064084367086e17
2.1324054850707018e17
3.012901673358486e17
4.5365639336934246e17
2.902004546937904e17
4.3382610852153965e17
2.907891412331863e17
5.349777407899004e17
3.393162729611335e17
3.53030725626688e17
4.1313757581845734e17
2.815475291034958e17
3.150769713297097e17
5.082632196058432e17
3.0000194417975654e17
3.085585409683609e17
4.431386011809204e17
1.6766454391287203e17
2.4642022631313114e17
5.716895327572488e17
5.335469439577688e17
2.7152171031209955e17
3.547292208047677e17
3.395130971980535e17
1.8591173437540653e17
3.71797282349808e17
5.5952624574665286e17
4.3826251925350176e17
3.146477485030199e17
6.742775722643566e17
2.3353074506645645e17
4.5576403536357344e17
4.9473843793908026e17
5.5830718924675744e17
3.5314464391558317e17
2.8262532939910403e17
4.744875299285399e17
2.822127392915929e17
3.409840537111179e17
2.666945231877851e17
2.9488511401353325e17
2.1873583872834502e17
2.87358669394125e17
3.9152960696650944e17
2.1880116815295693e17
6.290801124233426e17
5.42219642487307e17
2.3226306760795782e17
1.797945116721458e17
2.6972220335077565e17
3.222188028698488e17
3.8428888951552685e17
1.3710335200169237e17
8.003054012291968e17
5.1547930022479e17
3.8688030022858464e17
4.144753186321372e17
5.039941798409989e17
4.285578606554392e17
2.6486340211713216e17
5.648158606113726e17
2.283705779968336e17
3.340037104444213e17
2.923784775568736e17
7.370291664808502e17
3.471881077413963e17
5.422104839585064e17
2.5036547507831872e17
6.010981112194537e17
3.9224991269490906e17
3.636612714967972e17
2.9097660970104525e17
2.5505221152888285e17
2.982103190049692e17
5.974195405697604e17
3.456574408279986e17
3.561759694853202e17
4.378624007469803e17
2.0593348966334746e17
3.312190505594729e17
3.296532427853121e17
4.462777135599866e17
3.283231708103272e17
3.0126704315796666e17
3.008349887907909e17
4.148391479276141e17
3.5876916080427725e17
2.539400897961742e17
3.654941309171551e17
4.1062639880696634e17
3.925541444212857e17
3.930684684810431e17
3.513068256892695e17
2.5788810973839603e17
2.93972551062003e17
4.933937738754775e17
3.361215285074007e17
5.501692219237207e17
2.807603811461882e17
3.821697605622377e17
3.4879710353663917e17
4.718446283866871e17
4.158328927126087e17
7.161118494254003e17
3.203809610408632e17
4.132548972061322e17
4.8196084160347744e17
2.12251887122035e17
4.0371515559768083e17
2.7051025953342714e17
2.75384360278383e17
2.8820594798442646e17
2.6401546345253053e17
3.8410925062438464e17
2.2295742142344237e17
1.5098974652851526e17
3.907096133281587e17
3.4101760637288083e17
3.937292371077011e17
3.601830822961048e17
6.033332789484773e17
2.909425367864421e17
2.6810915877372614e17
1.8033898284859846e17
3.86999147314596e17
3.1441779207547526e17
3.5815598364567597e17
3.835610110358821e17
2.6353296513099494e17
2.550223800732185e17
2.6170819980939907e17
3.41262691406032e17
1.794440077834632e17
3.401221873314401e17
3.103696257824751e17
3.418057160666964e17
5.622039856289768e17
5.120051361851041e17
2.1053265977155085e17
5.6916365046836806e17
3.020039013017384e17
2.182327536468426e17
2.8236160167441728e17
4.494571883721225e17
5.3737960031415475e17
4.1884263800187264e17
3.378046440271787e17
3.871899879872296e17
2.937068266697377e17
2.4397981415933702e17
3.812773192031652e17
2.1375257137312758e17
3.04332656788213e17
4.960508434136003e17
3.0434801003810426e17
1.787442531270638e17
2.654578040013938e17
2.5965180760438557e17
3.148953549033453e17
3.185529145333229e17
3.164516853613826e17
6.32695197879819e17
3.631827152476979e17
4.0912244663482714e17
2.181666703895474e17
3.446682027802623e17
7.420384521715839e17
3.5114875368344115e17
3.611500694812304e17
3.4852660477978726e17
3.474326790489423e17
4.502516738838521e17
4.379122012743097e17
3.50534690794586e17
3.22590664730681e17
6.244101135374356e17
4.2860384315280006e17
4.4119617188974214e17
1.6578868531344096e17
6.633596242598184e17
3.3169023214878374e17
4.390490247030151e17
1.5193418451130662e17
6.069872697631924e17
2.4613395845630054e17
4.253343745896336e17
3.237288212804626e17
1.1303938231492358e17
5.763525343850533e17
4.7622768613792704e17
3.0139323162600986e17
2.537257144653084e17
3.474630424898553e17
2.584689197031285e17
6.827425530017147e17
2.790244491786828e17
2.584187615742344e17
1.9825188738009587e17
2.242302148253017e17
4.732710216851626e17
4.565631770267224e17
3.57369891814577e17
2.780219242856734e17
3.6599422673078086e17
3.965328054423455e17
5.4003478197281165e17
2.9391588614583046e17
2.1189143348158115e17
5.33102964755694e17
4.1846647253906643e17
7.93281373996858e17
2.9030609618375686e17
2.3889595109719834e17
4.389526309664795e17
2.768313006841316e17
3.2385401223855245e17
3.5325806539650944e17
3.119802940056808e17
2.111094546485772e17
4.2286333597788896e17
3.3101514714008115e17
1.9073498545579862e17
3.7214672952987846e17
3.638154120291826e17
4.7573815149718464e17
2.491359894606969e17
3.2831547994727565e17
7.337279093197413e17
3.774334473314086e17
2.8532863523570054e17
4.3451209614072134e17
4.5488482697621165e17
4.033073471099612e17
3.135925284576381e17
4.5871576730893414e17
4.3985587683453677e17
2.6017544119702797e17
4.0681733514000794e17
3.785622528579869e17
2.7242404058783942e17
4.0431777290371885e17
3.494347778638775e17
4.270916980514859e17
3.359293977626462e17
2.4115181075236944e17
3.587743380956372e17
3.389403539369594e17
2.68472065911253e17
3.1947552714742624e17
4.1363493090351776e17
6.002491404125348e17
3.3813691714757024e17
2.2831478113831523e17
3.6831030708852966e17
3.35842332093629e17
3.0170769527140934e17
2.035983043414257e17
4.345661889547554e17
2.3364520398597168e17
4.789086174447416e17
3.3868130429302195e17
3.7204245577802765e17
3.678836093116242e17
3.909117854288019e17
5.439585925515607e17
6.915711544500902e17
4.076682949049947e17
3.6180863428980256e17
4.06744808599407e17
1.3738972175985053e17
3.235235307147505e17
3.1162810591973037e17
4.58932010064228e17
3.078410676895145e17
4.905404555052967e17
1.5032744374094675e17
2.8730420304234394e17
7.412904824968215e17
2.2782473983405338e17
2.6294200968388067e17
2.1487616107009203e17
2.9035193953710496e17
1.33358448674945e18
4.7457475739705114e17
2.5555752743510982e17
4.310274895919521e17
2.7600134282178605e17
4.3705580683861165e17
1.4092699088231331e17
4.1133075687972704e17
4.093024813397353e17
5.2816454352296346e17
2.826427550619616e17
2.874690257163918e17
5.553719824196684e17
7.312207282378744e17
3.1942365763492205e17
4.3894962514163584e17
2.6491187462591174e17
2.8640227087338915e17
2.7700855238960656e17
3.523113424943891e17
2.8277344676336118e17
2.127062119668357e17
2.0628802428357862e17
3.556484279232964e17
4.2068255430797446e17
3.242443231419494e17
2.503141226380608e17
3.063189925942914e17
2.243580947156276e17
3.3322278246197696e17
4.984429207312987e17
2.796593169932283e17
3.159390326320718e17
5.284276056266267e17
5.1386518635211046e17
2.984925173416622e17
4.2608069189663763e17
2.8281336318742166e17
3.274097970991601e17
3.499307314381167e17
3.934107544873e17
5.0438156150766426e17
2.889451907184249e17
3.681004838960278e17
2.60135481168168e17
3.436540779552472e17
3.4680240221378675e17
4.2391451038777126e17
2.7950754013020125e17
1.7767363300135373e17
2.5994290979071098e17
2.908340919705127e17
1.628736913951648e17
4.3680159684429165e17
1.269308412759119e17
2.8347416130559917e17
2.620580357327767e17
4.0573594471334374e17
3.651026280909943e17
4.943710768981541e17
6.427123992477078e17
3.191310715956464e17
3.3388076406213235e17
3.746211921077358e17
4.826393490037751e17
5.886246590334024e17
4.3446152504376896e17
4.019487847424335e17
3.7412857563298944e17
1.763040435444373e17
3.989460311475553e17
3.9271036711516224e17
6.224650626664864e17
5.616840272655007e17
2.3674940686991168e17
2.114662177488203e17
3.604750921930066e17
2.4081093171132698e17
6.559757416434412e17
5.590765661413994e17
3.55246164747888e17
3.227501720500702e17
3.008690221344069e17
3.254070667264257e17
3.743766087339671e17
3.010232503500846e17
4.88741827580136e17
3.104366564129707e17
1.7702894342697216e17
3.5174971934907686e17
2.838331172029748e17
3.885120238735464e17
3.4052034689637037e17
3.785151489802896e17
3.175439423372328e17
3.598065842272628e17
4.26045953005941e17
4.92534020527616e17
5.0115727692795994e17
3.189128281739585e17
2.3424092805472787e17
6.072979134707944e17
3.045336037323619e17
3.5630389002146944e17
3.9319182331824486e17
3.180586255617219e17
5.556503144869519e17
2.8437790702311366e17
3.861015251238008e17
5.92442193960258e17
4.183754841781501e17
3.706787356003428e17
1.9043860107676682e17
3.202666850302277e17
6.339235492563164e17
3.7443371694135706e17
1.684734551484069e17
3.4876296485125696e17
2.713154403811947e17
3.718046275347828e17
7.930677259615598e17
1.9965085941053718e17
4.296482106144679e17
3.668056042945736e17
4.204465840095886e17
4.244445203760445e17
5.871722404122825e17
2.6040587636382774e17
3.077253346199968e17
3.1519621949755174e17
5.510378845922404e17
2.2269905460843094e17
3.667787654579979e17
3.4669333583209696e17
6.242749424569594e17
2.5390125412124832e17
3.954982588041348e17
3.8342785232513235e17
3.499032853543294e17
5.304285727544098e17
3.6864823486182694e17
3.369494897624577e17
3.600987200042749e17
4.176837412242905e17
4.4754107804319616e17
1.2493858341605008e17
3.696726198295655e17
3.627309981437468e17
5.399124657884897e17
4.0739730691096986e17
4.281954073426105e17
8.23777996745603e17
1.6037709541348986e17
4.1523058226964045e17
3.89807638396273e17
3.319502479130239e17
2.251194127006395e17
2.4846756247528822e17
6.01042935983738e17
6.395320182503361e17
6.597344956627459e17
3.21159797203517e17
2.8005659733814592e17
2.4089904721695622e17
6.017594717474345e17
3.163642562422672e17
3.4699196991803174e17
3.5011985851775565e17
4.7142059971243315e17
3.249289617585704e17
2.9078186584083e17
4.3990128111097e17
2.8794900338042765e17
5.41496189718261e17
3.1613267305687296e17
6.440693216252257e17
2.0100874110213898e17
3.618681309420927e17
2.8327093160239018e17
1.9384640210377667e17
5.471477573852859e17
2.965927045195872e17
4.1455258556288256e17
4.876164698824116e17
4.566685506252186e17
1.740004145470606e17
4.6927968368468064e17
1.998999562835164e17
2.3288375664289194e17
