1.4788142116406432e27
1.2164071770970903e27
1.0381953473603765e27
1.8760754372323578e27
1.289709161916165e27
1.4112463280410598e27
1.1434361240102227e27
1.8960524981715372e27
1.062004096667387e27
1.0921401867892039e27
1.4532748890279992e27
1.0272481504180898e27
1.6160186170174457e27
1.428604216751698e27
1.5192469937991014e27
2.0827437613626842e27
9.614782081632917e26
1.8060345030678083e27
9.624814030849885e26
1.5907145913521747e27
8.000282990671086e26
1.3090951313940557e27
1.9752726529421456e27
1.024772105958968e27
1.319694001857729e27
1.635700806327803e27
8.974005813853376e26
1.1967458423048104e27
9.109769887999096e26
1.8050616152146101e27
1.832604591922698e27
1.0230185492401034e27
1.1921435808927399e27
1.7576499466264655e27
2.1850814035555644e27
1.7047236579548573e27
1.520979000044673e27
5.657728468528721e26
9.054382143092042e26
6.652128002433833e26
1.5522694779904277e27
7.987960598088897e26
1.053396489088657e27
8.537685035541974e26
7.278959346603787e26
7.291788520391351e26
1.074363001905177e27
2.628246470043926e27
8.85227460594446e26
4.771217457789666e26
7.211338281950204e26
9.997145951376196e26
1.0651785659635012e27
1.7878385954546722e27
1.796520392693688e27
1.742259687274292e27
9.673761235566999e26
1.1053974096250772e27
2.8035498340561345e27
1.5520615993785917e27
1.623954108221427e27
1.5390786125141516e27
7.615601943589264e26
1.8040755775311255e27
2.1783756623486847e27
1.5943278827300094e27
1.0233426717998119e27
1.89296121963216e27
1.2628601732353108e27
1.032440711739641e27
9.067661513453665e26
1.0643182768832518e27
1.5978809351729087e27
1.5377407890743794e27
1.576621755653263e27
5.713559852395892e26
1.4369563465773935e27
1.1894194925727287e27
9.73927247651175e26
1.1187068148266176e27
9.27629107400593e26
1.587797714372418e27
4.9096743551518995e26
2.100463651178449e27
1.7034324321353187e27
6.757625222097015e26
1.1911697646994466e27
1.2845148178155292e27
1.058989447762372e27
1.3358842053328867e27
9.27065002793774e26
1.8367229554013556e27
1.6835657270113226e27
2.347735406689858e27
1.2111132929066502e27
1.252505289988478e27
8.930122808106659e26
1.740901038291051e27
2.2620921253813477e27
7.976504429682226e26
1.0959129212381238e27
2.0265493062232804e27
8.217889258728082e26
1.5440552336248217e27
5.341812157123683e26
2.080598844332744e27
1.1607246734842637e27
1.8897915213193746e27
1.2441347629463721e27
1.3479868228210743e27
1.1312663353054152e27
1.0508515062943479e27
1.8749918350742668e27
1.1714468075805157e27
9.732344447638839e26
1.1541616322051324e27
8.206391790084905e26
1.5666894998584983e27
1.7473830698282e27
1.1266685468642029e27
8.634388753070435e26
5.3733543493500095e26
1.0534208539264952e27
2.2492742622695576e27
1.397251008435163e27
1.245703566630648e27
6.0822120469951056e26
1.385193762177071e27
9.183095446267879e26
8.056033682876595e26
1.5659995905403397e27
1.1182228826313712e27
1.9189151086382793e27
1.401938834446701e27
1.4802962477651516e27
1.3026315457791233e27
8.745457795086411e26
6.181961506134077e26
8.178612897531511e26
2.0581421830046523e27
9.976547760298752e26
8.609144919319861e26
1.0874734868794098e27
1.0244261488218036e27
1.4639918604324852e27
1.5860544376594103e27
6.793255468846823e26
1.285921833125268e27
1.596935998751327e27
1.7575837256530966e27
7.589780826654051e26
1.994244716152974e27
2.39310929153489e27
2.0312856405924073e27
1.3694545366264698e27
1.9347261893563083e27
2.2041575812276782e27
7.440584244075798e26
1.0255895043372753e27
1.1805325633142921e27
1.0149772230375133e27
8.34246958683428e26
1.331618077557359e27
2.1842958655261533e27
1.9024972778905576e27
4.368772123593498e26
1.514978463956667e27
1.3592100252729682e27
1.9986448267208708e27
1.510290192872392e27
1.915237117795388e27
1.6494772408269341e27
1.037534762248754e27
1.1752904729269227e27
1.0200810701065256e27
1.5150093175267568e27
8.222601167378021e26
1.6050744998830893e27
1.6983461638576048e27
1.5773129611500257e27
1.282842918398765e27
2.67684416852702e27
1.1167992435172854e27
8.478482039631869e26
1.6911594857167723e27
8.99811889638409e26
1.5840554682905116e27
8.219287345994953e26
1.7195930928571102e27
1.3359555933016268e27
7.450889293056624e26
1.9740026437743947e27
2.2244209561597511e27
1.3491808530041208e27
1.0880346476715567e27
9.179548075833702e26
1.660216666428204e27
1.0037739004678413e27
1.2350890438618416e27
1.1897704297589142e27
8.229059803079667e26
3.4066059373136035e26
1.1317951842609947e27
1.1850792156403815e27
1.959726858222365e27
1.159698083458443e27
1.622475598579614e27
1.4307501069587552e27
1.2198813945792217e27
9.686422122827924e26
1.0108131782750305e27
1.6209649272845895e27
6.527898746476797e26
1.9793047885318396e27
1.1856234397159399e27
1.5873529524687042e27
8.378462845322586e26
8.188146133643258e26
9.946564138842478e26
7.393544709696933e26
1.7602178178731013e27
8.950851570370205e26
8.974300012019645e26
1.8139341694145234e27
1.0075999575577654e27
1.488047253811506e27
1.8175232687254202e27
2.0523557994161257e27
8.095969976450021e26
6.752578631228856e26
1.6264210123838347e27
8.463878149791312e26
5.2184986089051305e26
2.0911849240776477e27
9.732186257871818e26
1.7183333337358008e27
2.8515112818571693e27
8.416102327230103e26
2.1611741220665672e27
1.589601055665647e27
1.668091516734727e27
1.1904959049148605e27
1.353259820734945e27
1.6691773771505e27
1.1733653177965689e27
9.526334476461056e26
2.507216952890131e27
1.7187062320172868e27
4.602465096618864e26
1.1566431660712494e27
1.4297864255741983e27
1.2092676150406322e27
1.2223066757345837e27
1.5131873507850237e27
1.3082315437782907e27
8.044357190708655e26
1.183496817278136e27
9.054634288685178e26
6.551742092926201e26
1.1619229113024062e27
1.1439655021816264e27
1.3863413487818624e27
1.300992865223498e27
8.650447179420518e26
1.8487894666566797e27
1.1758330273280961e27
2.0433563533016535e27
1.3779915040022014e27
6.74499162059885e26
9.017614322407892e26
1.7286416026584413e27
1.4127587441651352e27
1.1996889122040331e27
2.7444509446456823e27
1.0967555992511666e27
1.863790695197527e27
9.401691754135898e26
3.7682004960644586e27
1.7395924821922218e27
2.2918677201372724e27
1.3272361139743663e27
8.478245480527961e26
4.3648861952573734e26
7.611640611079842e26
1.092163874909211e27
9.73659328835191e26
1.1886658656722588e27
9.538541095786175e26
2.1818993103205743e27
1.312664847392567e27
8.474972158603995e26
1.4102993688357752e27
1.1190978484962592e27
2.3732276329568888e27
1.2445243288937686e27
7.956209148346353e26
1.6482555733643158e27
8.432195714887571e26
6.646480684753228e26
1.9314755293870256e27
1.6405885727497546e27
1.8145258742133856e27
8.230867537260227e26
1.7456629128363658e27
8.268852581681517e26
1.3967316020399227e27
1.2248183025147989e27
1.4395297600380838e27
1.5055220956165186e27
1.333602685629501e27
1.0641298798101627e27
9.962642995277548e26
1.1314457767522404e27
1.4102834593916087e27
1.200440137199364e27
1.0633247165103162e27
9.392468672398708e26
5.964142274802429e26
1.2742364090560371e27
7.216325712461068e26
1.174865395452176e27
1.3053536960707562e27
1.1463181937760207e27
1.0871808487735236e27
2.0738530933173347e27
4.229075995318322e26
1.5062253914445438e27
3.013253596904132e27
1.7195884823004178e27
1.258860899840347e27
1.7318268595196278e27
1.8288533894926894e27
8.314000791621281e26
1.3372683092281923e27
2.1149958484064326e27
1.5280860344984535e27
1.1060640629934205e27
1.1813902371957438e27
1.6090603969146864e27
1.108472518754637e27
1.4072987999422324e27
1.153941228203808e27
1.0976700192805884e27
1.3676460709125783e27
6.890072533931529e26
1.4278600082751232e27
1.6625839769416943e27
1.7933334857333063e27
1.4385050587875878e27
1.2223039419008652e27
1.2194710013806277e27
2.2947739437750324e27
1.1593553209034966e27
1.1401467894935922e27
1.984911328447326e27
1.0158032067492101e27
2.561150020902014e27
1.2156050578107606e27
5.84904801114865e26
2.64697797620239e27
8.88507153270247e26
1.4736574336170438e27
1.2641755259190964e27
2.0015912194434387e27
7.77154085562364e26
5.532470629319829e26
1.2001876982010572e27
1.0688125968534338e27
1.2183132183052962e27
2.5732069419836754e27
1.1162348199154014e27
1.3122053231064476e27
6.338416936498436e26
7.039446768402236e26
1.1931614092361237e27
1.9303920342642868e27
1.8956080972652044e27
1.996300005048884e27
9.461909392192937e26
1.4044305424329987e27
1.0178480138614703e27
1.5817265919171986e27
2.0466749240014727e27
1.6764053882350428e27
2.508753217969005e27
1.4147796054629293e27
1.6973530780180547e27
1.838486020497503e27
2.1882851852833811e27
1.5539340146772092e27
1.4058463005544682e27
1.2574719427814436e27
8.296850007355652e26
1.3964195069838622e27
1.8602795404170636e27
2.0518203345065175e27
9.449798157990103e26
1.3698047283068381e27
6.330315644741855e26
6.392200948544542e26
1.3701421397903073e27
9.079791725874081e26
7.541037470742682e26
1.9573678287536775e27
8.227269530078093e26
1.4134253072050677e27
2.2039525815280977e27
1.2708014464093097e27
8.812234935420539e26
7.630545099486718e26
1.187605629267401e27
1.0966477165685227e27
8.000998266852735e26
2.4663554302957764e27
1.0218734601228407e27
5.86350467341654e26
1.873524341559089e27
7.65748150808286e26
1.2648465862744514e27
6.156705657102264e26
1.177374623613765e27
9.298939867747435e26
1.3198939393745192e27
7.276066343206548e26
1.7520375275724157e27
1.9035681242946988e27
1.6279184875537003e27
8.963235982238471e26
1.5048647034352277e27
3.941719992573468e26
2.187625395363317e27
9.169389650946068e26
2.3587074883605665e27
1.1292765785351136e27
4.661652845349338e26
2.1105177053793673e27
2.0755291993721801e27
2.325957363650572e27
9.539459344994305e26
1.4048797457791755e27
8.134298192110146e26
8.093350232297949e26
1.203661698390579e27
1.7101744564961834e27
1.1451047418113119e27
9.567382669906675e26
8.640024849783012e26
2.943825036471002e27
9.388449688299987e26
7.610618519261454e26
1.0827243996955604e27
3.3642132898889165e26
3.6167044062553073e26
2.0602207630453195e27
1.3628888549558514e27
1.0071897786191156e27
6.253013203311739e26
8.721154169894193e26
1.7337409232115006e27
7.314410847962055e26
1.1647181657466781e27
7.116932553201003e26
5.019062503743381e26
1.8272153629911695e27
1.5525036101624957e27
1.323273886895262e27
1.1313201135504686e27
2.188156108714826e27
1.535337915012368e27
1.2278422056855918e27
1.9439980796012936e27
1.1548211753475421e27
2.5792455434741634e27
6.80709225510866e26
2.0680666004558208e27
1.4668748831073588e27
9.787580976697271e26
2.4086312055659783e27
1.271321528136534e27
9.51663646010824e26
2.1858519754307747e27
1.4677778751021509e27
1.0717204270627722e27
7.373391708555779e26
2.0950905747419515e27
1.0900269161022416e27
7.812219072061944e26
1.6349239462363175e27
1.1202502026812985e27
9.677730810295022e26
7.473884621974368e26
2.235226204898479e27
1.5674044749995751e27
1.4237094827202575e27
6.544438515600978e26
7.951490802099592e26
1.552766956555147e27
1.0295692257616947e27
7.406193045722938e26
3.1366330038719036e27
4.548998630198904e26
2.6651677515152555e27
1.20285002577182e27
1.4216524563435947e27
1.513976696994306e27
1.9221077019705024e27
1.580269959542636e27
8.188733982852925e26
1.9386498327718122e27
1.2863268697543054e27
8.24517123172154e26
1.2466475989525077e27
1.190819592694432e27
5.059801681786257e26
1.9098778146295492e27
3.054835991591489e27
1.575839338757207e27
1.0971174181325118e27
3.302573283378152e27
7.630846795460176e26
7.179574941378477e26
9.044642456219965e26
1.0494131336837373e27
7.097743241940066e26
4.7819442587678565e27
9.153788789312315e26
1.335206497745735e27
9.612110205810112e26
8.728414177623738e26
2.1237016742870454e27
1.526253335642155e27
1.6935250662019112e27
2.145729940280898e27
1.0956840062851858e27
1.4284605710934356e27
4.960519712773452e26
1.504582275612539e27
1.4660178515048142e27
1.6517501538877802e27
1.3888970453882054e27
1.548202145561206e27
1.263848504283854e27
1.9820596475157046e27
1.2020024411528725e27
1.6227849381249583e27
1.2126348945014058e27
8.969993515313508e26
1.0015747552853583e27
1.0895806245539634e27
1.6144398235676783e27
1.2336021341207144e27
7.84905830236979e26
2.193193411714052e27
7.483234701169595e26
1.5700914088831632e27
1.1468779655016133e27
2.0042858239914585e27
6.10953494306293e26
9.293146784427958e26
1.5091650282412376e27
9.22059319465524e26
1.0409048352923526e27
1.4488528069063986e27
6.914844604285098e26
1.4176342967452824e27
1.1530608843217835e27
7.412119231907684e26
1.7990518318685906e27
1.0761808185573201e27
1.2052557912653621e27
1.1016468887831753e27
1.7133725132025206e27
1.2136021220737837e27
1.731035225207273e27
2.3762950951690222e27
1.2758958628367262e27
1.3753935508728876e27
1.5006537632342199e27
8.096772805163729e26
1.771526033953068e27
9.712267506269966e26
1.0973163830206559e27
6.643642299946945e26
4.378157467231264e26
1.4642360544600796e27
1.5619828391041168e27
1.9904995816039226e27
1.421492514437739e27
1.1928456058864686e27
1.7010314345869435e27
8.859424378129497e26
1.0333845514493416e27
1.3946125222227854e27
1.2604739553395227e27
1.1199753457584e27
1.007306880813539e27
1.5794967322262765e27
9.697815087066921e26
1.524443286551932e27
1.4131450066890998e27
1.4415481756851233e27
1.4328391902755683e27
1.4621973413773135e27
1.1182348626060132e27
2.8117860251714267e27
1.403887305020979e27
1.547084440728826e27
1.2774194531821878e27
9.91434932279154e26
1.0454795658503226e27
1.4565186629092175e27
1.479099998772676e27
2.060038580084723e27
9.500530550295917e26
1.0894913197900071e27
1.5954129614926682e27
1.4891684131615322e27
1.3613496520769978e27
8.746810045960758e26
5.1104678193833446e26
1.6808015572624516e27
7.696169483144301e26
8.965506843667486e26
1.544193351067104e27
1.9997854167152524e27
6.958509643859161e26
1.2333922512818441e27
8.860569060502632e26
1.1832824873137751e27
9.901784757970435e26
7.667908035469115e26
1.2486439394448345e27
7.810285047813473e26
2.1689768646635568e27
8.83887715261852e26
1.6425499305162046e27
2.233682820959488e27
9.136399439303326e26
1.5373737023263965e27
1.2254068580958598e27
5.215883255244641e26
2.151520617371313e27
5.723416872458959e26
2.2613605384533816e27
2.611289017745649e27
1.251756569547019e27
1.7721747841315027e27
9.515665762723777e26
1.1075966409659776e27
1.2543265622172482e27
8.312790360534449e26
1.1406538946516193e27
2.14106361773308e27
2.1790394571438406e27
6.583520664939002e26
1.7364789810780402e27
8.770489035310164e26
1.2531679836568573e27
1.6355043068279686e27
8.354110806264808e26
1.517197093624634e27
2.2057266188440356e27
1.6814440069159847e27
1.5415452569504115e27
2.511711684698403e27
1.0610832589983967e27
1.3889577708412578e27
1.224102277080373e27
1.1044209369238362e27
1.1587118221042816e27
1.4745794622973729e27
1.7216517532072504e27
9.33091560521176e26
1.7587735138245427e27
2.4091516043971637e27
6.12617194607408e26
1.0792876081486994e27
9.18290041921731e26
1.8509454943106732e27
1.0422939464604138e27
1.7385419210181807e27
1.7533887949738962e27
1.0494831663625382e27
1.359439120634294e27
1.0455213638577493e27
1.7236018888359284e27
1.9628284084293782e27
5.267908748423077e26
1.5957486751211083e27
1.4797744884428805e27
6.517128353290612e26
9.891086363395417e26
8.847231435628253e26
7.828789877917738e26
9.628061821503899e26
9.34188447187356e26
1.3897779397334717e27
1.2296214801189796e27
1.231284255514906e27
5.951485356719876e26
9.426974868430777e26
2.5600701229083054e27
6.76027157246986e26
1.0666132929429657e27
9.454419141911217e26
1.3932981380068057e27
1.2004301609701527e27
1.8204716352353757e27
1.385519656333741e27
1.200153779269535e27
1.278978174921799e27
1.8185943637730552e27
1.1964324925957376e27
1.980630715033394e27
1.2713747723660902e27
1.7354165745691604e27
1.7557192699861423e27
1.2754362651535886e27
1.1024056182943948e27
1.267432132286875e27
1.6165100165442226e27
1.5445631876098402e27
3.562196610180684e27
1.45594674070754e27
7.926363968393427e26
1.2079738922242029e27
1.9407295098624968e27
1.6229000811371717e27
8.297524464892891e26
2.717912993704812e27
1.8739549023536013e27
1.1848279862027543e27
2.8997132956786465e27
1.92973370074941e27
9.965758923725226e26
1.8667479085030918e27
8.718610675613438e26
1.0640052861451989e27
1.1866818469441136e27
1.7833367709982696e27
1.1063216499310709e27
7.455762782112373e26
1.6464866281189609e27
8.100636072822734e26
1.1912336396351004e27
6.678739467741337e26
9.349543768343004e26
1.1663200609147252e27
9.631376020221649e26
1.5170651172646887e27
8.905432538750419e26
1.9538554716464246e27
1.018246698358057e27
6.520713154098685e26
2.3194740141565248e27
1.6623858698019284e27
1.9136847069538023e27
2.124655633506252e27
7.301371512217526e26
8.014895240669772e26
1.0182909210278798e27
2.723220180233752e27
1.6206687243349586e27
9.571935126177384e26
2.627062738551276e27
2.065354755572789e27
1.0575270094396655e27
1.7101410947371016e27
8.600692554517938e26
1.7270199247438997e27
1.399210690779731e27
2.119164519719661e27
5.172145280548603e26
4.9605275397330346e26
1.4745127049933255e27
1.87022156053877e27
7.751482558596628e26
8.482894537572096e26
6.628869021218052e26
1.0165791488003248e27
1.1252404901485356e27
1.5193891226762095e27
1.805630253569084e27
1.2101614883634875e27
5.4420006601152784e26
1.892104108735032e27
1.7796417373653007e27
1.160986785012052e27
1.418658226917322e27
9.020608232062408e26
1.5678925401316718e27
1.3179613985432364e27
1.2125392297953549e27
8.093690947979227e26
1.8065952305144074e27
8.449444087816908e26
1.0027813323601007e27
1.1797360129132848e27
1.664633753563704e27
7.563279969151076e26
4.086603901501004e26
2.3350131942961124e27
1.3734620463949568e27
1.9987541318565513e27
9.374973584949832e26
7.17365716480977e26
7.9246614065271e26
8.270177527811337e26
8.074053388866645e26
8.649472794905258e26
1.388596139958386e27
1.0681370665531791e27
6.182536253824084e26
1.1969041729899628e27
1.07594355995306e27
1.7324282768978618e27
1.4392684064315624e27
1.6530016016510962e27
1.4932359216970172e27
1.0276629534896903e27
1.1807913616491955e27
9.545367722965382e26
1.8756271648675238e27
1.2208319217580759e27
1.4738551265725305e27
1.645078371242173e27
8.603028162513378e26
2.569983866635591e27
1.0728904171527744e27
1.924239536886001e27
2.3545060077094372e27
8.550686925708303e26
1.518393996233271e27
8.024724218085098e26
1.3592596061467118e27
1.6724050440473093e27
8.568203812256678e26
8.629887325275302e26
1.439166234910997e27
1.7260346251922207e27
1.482425412075438e27
1.294859511173726e27
2.1628457265372594e27
1.4164556909992314e27
2.0003618020992608e27
5.07425875549505e27
5.139151439387387e26
9.155000178048546e26
1.2911031570752683e27
7.094389734846072e26
1.1691681132594028e27
1.2576278471182997e27
1.5044592836416808e27
1.8501545749752148e27
1.2109988384006002e27
6.962443832883812e26
8.11492976269004e26
1.1847376831258934e27
1.7448583109288113e27
1.1208544517365755e27
1.2642658884728818e27
8.417327931485196e26
1.4023213313872364e27
7.823441904194725e26
2.1233551468281758e27
1.9562319991797168e27
9.705645730886229e26
1.241363162236873e27
2.1838249202242414e27
9.29777643241474e26
1.7927272547812304e27
1.635666441808108e27
1.1484029155187968e27
7.924588471082286e26
1.1840278383801633e27
2.415313694605374e27
1.890589596316167e27
4.225582631078521e26
1.4366041489980142e27
1.5286640214522986e27
6.522717326829768e26
1.0002775673083231e27
1.3811004979934984e27
1.6205441786822518e27
1.93064450917865e27
9.907713684721619e26
1.2406326253408136e27
1.2041836250775515e27
7.651474292409414e26
9.399094658891841e26
9.435462889036969e26
1.2545853284756604e27
1.658432703117939e27
1.156700044398218e27
2.4151172948592929e27
8.222833795467716e26
1.9108048353518524e27
1.3475199242810878e27
7.010524744273964e26
1.0417319465210847e27
1.7454807055189378e27
8.860792647068337e26
2.309867840292912e27
1.5681089051737824e27
1.555662329723043e27
1.6027751694625297e27
7.14263642666189e26
1.262850378540571e27
5.398004107700429e26
1.4503424702104442e27
1.50815757588237e27
2.1051738428793443e27
1.1998108546109676e27
1.1053618055407192e27
8.914056657250736e26
1.8562142559898783e27
1.1226359475951085e27
2.1046036564825878e27
1.0966018568391821e27
1.1246355277023549e27
9.335116275515903e26
7.769673861914897e26
4.0903750314386705e26
8.866933308165912e26
1.6314437309341477e27
1.7529793638959093e27
1.5317881604304654e27
1.9318971450656507e27
1.967998284324942e27
1.1793261306797001e27
1.9726104676564907e27
1.5242014200054223e27
1.4961879070469327e27
1.6225607367862963e27
4.191962890104395e26
9.140858103568184e26
1.7837821110658386e27
8.139669093553375e26
9.884006471178806e26
1.5888924416235355e27
2.0578303595860662e27
9.417500991304535e26
5.130503969613899e26
1.5526661288104742e27
1.7603851450847729e27
1.4086176069353184e27
2.149895982049786e27
8.46949121103458e26
1.8289782594952676e27
1.3094736929781896e27
1.1482704559527862e27
2.1719631266884232e27
1.4876809399589e27
1.3166621151034553e27
1.8848075678474616e27
1.8101102856233091e27
1.469126247224113e27
1.6464454320001504e27
9.086383050279823e26
2.2624187159241596e27
7.148476420744287e26
9.488493079821087e26
6.714991017213302e26
1.6353516102194748e27
1.0528028573928329e27
7.603932016559554e26
1.1911147383636436e27
4.796157861050684e26
2.1395429026906778e27
9.544321226183295e26
1.0131679100749013e27
2.1586713100596575e27
6.69657795697771e26
2.035032880743348e27
1.5406303086597594e27
1.629566457131549e27
9.462214081208053e26
2.3318084488478715e27
6.350175322866835e26
1.05571909940886e27
1.0083422924964411e27
1.3147498126603365e27
1.0619845161069747e27
1.2777777587567162e27
1.1786521072723419e27
2.449601826928441e27
9.569463647856358e26
2.5924869834463556e27
1.1404046434240314e27
1.575719271394059e27
1.3563957007571548e27
1.134289315640658e27
1.5153263576965617e27
8.523752837404718e26
1.1269463324567976e27
1.472365475701654e27
9.238002245529634e26
1.1809005570453832e27
9.045163602660014e26
7.258328282280871e26
