3.276830235605921e73
1.0464866176312416e73
3.7735899971739656e73
2.8948360791123924e73
3.6614123331693896e73
7.072433508069302e73
1.2447011092885676e73
2.323922919130654e73
8.801289238099448e73
1.654177353625144e73
3.731043863817962e73
9.311007271209604e73
2.7073537801014067e73
1.5313987472206767e73
2.0389398499022658e73
3.9526620474962244e73
1.6388447385884958e73
5.199312356135328e73
6.349184546630976e73
5.1696415366694604e73
3.407850812695306e73
6.1749210836313e73
3.356344963343552e73
6.875123685375279e73
2.1069449740315826e73
2.1581448435810925e73
4.1036409654429257e73
5.5341771080106894e73
2.4923006130306656e73
5.732501766816708e73
2.2628559275806502e73
5.98146877853732e73
7.506580936535085e73
2.6871643186832652e73
9.432839641696175e73
3.1144407531734704e73
4.3128793580693866e73
2.1728422582880004e73
1.9787412056555136e73
9.866879973280513e73
9.044403539748511e73
6.65587208249921e73
2.95703810156637e73
1.0892582792389209e74
2.92319898794337e73
1.0246837622190005e74
2.102718794293568e73
2.3369304748985184e73
3.916886494465089e73
4.950367361852326e73
1.8084804358078908e73
3.876146081693523e73
8.590598252384884e73
3.991535979560632e73
6.227039952877381e73
3.549699663396574e73
4.585066450466245e73
3.1266580412574984e73
3.46552578950017e73
2.189769138141787e73
1.699662549405517e73
3.61069869497935e73
1.7546588308361402e74
6.332686211630132e73
3.0123178951112844e73
2.866866130742242e73
1.0361574536218046e74
6.112803122329095e73
1.41416399488642e74
2.9334513485117236e73
6.331907591491246e73
4.501069052920106e73
6.453486002469195e73
8.014877090261939e73
4.6197511835230764e73
3.3198826547933687e73
1.278627949504785e74
6.476052156495258e73
2.8867652504103226e73
4.250184399218064e73
4.465244292430876e73
2.1648596896514255e73
2.6929381280273547e73
5.881409362816565e73
2.036958002072867e73
4.2394960781878536e73
3.8582667056704136e73
3.167970084098698e73
2.759143795544508e73
6.751553993888106e73
1.0500017296538995e74
3.2006417575856875e73
3.207672376439315e73
6.213178051796376e73
3.579075957493699e73
5.665603526785115e73
6.685596739492408e73
3.6715693366565404e73
4.7832396660880346e73
3.241694813383737e73
5.679225115200105e73
3.846382063626477e73
4.8074837754634866e73
3.6357797440721176e73
4.5959291271995265e73
8.171868834505894e73
6.984431981885203e73
6.943425721573579e73
2.7330197304162238e73
2.617533892392192e73
6.052803596428681e73
3.798959988952799e73
4.1532768972503634e73
3.3069522623816126e73
5.35195638138855e73
3.6196449350355786e73
6.854241084745131e73
3.665626805395217e73
7.147079287346879e73
2.1303667384716613e73
3.752461267658759e73
4.191557014454123e73
2.3279486955385193e73
4.0842806145156585e73
2.965846012965642e73
4.873196160093657e73
3.83394787770219e73
5.626466603528223e73
4.462945332609022e73
6.03179306927776e73
5.3327963636734635e73
8.214957691227262e73
7.729777155119817e73
9.604247380007282e73
8.004397377757979e73
3.8608309183377375e73
1.3115135115962855e74
5.371804150599528e73
3.388431477843379e73
2.1804176176972565e73
2.1816128165811686e73
3.716432408001045e73
8.330401001049353e73
1.7339715889062954e73
4.268548243653228e73
5.0829874034638205e73
2.6473794375592612e73
2.3094482849477263e73
3.4281785957543186e73
4.1914224645354166e73
3.845818076089294e73
6.387213153808351e73
5.656373257399819e73
4.364464533224335e73
6.773937998394446e73
6.032328083046679e73
4.4187122761194577e73
5.0501238940756806e73
5.5074957271342116e73
2.508518291218572e73
3.887386150119521e73
5.290665659397814e73
4.7996386538733206e73
6.900964987695062e73
7.333438122977248e73
3.168190664356631e73
3.565052170393948e73
7.518633961462497e73
7.87417096431619e73
2.8013191332343658e73
4.327884139625993e73
4.188763437858705e73
4.884414250469627e73
7.79339263912734e73
9.509587590727101e73
6.305199354090848e73
1.5350148864419303e73
2.930296525703393e73
1.5509864362766844e73
1.7467115354583858e73
6.673014061581745e73
5.301368679032156e73
4.2843300638109766e73
2.3980487339912982e73
3.833893571528356e73
8.44043498846484e73
1.5112977066439048e73
3.082160709116403e73
3.62696420001135e73
5.2117411013981446e73
9.235250813111119e73
3.9972919449871694e73
7.30532065020927e73
2.3037348380177627e73
3.3606861596980166e73
3.555563001410709e73
7.172561374179975e73
3.4903301839466805e73
2.5567820690595236e73
5.0072284103057894e73
2.4634072866601462e73
1.9274643077305268e73
5.4466421269386276e73
6.740397647725513e73
4.165079719149339e73
3.206293460482119e73
9.258569469847229e72
5.2170238086319587e73
8.653508442125443e73
5.134189047687384e73
9.602627085996282e73
5.663660185986002e73
2.4859632742631643e73
3.563690746005503e73
5.529534014752047e73
5.3887043773109484e73
1.3475250151828453e73
1.446264282131662e73
4.134636090221237e73
5.2080820721974934e73
9.856213957702918e73
1.213223099661347e73
9.988700445506417e73
4.6962077309438794e73
4.3970179783088397e73
2.9839088225957746e73
4.115749138129022e73
2.4191355882220043e73
8.821460690081146e73
6.76531559678613e73
5.764915792862756e73
7.163681033511657e73
5.945532095339361e73
1.866127198350181e73
2.5128035696464813e73
6.152384154640444e73
3.982117645043589e73
3.6178648349975606e73
8.304160594772601e73
5.733295256207767e73
5.769334212434297e73
4.297981213513163e73
5.0638596922644266e73
6.047945772222134e73
5.5737967454323016e73
5.1210560091429825e73
3.8298079598658813e73
8.482725183083864e73
3.688946534298576e73
1.5492294861490556e73
2.8562607857275083e73
4.457916073478118e73
2.4659240278675947e73
7.754063139211513e73
1.053581691971414e74
1.5683707450099437e74
6.479746181927704e73
4.182837376153308e73
2.7255077637417266e73
5.84082758571457e73
7.900616940417892e73
6.312703382973302e73
7.162906528569055e73
3.7733842256375845e73
4.593565433422086e73
2.0747899407811364e73
3.973192336762388e73
4.793141191990207e73
4.7532645571262745e73
4.7935076802703394e73
3.833533020551666e73
2.714998247517975e73
3.808525635688179e73
3.740045885313897e73
2.731049167801439e73
3.51259581591543e73
5.86486180437755e73
3.5624864839188933e73
1.752548285411513e73
5.988378405215262e73
4.532675584388751e73
6.985486905205517e73
6.21764610408981e73
5.771961595804612e73
2.89124675664027e73
6.354904117817082e73
4.5634103733117316e73
1.1191362294207745e74
3.445659113258248e73
7.048922830808949e73
2.9875015845681854e73
3.3113752322284805e73
7.242586235834578e73
2.6227997048072154e73
5.7863554241202e73
9.12484948108624e73
7.307708868430824e73
4.327238308759347e73
2.8933147613044486e73
2.373513107407899e73
6.763655569637287e73
2.6046814703522457e73
1.7729525761622558e74
6.720810792506922e73
7.144002637280265e73
2.96930524366171e73
6.728649306869423e73
3.1643308692443465e73
6.94630358251174e73
4.30367874270175e73
6.09493572202391e73
3.31431642346975e73
2.559279712694771e73
9.413246108799242e73
4.697163435352319e73
8.754705687907558e73
2.147667973759118e73
4.9243462417107566e73
9.448326210607236e73
7.835447574887314e73
2.0429224822889577e73
5.126374936444436e73
6.683291649179144e73
1.5159364155395647e74
4.3993811885542214e73
7.983601989908234e73
1.3319709045534228e73
7.508619411620758e73
2.672206368072059e73
6.762201191570392e73
1.104028630755028e74
1.743052587717764e73
6.512204682801005e73
3.3822698359450227e73
4.0137227333068784e73
6.243860640906886e73
3.643929181856596e73
9.754658415688306e73
4.202368441378992e73
4.2468596706243434e73
1.718894094414379e74
1.3152134646307723e73
3.822153733140335e73
4.299487085698552e73
1.8852436864824067e73
4.4137226350462565e73
1.422886698340578e74
1.0002530992577261e74
6.007206338482433e73
8.314919667317688e73
4.63454508237781e73
4.70034563203595e73
3.359213475800112e73
6.387080576860537e73
6.211288344550537e73
3.4201017127420797e73
8.340338932284157e73
5.07183604281023e73
6.366392432285457e73
9.579634038092184e73
5.288321772030586e73
8.25215921870002e73
6.331955028501863e73
3.602427717020263e73
3.2369995990562977e73
1.5548524426611248e73
5.17680925545691e73
8.822725020969102e73
2.458682360600262e73
1.1595655740578535e73
3.049915142607543e73
7.348099821388277e73
3.860859762892429e73
5.711553569573773e73
4.619298433943846e73
2.3919849876182854e73
2.859532380002425e73
4.186762780020027e73
1.4042790718544793e73
7.67646091318726e73
3.6159865837334977e73
3.941428693640668e73
3.8491553313210506e73
9.618666138726452e73
3.226616578655157e73
2.027171285506873e73
5.53551988487946e73
8.42380489602227e73
5.948366288311601e73
5.3950252365152073e73
7.200067864807642e73
3.853285309457794e73
4.814437978415416e73
3.5078825121328326e73
6.989952257283285e73
2.8114899058169807e73
7.94021947567004e73
7.553822874034488e73
8.25245261233686e73
3.612742237048613e73
7.971717910029652e73
5.0734140313308174e73
2.0754765909074573e73
1.5406327133620056e73
1.817573626328054e73
2.7014864535245336e73
1.5125106870418605e73
3.0988895285002794e73
3.92057485971602e73
4.3737799655941037e73
5.425785731906822e73
2.8095206745631352e73
4.362493582089327e73
2.095016383983773e73
4.4571998967078364e73
4.6666545770387914e73
2.2175065242543826e73
1.055623193011637e74
9.85771546115768e73
7.172664410986557e73
4.2058225030855644e73
9.631953424031971e73
6.894501502744554e73
2.616539127267815e73
7.070790634514958e73
5.776386814221938e73
5.920106444022727e73
3.879546810464242e73
1.7523539211182278e73
4.642895610957296e73
3.1798538180151284e73
3.7268696582859635e73
4.001207133699396e73
2.3299204881774742e73
5.408659305261288e73
2.2712745763239432e73
9.368059321016642e73
4.544668796059895e73
3.2561697391818864e73
5.763928441638913e73
4.8983422002147454e73
5.835576285345342e73
7.634060786904565e73
4.807369616238997e73
9.34741069949526e73
7.724177568242988e73
3.350189699483054e73
5.056202460149991e73
2.27956552572248e73
3.278848456512708e73
2.7250794080407468e73
3.2243417388978467e73
2.5910048839022578e73
1.5859012605696143e73
8.226765511087408e73
2.3813019706115915e73
5.949096265906437e73
4.5110576462887584e73
2.371151033279552e73
2.366109194941361e73
3.869396703278168e73
6.928798453414951e73
4.589768886273329e73
6.067490952797324e73
1.2312100750042048e73
1.0269352991301025e73
3.500599749621098e73
5.0064119605606204e73
3.989193897344995e73
6.295785400262753e73
4.721702267371395e73
7.7796040291111e73
5.730745344892452e73
4.0001091724094546e73
4.7621631858104806e73
1.849338489753398e73
5.190565244850105e73
5.148182366321756e73
3.9494528807392344e73
1.8774503144121433e74
3.020225057229828e73
4.489568774965168e73
1.029982219564182e74
3.863676270000092e73
5.293737789081787e73
5.711996494629829e73
9.426126077185823e73
5.82804483597369e73
1.788436673747439e74
3.191634485923426e73
7.525986260139382e73
4.824376720213004e73
5.021285740291677e73
2.4158130849671203e73
8.75622064016342e73
3.245702912717273e73
2.889176846318441e73
2.184673866468622e73
2.579347378777682e73
1.454894005129036e74
5.64356229374941e73
2.2289409995581185e73
4.822426262535372e73
1.7693816843775735e73
6.950879554478462e73
5.2264939660546704e73
5.997720392725478e73
2.479302701120887e73
5.875596292199653e73
7.96829183265652e73
2.7643940418177092e73
6.660044277045452e73
6.038640471185548e73
2.1155078853197508e73
4.645018975684647e73
4.179918999947898e73
4.948841270571828e73
1.7919203546404713e73
2.6415796835716585e73
9.275295951274598e73
7.565993746482242e73
2.5678015944452968e73
6.21886597854982e73
7.280668176056188e73
1.0458170869847621e74
5.313679184396361e73
3.4459918498848065e73
4.2132668528700126e73
2.3532228373676896e73
3.642202933559052e73
3.4111950830615607e73
3.2558861112038585e73
7.50690115166379e73
3.819243767710115e73
9.855361547877135e73
6.896628043545211e73
5.3362454576496755e73
5.27547298891703e73
4.097822446644868e73
2.904577786719257e73
1.73220359845517e73
4.671631535052375e73
6.114508523802204e73
9.752849133985945e73
6.099899900771742e73
1.923124650043085e73
3.4591555779206106e73
5.0886032612245584e73
6.442486487504994e73
3.3277141220095924e73
1.940875165800907e73
5.860523995350376e73
9.6048252115866e73
1.1499775270111944e73
7.767670127587086e73
6.440449927693064e73
7.242742469299335e73
5.993173395985391e73
5.3192209224992544e73
5.934655361531491e72
8.700185785794045e73
1.1041181901994766e74
7.34776799168818e73
8.436760930559653e73
5.4542537826405746e73
6.319116750287549e73
1.8894460750225327e73
1.538535839623461e74
7.384135286547448e73
6.286734679005231e73
6.401645984048514e73
5.905803812242744e73
5.035081275285014e73
6.144722771291334e73
4.4611518378749274e73
3.462490769726194e73
6.268662215274798e73
3.0662776575113076e73
6.481352518216403e73
5.735801852539217e73
2.974099057761719e73
4.544977528212234e73
1.0170318064122452e74
5.6334100469290777e73
4.5705493858747095e73
2.4917165305285004e73
5.243564123790698e73
5.584103514364295e73
5.1124181674991554e73
1.9075900725592978e73
5.530466351828207e73
4.534531849893085e73
6.454216263154408e73
3.6684161486263356e73
7.080975244341294e73
4.91059562383782e73
5.115897031101606e73
6.008789689469853e73
5.072610856062812e73
6.389772468233168e73
6.916693762343912e73
2.35246873032934e73
3.6407953359603044e73
4.673354648813203e72
4.3842249437261416e73
4.1408838514138275e73
1.212761953069259e74
5.6499343592685584e73
7.537469600475808e73
5.2803387929645907e73
4.089831209173807e73
8.875970876345636e73
3.1448006820451604e73
4.3028380625554644e73
1.97026241646859e73
5.671834290957135e73
4.558607446053985e73
2.1224571230413367e73
1.001933653165973e74
2.1987914092110625e73
2.2511514181303237e73
2.952320858630628e73
7.252131761194047e73
6.541231892211539e73
4.8500524503413925e73
9.282901702374995e73
1.6093462922120925e73
3.321954044300464e73
5.635329760869545e73
2.2599769899031268e73
9.376655304370575e73
2.648850878276862e73
7.116808335851292e73
4.331344338042119e73
3.274030742244633e73
3.003792579759173e73
5.5070369243695183e73
3.628182986737489e73
2.3569502400263343e73
6.945126062308374e73
5.838326322502635e73
4.03059982452221e73
2.2745494232901248e73
3.776393927000762e73
6.75992375039811e73
7.629071844474829e73
4.1759992212100086e73
3.4542391016550533e73
5.5077461884978954e73
3.602513061087618e73
5.731279567719562e73
6.283627432090027e73
3.346293493545812e73
3.410553432863745e73
3.8303326212771516e73
7.74080073807712e72
4.302299164403033e73
4.1083441100525376e73
5.506588727504897e73
3.977392629859681e73
9.456550254276039e73
1.1859766539664628e74
3.4362348294152313e73
1.2392563728415077e74
1.337369802096439e74
2.68778570388945e73
6.056012620636512e73
2.4734588550722914e73
4.028833027245826e73
4.9742836157869374e73
6.001434311935214e73
2.3445762408195807e73
1.9576824305090226e73
3.6377340538640484e73
4.8231745752079746e73
1.425544967408892e74
3.932383134877088e73
3.125654282003547e73
3.801347858553914e73
6.603527352338588e73
3.90989496714588e73
4.437767499648866e73
1.3806627213399278e73
1.8363783955730684e73
3.2841134310009196e73
1.4198196440579317e73
7.849275908003965e73
5.96000610965386e73
7.91199133034768e73
2.999628264625513e73
1.5858919117436232e73
3.3601863694500196e73
7.272296540220807e73
5.364884966042022e73
4.3474392845891004e73
2.249436034336515e73
8.955454938298885e73
4.3984513929919013e73
6.62852892069235e73
8.855279433814539e73
5.439552765687778e73
2.5895851131797188e73
4.0971920623036316e73
3.6742612288984184e73
2.917492479270944e73
6.057451483489568e73
3.66014121863548e73
1.801205449303541e73
7.215163087913765e73
4.8972790642225e73
2.351937053952303e73
3.6176976504983683e73
8.681395339557873e73
9.354957862399138e73
4.0783321122727135e73
5.724801262138936e73
4.8568373700448014e73
2.255040685060915e73
4.3410698718892914e73
3.5049202587833185e73
2.2624284508348123e73
5.559141179520025e73
5.3060139514783666e73
1.2211385378363688e74
5.065397508162545e73
1.0078772199342544e74
5.736465743549381e73
6.158487677922729e73
6.943300950634436e73
7.53836918334284e73
7.032500420333842e73
2.7824642940516727e73
2.3058853035753492e73
7.109308785981146e73
7.426900826081765e73
6.306609224201618e73
8.719472013040266e73
6.499468714056274e73
5.2887749214124876e73
5.106898719041821e73
1.4434787688167468e74
2.3758806022736924e74
1.477045816700976e73
1.7565419107912695e73
5.301272516604839e73
4.585232083127375e73
8.891705239920508e73
8.487600673963594e73
3.187780181893556e73
3.232071656391993e73
8.458814639978353e73
3.31926714667182e73
5.2126172113220924e73
4.025310396657163e73
7.97343339776857e73
5.1470198421637504e73
8.004631543066497e73
4.061770306167467e73
4.670293049878998e73
4.0104969731534413e73
4.238867076780101e73
5.2573270364203745e73
7.071924472424831e73
1.8202533907189174e73
1.3493688746235994e74
6.895296627334743e73
4.261112288298031e73
5.728372226589923e73
1.363154653732307e73
8.499484004663422e73
3.902451792956386e73
9.53714155530668e73
6.469609206362541e73
5.2607196765401583e73
8.244722141048862e73
1.225493785682422e74
5.234447555419649e73
4.594118810410314e73
1.2036395660551188e74
2.684922471857922e73
5.959772438504551e73
4.00301203168354e73
3.801809573230192e73
3.255777044408821e73
6.540476778467473e73
2.421224897277812e73
2.948582403659285e73
3.718446042020778e73
4.168639832231376e73
2.211046235013583e73
3.492627321329027e73
2.8067978155326832e73
4.0339308845412684e73
3.5540154457489845e73
3.4010705616848025e73
4.615300675956014e73
2.0089852556888846e73
3.181658647043336e73
6.860282249765156e73
4.583389411042909e73
2.6575553319676703e73
5.752607964712458e73
6.385411681869993e73
4.09049910687073e73
2.996258380004075e73
4.4909469982527504e73
7.865365260931368e73
1.117321653621727e73
1.9686669074430418e73
3.9089533673115676e73
6.692326507357384e73
5.135560864276312e73
6.323043649274068e73
3.868156270694897e73
1.989174681876248e73
1.8002645465796456e74
7.344602392937713e73
8.312443401375429e73
5.1542335520262384e73
2.17603029077485e73
1.7309940599617776e73
2.984719254875366e73
5.307207967239926e73
3.909795890286376e73
7.834776047881156e73
3.703728955739903e73
6.317638654588953e73
5.844502876604268e73
6.838151455410598e73
1.169677597859705e74
1.4339204239557538e74
1.0210850234078873e74
6.480965380550188e73
4.257362221096886e73
2.5686573681203548e73
6.59896260077883e73
3.464968304049288e73
7.615866439835388e73
2.6807406879173758e73
1.4498840123450883e74
6.128236033585807e73
2.995391971515214e73
9.437395066364884e73
7.591460384502758e73
3.1325232399278224e73
2.168035821116638e73
7.78967505597208e73
1.2700177920315846e73
3.437802846498563e73
8.051029789138296e73
4.4236203781187226e73
6.14500566071348e73
1.1285545092534368e74
7.12711575352508e73
7.558070514858716e73
5.179403151390606e73
2.4566509519575365e73
3.392578394722562e73
2.3738615771610814e73
2.173135264548872e73
1.4307547484047408e73
6.652523811341405e73
5.635269986067225e73
5.5187628319301e73
2.4488909259028228e73
5.027741812523497e73
4.294081023009116e73
6.414839726223562e73
8.249813265180253e73
5.4635718729436744e73
1.985593260781336e73
5.6019753432651794e73
6.450480951350281e73
3.537238128769207e73
5.708091512799489e73
4.1687875482047944e73
4.124738013558665e73
5.3035041203808e73
8.262919409381807e73
3.23852266124593e73
7.1278441473571e73
6.421128439802902e73
1.3085961261688188e73
4.4500278392614315e73
1.0018473246031836e74
1.0148061002797217e74
3.338436275866715e73
1.2653692862827185e74
9.445051645457765e73
3.656850916592303e73
1.5509358636303122e73
1.9010763619644696e73
4.6428428818005077e73
5.643876831570833e73
1.247405324858197e73
3.8581246313454645e73
4.1444784610814676e73
7.15223714755648e73
5.457232400119888e73
3.792457015349123e73
2.6562094208539312e73
5.008989073759357e73
1.3874142147223061e74
6.065331327726535e73
4.349274433015658e73
4.7828296338087384e73
7.274306831706215e73
3.945120239800872e73
2.1915045529795784e73
9.832117496051475e73
1.1109272786961663e74
2.426185590839397e73
4.29507613395422e73
2.0041373997015753e73
1.5528725982281762e73
3.751199188046996e73
4.154169899496947e73
4.404060366839166e73
8.355883134633747e73
4.079924813771794e73
5.140701362406397e73
5.4469571078744754e73
5.834200019707785e73
5.763959564499963e73
3.75076166201925e73
3.87130970934974e73
3.5066292784282155e73
3.258702947089546e73
4.072545799220509e73
3.809704099465426e73
1.0406328527230418e74
5.452159022346388e73
2.9925100667584284e73
2.203055743891395e73
5.913180946936567e73
3.8052887848832915e73
5.302944851525216e73
2.4743488546026328e73
8.213583730177823e73
6.54266835515205e73
1.1453238688469208e74
4.3396170388896575e73
5.169027639290796e73
3.859439280394946e73
3.1640269059787954e73
1.7045848130507025e73
5.441797542357666e73
5.930356527200955e73
6.721378340735517e73
2.600299049768288e73
3.2486069112083425e73
5.499328380058483e73
2.6294785279182402e73
3.6544882626047573e73
5.6035240981791216e73
7.434436447517763e73
2.484576738078352e73
2.742928258700636e73
2.740741794645942e73
8.4772546371734e73
2.6972023902603074e73
1.0680702945611531e74
5.00562008371687e73
1.3038890007241558e74
7.310952130525105e73
1.9948758185850026e73
1.7328645000097713e73
1.006169912680653e74
4.720362897484417e73
4.648512066772157e73
4.0563944263661366e73
8.434570684090501e73
4.69340529048594e73
5.763781821817743e73
7.057039153410732e73
3.330491381543783e73
3.4105861592448065e73
4.897009763675392e73
1.1159462314180129e74
3.809618829655561e73
2.0027390383739467e73
3.468044950385778e73
1.0642480485249644e74
4.365132450458681e73
3.40474076683516e73
4.2086747228629456e73
3.395439733009499e73
7.2900639894228e73
4.144013398040383e73
5.734566680987448e73
3.15901170962806e73
2.601714833901382e73
9.042354840695149e73
2.926647174818417e73
2.922769232842308e73
8.566887815042545e73
1.0073252421785081e74
3.0062004365030675e73
4.039633192332917e73
4.495457529829202e73
