9.202409441938063e91
1.306338774465522e92
3.5046237486841214e92
9.700551660218835e91
9.651093305917647e91
1.886067962411854e92
1.712086837870341e92
6.378281016915063e91
3.0423789383140456e91
5.272549849648835e91
4.767428613965511e91
7.084852302422593e91
7.188814998844416e91
3.2561780565819105e92
1.305146935915273e92
6.339801405355105e91
8.440214031259071e91
8.545556411961346e91
2.5151620202578572e92
9.81222594395665e91
1.1752623914073369e92
9.357352856409081e91
1.2634026778978379e92
5.296124717386635e91
5.962143137180599e91
1.615627916564775e92
2.3671086056053956e92
7.931465289598256e91
2.2125945337813717e92
1.4201170932199485e92
1.249079253238717e92
7.263093025027828e91
9.658407484656855e91
1.1934847923860266e92
1.61949829962206e92
1.2088059998395593e92
4.607076115074173e91
1.229380108625197e92
1.33274183812605e92
8.593056028142955e91
2.1323541843076598e91
2.073854207839333e92
4.895122893592742e91
1.2915588170978116e92
7.352670249442786e91
1.457829516964365e92
1.0105144768262966e92
1.431067326213351e92
1.4735708729134435e92
7.257642578018735e91
1.2396011811467234e92
8.261848419933031e91
2.3010043722308894e92
7.225839072176641e91
2.0582967798410003e92
2.051904506705577e92
9.499279226822533e91
2.11457802860839e92
1.695754501873001e92
1.2574998390643643e92
1.0726275772760388e92
7.832607501841319e91
1.8908386897660218e92
1.982001222501381e92
5.54802514256121e91
1.5646493232588141e91
1.2324734766718161e92
1.3426932255438164e92
4.240286738766715e91
2.4553062418465453e92
1.1746119268554993e92
8.625390682179741e91
1.2762294199625491e92
1.3288274947448495e92
6.462339684180215e91
1.4649255959597934e92
2.2473538973883725e92
9.40896297751586e91
6.28167972184826e91
1.7623859286625413e92
1.2025249611512241e92
1.4325979142179652e92
7.850157676985841e91
1.2306961992443132e92
1.767444245965196e92
1.716339346715055e92
1.6050498542499385e92
8.101255261410648e91
1.1181219011163973e92
1.2196773325017419e92
1.1456178618458242e92
3.7833616943234055e92
4.2616629778157294e91
1.0579444425351943e92
2.2174190736810583e92
1.0731296750408626e92
4.2967921942486715e91
4.151869988229238e91
1.5927659432644482e92
7.10507767658325e91
7.072194304702616e91
2.778286176539554e91
1.772798065776758e92
1.2960874960399191e92
3.3259292168620276e92
1.2643181299232362e92
1.2307941336506465e92
8.51938301223991e91
9.520725540678627e91
1.5251271011354855e92
1.3631571713135053e92
1.7807287914282081e92
2.596518029889831e91
1.6580093126855538e92
1.1248114656576583e92
3.1144180986485216e92
2.1254861867675404e92
1.4742552785137806e92
5.947070299094615e91
1.0040182777757766e92
9.283525526673037e91
1.36032619929711e92
9.343358730871583e91
1.0451896671370272e92
1.225390855286289e92
4.8576492897181065e91
1.9469857541692758e92
3.421023731775363e92
6.990648757890298e91
8.427224785376201e91
1.6047177806678734e92
1.2081632416695103e92
9.933463079304048e91
3.039440891192601e92
8.840577828812248e91
6.4818747352838775e91
6.371242977929267e91
1.1222880248385914e92
1.7538881221302625e92
1.6500780563351226e92
7.0507092082681e91
6.142366602379376e91
9.948460157523303e91
3.9547142977998185e91
7.03193775081343e91
1.4264073233776643e92
1.703610934713299e92
6.579901661305524e92
2.1669275758343039e92
3.001393597363378e92
8.281783019763637e91
5.7135547740946496e91
2.7531449582046625e92
1.35543267632627e92
9.41715479433769e91
9.099208508440706e91
7.988612484964349e91
4.786816836625576e91
9.610778970979986e91
5.6621526575853314e91
8.691953139806852e91
2.0399117047524044e92
1.3791319894412576e92
3.607248976975862e91
1.9549392935530942e92
1.1074577304636841e92
5.6220481242472935e91
9.459415743862548e91
1.8186597264085653e92
5.724758392403547e91
1.9048926128441947e92
2.824872561030813e91
8.821717721312447e91
1.228320815432073e92
2.929429862462138e92
3.597544391682194e92
3.4786070915388293e92
1.622908505537089e92
4.955908743567331e91
8.623298047401168e91
1.7952235578203957e92
1.1814360748576105e92
3.2222270902364397e92
7.277076108541813e91
1.2737672283329716e92
5.9494951659500556e91
1.2965960375175033e92
8.15570270804978e91
6.37852315395959e91
1.5420127515768922e92
1.5116590686573563e92
1.2151306249983758e92
1.8341176004250866e92
2.8906351674049286e92
1.0172745336114245e92
1.1917051178449109e92
2.6371240917846417e91
8.968351253146532e91
2.3129889445473732e92
1.1563008545069724e92
1.4949489665448253e92
1.919373808012668e92
1.2035889370409143e92
2.9321310711212023e92
3.566005482912871e91
3.737499722752028e92
1.0310972995438102e92
6.127756481530409e91
1.799144012777011e92
3.9826149635373783e92
1.303931215252454e92
2.6077696899379056e92
6.605376443664171e91
7.427820149820082e91
2.808248730390504e92
6.756362471185057e91
1.0263191129808424e92
2.9630329052668435e92
7.721895739362617e91
1.7932674321523818e92
1.1014304024886037e92
5.285528475258755e91
6.136505929391328e91
2.052864957962855e92
8.96808952232448e91
1.8606972656234984e92
1.2030825247829407e92
1.3673039013914447e92
3.955048087497045e92
5.3314126850408696e91
1.5976878437507152e92
1.2169936135620672e92
1.6254125066007377e92
2.312283425136314e92
1.4739452993582125e92
1.8280580858328138e92
3.146840362043373e92
4.935191047100587e91
7.406733112069712e91
1.540808426136058e92
1.0590906249030567e92
7.963866214517996e91
2.4304412962090957e92
9.671352578053717e91
3.548690196045253e91
1.1696127896685387e92
2.4285842063834795e92
1.5980497199406303e92
9.090652470453755e91
6.207281985317596e91
1.2847468847236542e92
9.764528720173456e91
1.3843135826295523e92
6.801014806931635e91
6.755861227983181e91
8.25744247332275e91
7.309759444117538e91
1.3098225271783185e92
2.4022710101971216e92
2.2550282835509843e92
7.40202497287311e91
8.98560083510569e91
2.991624017643597e92
2.9693652741689385e91
5.312177496404065e91
2.1080470431726806e92
1.013359042739942e92
2.5175324930435552e92
5.90842690216374e91
2.029913379150214e92
2.1406221812311243e92
3.234426896890074e92
5.410670074208196e91
5.960833943921819e91
2.941538100205942e92
3.148279212533141e92
1.3436441721471606e92
2.6004215291528245e92
7.985513305176661e91
5.9730552969172554e91
2.1362543172928217e92
4.6692789938361705e91
1.0308404625318771e92
1.0041665577959167e92
3.509577641898126e91
1.0141183726144495e92
7.747447529252468e91
2.6906905533687646e92
2.189332926060374e92
2.1290808536493933e92
1.5756353161558193e92
1.6645226352161036e92
8.239356587443542e91
2.603506296279136e91
4.5320318542330386e91
1.452036801172977e92
1.846688464799746e92
6.466154955815037e91
1.292098111234508e92
8.353649219041348e91
1.7095948629920596e92
4.4801822428084037e92
6.278335823170068e91
1.6759438492971298e92
7.197091652266356e91
1.3207132617405735e92
3.049992672506331e92
7.765237032915386e91
1.3695823980996967e92
2.274963539543058e92
3.4121908938366097e92
5.504661702944712e91
1.2738561546933949e92
1.685758847987441e92
7.050202547364668e91
9.785405637303076e91
1.0689124322218938e92
2.1113134423749482e91
2.2005619807626834e92
1.7898551772368167e92
1.385859718104082e92
6.3975938155472516e91
1.0008678272243657e92
9.957221575177876e91
6.760528132659399e91
9.642926963159397e91
1.1495549657332334e92
2.2212365589144385e92
7.932073951169663e91
1.8556697137097545e92
2.8555252175590717e91
8.796265043803961e91
8.602001046316709e91
2.239182031404792e92
8.127848970859187e91
5.9765144574240365e91
8.492727767375896e91
2.0021217958963745e92
2.2135148994301615e92
1.2831378657474192e92
2.7919085415035e92
1.4945679799438087e92
2.664023633124264e92
8.987858010627294e91
1.350939805814447e92
1.8532048792953816e92
9.329924152476309e91
8.682846011098008e91
2.2540464358495296e92
6.317619281646522e91
6.487958378673734e91
1.411133297977113e92
1.8646134775011287e92
1.388464808417353e92
2.193005477718806e92
1.0733432873727678e92
2.063018795620509e92
9.023460626812962e91
1.5693122231390291e92
1.481535511726912e92
3.212717978260974e92
2.7333248882411735e92
7.57350377217907e91
1.6902515318242688e92
2.7519015313082096e92
1.858523176035547e92
1.1838232454931243e92
5.084684920047214e91
3.501937376843597e92
4.9918983858041604e91
8.971147060071137e91
4.517483070560716e91
4.408481566999529e91
8.07930367438542e91
1.9119633243681234e92
5.592574789567153e91
7.710533227486817e91
1.0830952154947358e92
1.0742163914144704e92
1.0211015643241859e92
6.637267686722622e91
3.0623722210529252e91
6.2417411842584155e91
5.1808995282588185e91
1.829776391642537e92
7.458364357176133e91
2.3364908461567548e92
1.143766084011067e92
1.2309330266840898e92
3.3156570261777046e91
8.88613488150438e91
2.4221642445046077e92
1.0974840011744551e92
2.145502406632861e92
6.991190700636197e91
1.5284928951694377e92
1.3977909287194718e92
7.451295263239675e91
1.2748117434946759e92
2.772287682388488e91
8.813453682192112e91
1.0123063797538451e92
1.601328906016394e92
1.149579932969019e92
1.4591190850897868e92
1.0993899522766796e92
3.7123521293037694e91
5.178348232598486e91
1.6244880732033056e92
1.9359760586447974e91
9.903589337827168e91
1.911826418913895e92
7.488528289074804e91
1.1403680595728379e92
1.0566830260665367e92
2.914219492453647e92
1.2996926919255406e92
7.020180981409645e91
4.519653000449e92
1.1773982539160767e92
1.323593787313461e92
1.5343090268936617e92
9.362650809132379e91
1.367969130670033e92
8.059538297503167e91
1.0156134987374105e92
1.1182528791958493e92
8.563648412448744e91
7.963589751129182e91
1.0237552490545714e92
3.197246350828631e92
1.7027726487633572e92
2.2559987665943012e92
1.651557905150468e92
8.016035172665317e91
1.3345288008283574e92
1.0500632410197273e92
1.9354599123226447e92
4.388874304016487e91
2.112418889680455e92
7.668562887674592e91
6.609813334161286e91
4.567386439887796e91
1.1141910139300821e92
1.334943057912338e92
4.379019400877397e92
9.982663482033705e91
1.718254883448305e92
1.0542795653108859e92
1.598187529976797e92
2.475284942479862e92
1.2985724805326969e92
1.052988733019574e92
1.2855343354864055e92
1.1893937947270493e92
5.916259536848329e91
6.1921856249374444e91
3.660379967370031e91
2.676266517908987e92
6.2659652903332555e91
2.0826220812175113e92
3.798616466931608e92
8.710912490424633e91
1.4464677673686988e92
1.887416025026877e92
1.3980875331769871e92
1.485322528273249e92
4.790568837088919e92
1.2022262935495229e92
1.2352813342884353e92
1.223499791618567e92
1.2198613855378814e92
1.368998021090685e92
1.4371665157916348e92
1.1203306727865847e92
4.550012278344951e91
1.8357543806901312e92
1.0604844760618048e92
1.1234585079670183e92
7.775708983451809e91
2.488562570482047e91
1.0725974474076899e92
6.904797161734149e91
6.324248631224643e91
5.156080035881082e91
2.3014607757361006e92
1.6524892948485437e92
1.1798008424931214e92
3.925718788933509e91
2.1592883251621117e92
7.52879222419091e91
9.640202792972671e91
1.377609894027659e92
4.0311357489501966e91
1.5494090078281293e92
7.485314738033086e91
1.122201569631939e92
1.3058966306019125e92
1.218347239269152e92
1.639188977742096e92
2.35083892647912e92
1.8686757857147794e92
1.2473704771513738e92
1.149807927776453e92
9.134764552732409e91
6.825315284821783e91
5.3988185749648594e91
2.0467463993874565e92
4.189402447124584e91
1.8156325794670784e92
1.601614353966334e92
7.298802272672994e91
1.6962362062611957e92
9.51145798798373e91
9.695346352492269e91
2.0257750004127127e92
1.0344895029044235e92
1.0240947468223255e92
7.464714792670786e91
1.815935479395114e92
1.7589335090311132e92
1.1466856976086044e92
3.742273012722713e91
1.0002193801848697e92
8.768568483798343e91
9.932473734564266e91
1.2593105680476647e92
8.562753638736969e91
9.270938221216231e91
1.2142581696449005e92
2.126737404983246e92
9.073217115109705e91
2.122589028818787e92
2.3734127857538723e91
4.108767377303134e91
8.00859766868371e91
1.884016607296636e92
8.54033302556327e91
2.1440376376700903e92
5.151133833691704e91
1.2100552172039565e92
4.397698372840695e91
1.9700753015215967e92
7.431553749674439e91
1.32607741997001e92
2.727831603754812e92
1.0454988703685583e92
9.85986050009221e91
1.5194871361448352e92
6.282539791434466e91
7.75113238345565e91
3.0320893381667405e92
7.856730495182706e91
1.1939682072672149e92
2.643356803057261e92
4.679339593030903e91
4.162912634981139e91
5.24250324139901e91
4.571127360047969e91
2.2616781109072528e92
1.433016934184069e92
2.1228973069025948e92
1.889837471652945e92
2.6073728370060926e91
1.5493266119363015e92
7.058317707346779e91
4.407813374480662e91
1.480201157540309e92
6.1438476660573914e91
7.859291271948968e91
4.68019331626435e91
1.6174721673698752e92
1.5603642063537245e92
5.2967893766260364e91
5.812944035084665e91
8.360818841545073e91
1.7852386670337928e92
2.3776862785568253e92
5.726775953237275e91
1.267821906831223e92
2.94999327579108e92
3.0824504865810135e91
3.535284815465614e92
2.1850316467200582e92
5.072973878075582e91
1.8156573272406812e92
1.8348037084720123e92
7.567215052346518e91
4.034844289510322e92
4.4598616827678006e91
9.828035196686376e91
1.7522295627859482e92
1.9570416911914424e92
2.63344428157438e92
2.2276734098929462e92
7.909639659312726e91
5.6584727620859975e91
1.5770152723507415e92
6.4548191403120485e91
4.16067678940058e92
1.3196666458432734e92
7.785939940826874e91
1.0408611222508151e92
9.247439037825838e91
1.12550119772639e92
9.564775912043374e91
1.891126253359856e92
9.416178763325945e92
5.9345088249043414e91
2.1900297221868527e92
1.0163377512557556e92
3.412138397141249e92
3.2032291145955745e92
1.22188473267153e92
1.126889315807766e92
4.343258458270321e91
7.590392839239392e91
6.52453813502698e91
1.4710184651270285e92
1.3788759165103373e92
1.3318904394668817e92
7.541832538164795e91
1.2600307485949962e92
9.945776254538796e91
1.1095239871532517e92
9.10072213989621e91
1.989546541888692e92
5.817100838344303e91
1.1997733690210067e92
2.806779344172259e92
7.563891672903901e91
7.17247484195353e91
4.085279472720412e91
2.295838007182476e92
1.1193034930040142e92
1.0485385221945944e92
1.0626836085900529e92
5.107343044031952e91
2.1146348057089828e92
1.4960228925302783e92
2.1036671050904723e92
4.4526280638016064e91
2.0383470864522335e91
1.7205162389828595e92
5.5420376137885405e91
2.4492954260152814e92
8.215148567598497e91
3.449781583038546e91
1.9589039387909685e92
5.0895736867772115e91
1.342493474368173e92
4.6589597216690475e91
1.514980990808341e92
8.525709654211976e91
1.782412474801859e92
2.054762991361913e92
4.286728197185512e91
1.4483924379625615e92
1.3738110809175552e92
1.8464673162535387e92
1.0292619420615606e92
4.351094226486691e92
2.3545240241962633e92
1.279367845157058e92
5.3357525903355434e91
1.170734019324507e92
8.95459608894135e91
9.228637225881739e91
6.167941697952846e91
4.798990073822604e91
1.6318431743026513e92
1.6566691464009692e92
9.11334660032355e91
2.166820581069418e92
6.18302180603605e91
1.0728235130834774e92
5.450783695167808e91
7.396702761535368e91
1.8600146571769217e92
3.7358310239554195e91
6.803952698347332e91
1.9158028180528252e92
7.161870219262771e91
1.214163358831147e92
1.3054442094462983e92
2.3965917353831707e92
4.7807714389779995e91
1.0245042872404357e92
1.6305048841909817e92
1.5626452552055174e92
2.163385853810308e92
1.0928854757941516e92
8.088207699316019e91
3.291211576046232e92
2.1304031792283285e92
4.708934290459835e92
8.381215888426145e91
1.5206065820117457e92
1.0952928623843555e92
9.365294832186198e91
1.4096570011689345e92
6.3457255337489544e91
8.545493612067898e91
4.551539516064069e92
8.658964796592703e91
6.0479516580956944e91
3.829263213049294e92
4.122962103744615e91
9.331790248222192e91
5.4965816808760155e91
7.98616047169218e91
1.8521150666728114e92
1.917914137700436e92
2.0684690809300206e92
1.474654166032946e92
4.7979723501462646e91
1.1083005359468852e92
7.629946786448753e91
8.720798604907646e91
6.83611849223857e91
1.754601006115874e92
1.7722329516695005e92
1.1515054756504948e92
4.3376359705780556e91
1.1951609683661557e92
1.7625964295943697e92
2.6592389525860897e91
9.226960813514855e91
8.504479759118905e91
2.4775023693971893e92
1.4157607856996278e92
1.5837528196456857e91
2.1070290563914934e92
7.04617703360587e91
1.6440598976169297e92
6.91579770614551e91
2.811945396844394e92
6.838530327378576e91
1.3045161430832594e92
3.0207342957489796e92
2.554349974198373e92
1.471642235962355e92
1.230469736517644e92
1.9607138480714783e92
4.741358497543068e91
3.859659632265703e92
7.763222616096865e91
1.4997966694334007e92
1.9066673054759832e92
1.0255125828934638e92
3.62173247633524e91
3.3550135290668956e92
1.990796787633977e92
1.3468792077351945e92
5.006003281692041e91
1.1247076225866977e92
1.8898763837302147e92
2.7508644813997292e91
1.9216536798162206e92
5.295421105596619e91
1.4983782594650665e92
6.103290460108347e91
1.6916328148741444e92
1.0956468194138136e92
8.489109178085442e91
9.657350421460038e91
7.565357004122858e91
6.1055937728279295e91
1.7485308841120683e92
2.8778534281778663e91
5.2481103312122284e91
2.295722259900629e92
1.32808023554129e92
5.1810359884192e91
3.2493376378655155e91
3.0814546046740926e91
1.502648650689145e92
5.326871440846684e91
8.224779782996948e91
1.6851272784039425e92
1.3677298667318447e92
7.42208582191472e91
7.869105250684041e91
1.2006792414293018e92
1.0252604556453177e92
6.832069745648639e91
2.1248936259825562e92
1.0971686451908092e92
1.7196647228996658e92
1.2224738576879842e92
1.733785756003835e92
1.1767940732567053e92
2.1681409155468554e92
6.156865255930004e91
1.686658143660243e92
8.570197001205302e91
5.548751423179937e91
1.8062650174240908e92
4.888336763318773e91
1.3699759140162328e92
2.2849341511600708e92
1.4621323799126903e92
2.6033761919428638e92
5.363506863536487e91
1.010528304444432e92
6.893604540187701e91
9.820460271717802e91
1.0065739475829556e92
8.567265963661582e91
1.0368888977568288e92
2.4466309795860667e92
1.3674006627108648e92
1.2615965363113422e92
7.017033525900761e91
2.3207041743520002e92
9.86405440663425e91
6.879492067833622e91
1.6174397229712727e92
1.6721676835064986e92
1.2379897415168628e92
2.125015938787511e92
3.696613714821501e92
1.1284505380666863e92
4.2377329034232574e91
9.110533739710146e91
3.604394238487322e91
2.2724701963910288e92
2.2716270329453056e91
1.413316072844506e92
8.67813497813429e91
1.4382440334141264e92
3.1137573764208783e91
5.967467601092637e91
8.676146135751459e91
2.185664310530398e92
1.4428057401963833e92
9.038445719454578e91
1.7730028030804022e92
1.98340018545341e92
9.784598668996081e91
1.1087506419287726e92
1.55939557480077e92
9.61702057558478e91
9.55265545865134e91
1.5982702674689406e92
1.1472014926034773e92
1.671880342967067e92
8.257788861016762e91
1.583548845888803e92
1.8951595482540978e92
1.4626788156720215e92
1.8101169393699492e92
5.7580591361001466e91
8.267446271460198e91
2.139225261117725e92
2.263072884288951e92
1.2986916968432704e92
2.1327663126378766e92
1.4517971662247447e92
9.737793123826431e91
1.5710497600314602e92
1.9158521018039354e92
9.407308987523877e91
1.9707388464272102e92
1.485534844452278e92
5.837855518222715e91
6.655668918989738e91
1.9069823148702858e92
7.40481310175919e91
1.2292685346886513e92
2.9167920894896214e92
7.502582915928551e91
4.879687967532673e91
2.030276847580408e92
1.9799084136172413e92
1.0500772673809035e92
1.1978183601151333e92
1.1707661237962225e92
4.189086059393237e91
1.8166578777237786e92
1.2446132727778206e92
1.0719497654344256e92
1.4038492307482408e92
4.809494479136033e91
4.51806099513427e91
5.4629664778235e91
1.1109266791965938e92
5.124601780816355e91
4.132804339702196e92
1.6944106540758296e92
3.19635288468439e92
1.542098577898234e92
2.2160164417006575e92
1.051081336843393e92
7.476655165346529e91
9.630983561071782e91
2.2117163935693373e92
1.2014454005429781e92
5.797120545952148e91
7.399446706020108e91
1.5629194131226907e92
1.9014432963041513e92
7.350375408611165e91
5.763724423691436e91
7.418711602982495e91
2.7223304313337827e92
6.079378999273666e91
1.0798732953009077e92
4.2972786431238236e91
1.9156451907629902e92
1.7988327763068353e92
1.0203219163854229e92
9.27137671331345e91
9.780337146143932e91
1.2040727610146836e92
8.736446638881842e91
5.746150339261327e91
1.504214483713391e92
8.350222591704165e91
9.61754608508693e91
6.58954472926666e91
1.2087125626463177e92
6.140143337073051e91
2.2147966379500156e92
9.235237633489304e91
8.990050080191063e91
1.0360221336127543e92
7.094763690252235e91
2.6500006711757737e92
4.778305573543226e91
2.8977682433883378e91
3.688053217361788e92
2.081856687133853e92
2.8133472564180746e91
7.684167796992504e91
1.372817116422793e92
1.2971368580589496e92
9.876279877438307e91
1.2928349018286947e92
1.3366767774742582e92
1.419275144790915e92
1.0850161855539913e92
9.417561537305625e91
1.451153227556631e92
7.82628788346166e91
6.0145587251661e92
5.886790206033633e91
8.65494047394816e91
1.819578513304963e92
1.0767885919010338e92
9.838228870420867e91
6.984136570060781e91
1.520291834353117e92
1.8722135139414384e92
1.4735864246969668e92
4.320797681742689e91
2.0722900548689767e92
2.3090981517349042e92
1.548973227916807e92
1.9446913035550297e92
2.0702588114693606e92
3.8264383746185356e91
5.738835679921972e91
8.197212735250614e91
9.970375770125499e91
9.746465140048817e91
6.317776104322044e91
1.7208025161930205e92
5.728918612271033e91
1.8598292081266814e92
3.538286584669654e91
7.152888425630042e91
2.7089966089499693e91
8.564208703163973e91
2.5648263916592145e91
1.2750470973080526e92
1.375232878739226e92
9.05877437572752e91
1.4537358566008118e92
5.601819602638938e91
7.060765284964003e91
3.0751852403299535e91
9.54615927246987e91
7.410007293218557e91
8.828336499455867e91
5.196470049835184e91
5.1988675515828914e91
1.3836193072826683e92
1.2221740707001894e92
1.0973239019293055e92
1.4956305493261043e92
3.2294774955063025e92
1.2701266876094207e92
2.0860785348634145e92
2.1312460250123647e92
6.0543073921624825e91
4.106271600612156e91
1.298652186063107e92
9.143137455608905e91
1.9391352215206856e92
