8.6958044262567e14
7.19636424396966e14
7.02479423185352e14
1.081294267221092e15
1.035663318084062e15
4.70726967805352e14
7.76305847479446e14
9.32901899839272e14
7.45539041922542e14
1.091722286751324e15
7.79499003123171e14
6.2100398283826e14
8.11977661111372e14
7.72572882379583e14
1.043934556829219e15
7.57375508048187e14
3.72321806697159e14
9.14899020434978e14
5.93903403830747e14
5.08762911992214e14
5.44139443946062e14
6.96202466714165e14
1.04508417393017e15
7.01525076704052e14
5.9968855050704e14
8.02569980849003e14
4.24041970760335e14
6.90124886176458e14
9.02277845961392e14
2.92035115005579e14
9.91829274098813e14
8.45798089155305e14
8.00581327245424e14
7.05469826904448e14
6.52138372316738e14
5.015596412352e14
7.62329067768907e14
7.12769547721746e14
6.06642745365736e14
1.09791989299393e15
4.65269754188132e14
5.9314610418166e14
6.77552241558432e14
7.66946740040372e14
7.53985768441566e14
8.05863596278021e14
6.77920726882818e14
7.42424896549199e14
4.43835669797325e14
1.102098689639624e15
5.93501607363185e14
6.37717358357201e14
1.072182148354803e15
7.16208360955634e14
7.80649445515662e14
1.113888071948385e15
6.2353517540286e14
7.13746299189564e14
1.099725007870652e15
1.060339024802651e15
4.56044206556234e14
6.61393950246409e14
3.34299193721031e14
8.60112600127489e14
8.2752126636292e14
9.09259518003028e14
4.94795375149513e14
7.93955595568928e14
6.02158085581628e14
8.60148446867358e14
5.68175418799614e14
7.38159727641176e14
7.71633980662385e14
8.1959736857454e14
8.69044312767326e14
5.93666003865548e14
7.83255795407706e14
5.02614602244784e14
3.90517686905755e14
6.21918833676964e14
5.93491671536592e14
9.39779272338174e14
6.0723445434688e14
1.158640004829691e15
1.065835936247862e15
4.31686851443862e14
7.47167807354428e14
7.80111400225038e14
5.40093595603766e14
1.622572715990778e15
4.40857770683518e14
4.83783994444216e14
4.53464428542e14
6.80295435443515e14
6.85207948565334e14
4.97774508732788e14
1.276545388104452e15
7.67899223509933e14
8.42914789465226e14
7.17238656094936e14
7.74797999765324e14
6.57099187416396e14
8.38060131197104e14
7.50463906986458e14
3.98517857320384e14
1.468294026610355e15
7.85050769857024e14
7.36696571498638e14
5.04437275604928e14
5.27632877244848e14
4.98011403283852e14
7.695524241701e14
1.070636940474212e15
6.65855602110104e14
4.61424591833264e14
3.7820629333686e14
8.99679801295714e14
7.874769750612e14
5.11127172608075e14
1.074336011658661e15
6.20216386924183e14
5.98494972409636e14
8.5197610625718e14
3.5730461465362e14
7.86806350022054e14
8.7159897496042e14
5.06609032376385e14
7.53665049625194e14
6.92179127693486e14
6.02225874865736e14
9.66166718765096e14
1.210754349184294e15
6.85748930094887e14
7.52314176231312e14
1.154237250033489e15
5.00660229754219e14
1.244674231179096e15
6.41146721446042e14
1.123884133021332e15
7.30345035088397e14
8.41087509819114e14
3.21941696293318e14
7.92643467071156e14
6.77781188364805e14
8.11166719868037e14
3.733267514514e14
4.87831803831104e14
6.6011885333493e14
3.74213655889005e14
7.71354527821924e14
6.07393579203587e14
3.96454316213093e14
5.43171564769155e14
4.35515252121354e14
5.33280054793984e14
4.42392295144736e14
7.42935085069812e14
8.68662763693966e14
7.521101454349e14
7.1989060250082e14
8.87541942919135e14
6.49168587172349e14
5.89724958581844e14
6.59300758515519e14
6.36489496512371e14
5.2925218490325e14
8.49940845910463e14
8.61198631486074e14
9.43041701657387e14
5.24218035093864e14
5.83309683687347e14
6.7901130131523e14
9.72436095798272e14
3.74541674956833e14
5.25636024814316e14
8.36456901672864e14
1.043974520424436e15
1.595669418683667e15
4.11597005845728e14
1.08634111084699e15
7.91814577738644e14
6.38272597297139e14
1.217064464410636e15
6.34061550273096e14
7.49620476031679e14
6.74393429541425e14
1.364126761826794e15
9.17234587657316e14
6.85491504587074e14
4.62303980751106e14
7.38215537738974e14
1.145612077476746e15
6.75461687531526e14
8.51190875575296e14
5.90015538622956e14
7.00021624757793e14
7.31664077833994e14
7.13897616627723e14
9.8048346159613e14
8.21021102869246e14
7.10295957656013e14
6.16393515713615e14
3.78558650754413e14
6.90576888347023e14
9.34841696670141e14
1.109292829784552e15
4.40332783343264e14
1.165440424819512e15
7.54148681316694e14
6.58012519394781e14
7.41966118790901e14
8.3888477622083e14
8.53535774863938e14
5.6848945194799e14
5.22905886177549e14
6.08546525673583e14
1.123999432455849e15
6.10803464882089e14
1.281712513611246e15
8.82729436263064e14
6.62905518650075e14
6.30255433822829e14
5.7226032051843e14
6.4996208508858e14
6.71638923843003e14
8.55643391386268e14
9.29460276092913e14
5.97536755477341e14
9.31199344385572e14
8.12449430512816e14
4.24161584151641e14
7.83430482975758e14
9.40540590443074e14
8.45262008855851e14
8.94502943359754e14
5.76498350377919e14
7.47756354781849e14
1.28090235855241e15
5.7660067150222e14
8.48980750820561e14
9.28360423473121e14
8.22461671095744e14
1.084914222544335e15
8.12836403523108e14
4.58010455265345e14
1.11824110605503e15
5.20657681709208e14
7.58614680809934e14
6.61850718028434e14
8.64987781303084e14
7.70552821716686e14
8.16768190865438e14
6.28412171704424e14
6.60533582750879e14
8.35000547571743e14
8.04123230211354e14
8.20071343358064e14
5.97565851932265e14
8.68797163558061e14
3.75982739142547e14
6.70433946813586e14
5.63488702694162e14
5.28981642732184e14
4.57098544967719e14
7.31653025969449e14
8.63372458595742e14
5.37922476991649e14
5.85219325959771e14
5.74722709433283e14
4.42437924194131e14
8.56189148404342e14
7.42382057781775e14
8.95017871270129e14
8.52933360773062e14
5.91994093139e14
5.64334686361641e14
1.0939800564394e15
9.9977261856562e14
4.21393413840343e14
4.7602657351883e14
3.94191332880804e14
6.06863453005836e14
4.25648364461528e14
6.84398881324648e14
6.09735591509902e14
1.079454651250871e15
9.64268607424017e14
1.484417108292893e15
5.01111590853036e14
8.45170233433722e14
8.86038468790913e14
1.414093561323691e15
6.02472134386785e14
1.047862579709943e15
8.96275552197565e14
5.60841534465744e14
9.58304767922562e14
6.59865026236998e14
4.96554761709692e14
4.0762327838603e14
8.08830114297206e14
7.09705838557522e14
9.83700793511284e14
8.09567550827358e14
6.0609374843806e14
7.65309286068978e14
5.00194356568283e14
8.3442873400047e14
7.15220897086598e14
7.31864399373689e14
1.35923125206997e15
7.23970260175936e14
6.96118575783216e14
1.16605749051583e15
1.177313780904748e15
7.30615525978776e14
8.33740283583238e14
6.65837555553431e14
9.21809011538518e14
4.22157144464542e14
1.005901217595162e15
1.16491161616803e15
3.23054967094496e14
1.022493569114924e15
6.16820149768121e14
5.88934997150691e14
1.06980475074628e15
9.72534200661982e14
8.76704628574804e14
7.5265171534562e14
8.97904902562414e14
7.08816989929222e14
8.16991840670593e14
1.012688764280528e15
6.79628193340362e14
1.1337472276528e15
1.033286055262091e15
9.60147260189531e14
5.17668049812588e14
5.4055516939333e14
5.14368812998404e14
1.095585163748481e15
7.31226519786248e14
9.35165467290057e14
6.0391762776451e14
9.9848365687224e14
8.99135237984132e14
6.59250398922394e14
6.32047326136756e14
5.82728840143728e14
6.18962508052227e14
6.60087526927832e14
4.25817624875023e14
1.011597853549087e15
1.187740643850894e15
5.9872479509087e14
8.38537574219561e14
8.13251057643176e14
1.287194450157666e15
9.00469919417088e14
7.23756544260732e14
1.061947033201906e15
5.99564463921278e14
1.139056593325786e15
1.077264393686887e15
6.05660239930539e14
6.11436485373288e14
7.91781802775597e14
8.1698510692955e14
6.97484494165142e14
8.54090992794774e14
4.33278928758336e14
7.55310207356018e14
1.266816610474511e15
7.88525676540047e14
4.57414788749523e14
6.56319818568209e14
7.65416166397244e14
5.88164097507196e14
7.35368847440476e14
8.00911053993404e14
6.48903868159996e14
8.53415868939644e14
8.71984017159572e14
5.71955005823097e14
6.10631165837487e14
4.57150250367022e14
9.04785159060248e14
1.061998514637426e15
7.94954540907268e14
4.974983872091e14
8.61733569429598e14
5.71407540123961e14
7.52576500249336e14
4.59256986363307e14
5.89364322326926e14
4.84259234436146e14
6.85292433547019e14
7.76898970722232e14
8.95555817786186e14
6.76955671355468e14
6.62753950310696e14
3.92242302319935e14
6.79311140050803e14
5.51590216802326e14
9.60030357011096e14
9.94161429436591e14
5.33483146085895e14
5.62322525168423e14
7.51228310545912e14
1.33358149271097e15
1.17866808249587e15
6.33130331894303e14
6.83632486371348e14
1.171920072438368e15
5.85077335438172e14
7.3338658051113e14
7.08946822569642e14
1.450605474084191e15
9.89154036274488e14
7.32113283832662e14
4.68429830851852e14
6.46916846975712e14
6.53083929740025e14
8.38976917701102e14
8.81882839632069e14
1.71686234456084e15
6.83027599409394e14
9.83950061498488e14
6.37545480635652e14
1.182799246519025e15
9.06662574366394e14
6.28822619656397e14
5.43395146353482e14
7.01432954764004e14
7.31694798226206e14
6.90701040834231e14
1.557951393308558e15
1.384399731350468e15
7.11733644462436e14
6.35616844543005e14
4.76394962792813e14
5.31505233252798e14
9.65688895415896e14
8.06210924739922e14
6.8354208847807e14
9.27246514140043e14
9.49976755121436e14
8.59385636542908e14
8.65045478217166e14
1.226038276606256e15
3.75635293104258e14
8.14683133202538e14
8.86876837758781e14
5.77259515851187e14
5.30482808309094e14
4.87555050536818e14
7.48266857259013e14
3.95021174525755e14
5.2064288561184e14
9.18077923213408e14
7.08393801080565e14
6.94001271598186e14
7.17575672926401e14
5.19607966344635e14
6.97992260249522e14
7.39403015509466e14
9.8485412810762e14
4.38640589563368e14
1.054303518427204e15
8.37603389471436e14
5.33393520557736e14
4.7417119091918e14
7.78394164708772e14
5.88268571778787e14
5.4500384550821e14
8.03965753917718e14
9.51579379521795e14
4.61693598905685e14
6.09906227802288e14
8.30462419957736e14
7.09089387475931e14
7.12797918981598e14
1.024596442982599e15
5.7387814370327e14
7.71838138840928e14
8.632314090474e14
7.57484650596068e14
1.324506097509764e15
6.72073055689642e14
5.13686466153416e14
7.86874640557078e14
1.08179657793773e15
9.12747555890545e14
1.245233209124073e15
6.16158708778397e14
9.86335249459506e14
4.48548946543501e14
1.130819187335846e15
6.37854144737238e14
5.03891383355766e14
1.145875562480455e15
5.31910918403786e14
5.40321939312346e14
7.26770725605628e14
5.97830308101766e14
6.14449899407944e14
7.86958619536412e14
5.95768153809846e14
7.00661270582766e14
6.54701741211455e14
8.57864974977566e14
5.9317278346076e14
5.45211149623087e14
6.59839240033682e14
7.16923542142356e14
9.02289595905907e14
6.33259569568382e14
9.40689614171795e14
7.86075872071415e14
1.495706792706567e15
6.83551626304541e14
1.635006063049614e15
8.72302879799647e14
1.201156408303752e15
9.58494604419809e14
9.84152924928382e14
3.98962167047992e14
4.94685793872694e14
5.08243163389786e14
5.9795428416384e14
4.34228233434461e14
6.97853096062083e14
8.13954940643016e14
1.299637014793295e15
5.32113221353508e14
5.05705677020434e14
1.038196622303271e15
8.29712789669209e14
9.58900618559747e14
7.00683388383239e14
9.99424589747348e14
7.89447891649696e14
9.5117936110601e14
7.67401001722681e14
9.69863562560384e14
6.047305568644e14
1.118620036676064e15
5.2728298271228e14
9.13075189387999e14
1.14811340617222e15
7.72664956947599e14
6.44982132199188e14
5.49827550457328e14
5.5036727580585e14
8.71784330831586e14
5.97417969405998e14
6.16062378610444e14
1.066345337187432e15
5.81537710292556e14
5.44939164242966e14
4.88534021583965e14
5.74841006836842e14
5.21038054201523e14
7.5078992842157e14
1.227375128049625e15
5.67680743180193e14
8.15673925644128e14
7.84090234026995e14
7.01999037460842e14
7.46214887951086e14
8.88443123627062e14
7.58217820512749e14
1.020416097561164e15
4.40730016289054e14
1.176451349900349e15
5.59872817506658e14
4.6978554329125e14
9.67426978168395e14
3.88721762084906e14
6.74989104757159e14
1.015142827779938e15
7.6411175214319e14
5.55804870337403e14
7.15600774882185e14
4.49881667146248e14
7.8008338217698e14
3.83685523160864e14
1.01536766337414e15
1.112493158095897e15
1.06327143807274e15
6.85285971060354e14
9.3426961971226e14
6.7788281282042e14
8.46000170839605e14
7.31618135663192e14
6.02931170295367e14
1.406142231816418e15
5.11599123664494e14
5.92532935966845e14
7.17037947384711e14
7.81577333297482e14
9.85606879682211e14
1.192391036077704e15
7.20285342264546e14
8.18856881313887e14
5.09944798729088e14
1.109327654623496e15
8.00151617961512e14
4.93467287875023e14
8.59798564647697e14
9.47899280540254e14
5.60437708838241e14
7.38378435826844e14
7.18816877842111e14
5.76087979984759e14
9.36531674770595e14
1.057747147023108e15
9.12083444758709e14
6.87938089595336e14
8.07545858880127e14
6.13762569871958e14
9.08925740230701e14
6.97539799903571e14
7.06000582087999e14
8.6597228263583e14
8.6281645787945e14
6.63867480351126e14
6.29883189018648e14
8.34037880749572e14
7.7361960295095e14
4.27982285127798e14
9.91096820973187e14
5.17303663390936e14
8.61788787312442e14
5.24438265345932e14
6.14056075852448e14
5.90267275100683e14
5.25187072843196e14
8.28653537382461e14
8.02369474704804e14
7.8189570350081e14
8.68494155128438e14
5.94717639171984e14
1.209278410252157e15
8.3832365714054e14
1.044486659116848e15
9.45839714918344e14
4.09168120496001e14
9.20257125006299e14
5.34299109232941e14
6.721330052704e14
1.452924544724955e15
9.42783905544323e14
9.94857937105004e14
6.8611963779145e14
6.48332633825307e14
1.07956036617942e15
1.122573408282153e15
5.74675673418134e14
7.69050247487644e14
4.56196277534292e14
7.53451810970212e14
7.18024152683292e14
6.05713865706413e14
5.54282694733514e14
5.14303679908792e14
5.25723095662049e14
6.45221542322865e14
7.40239486747808e14
8.30976537765761e14
8.24130125298335e14
6.97132923495177e14
6.21932451426369e14
1.094555798534352e15
6.0867745223401e14
8.03351302533306e14
8.0477325345788e14
4.73765655586548e14
5.36849245953253e14
9.81192514571794e14
6.54520562717014e14
8.65720115275567e14
5.7222583648046e14
6.62428331905308e14
6.70905658215386e14
5.02687455626115e14
6.5882884230538e14
8.58565398784686e14
1.257268795112939e15
6.46099845859902e14
5.25815718658524e14
7.82781315196697e14
5.14626438844598e14
6.2472651118466e14
7.93964341986772e14
9.14855859075239e14
1.211421648672399e15
1.061004699157936e15
8.42549468848714e14
4.1219767915361e14
7.92794004442117e14
8.03035552757594e14
1.217646833559664e15
6.58967748070482e14
5.72608474539332e14
8.11468472878012e14
7.63687198685679e14
5.90454132614954e14
3.68681989286508e14
7.55814311674682e14
5.17136443333165e14
6.64489650988633e14
3.48354574482472e14
9.99914637889714e14
7.56195511721089e14
4.0527999972123e14
1.103280432581583e15
1.242992762391354e15
1.091992871129609e15
5.99530880485012e14
5.9997017018651e14
7.34881286750227e14
8.61567280732711e14
5.43464268637971e14
6.47492332452718e14
8.03398703353277e14
1.1216534823653e15
5.85955598505863e14
4.32322078756202e14
7.56408956913908e14
8.31262598013806e14
7.22975426519826e14
7.57487007517976e14
1.006694268076728e15
7.98202309477771e14
5.1711929200591e14
1.065205380406487e15
7.23834051501771e14
6.93200606791374e14
1.061095982457844e15
8.31336394451918e14
5.4792232561163e14
1.035322304659228e15
5.54748500752704e14
7.90356531525472e14
7.76830439095954e14
5.6768119683593e14
6.35876397431039e14
9.06971210166377e14
9.01671750957775e14
7.92650858731778e14
6.95018654843308e14
8.69380222842552e14
8.17723678012835e14
6.76364524009242e14
5.6149865771868e14
4.83671350440775e14
5.48175994601211e14
5.67149019665541e14
8.31982570144889e14
1.045497050467634e15
8.64038146335253e14
7.45200254483388e14
8.14169432450074e14
1.068792312264874e15
6.468888176268e14
8.55520739765248e14
5.9250011686915e14
6.98954539122742e14
5.28025293545258e14
1.055382035368392e15
4.55556392342044e14
7.62845895905955e14
7.29635039661741e14
9.51274558646382e14
5.62187476292219e14
4.81284969086628e14
7.23773912536142e14
1.035139505890544e15
7.43118710927394e14
5.48973885943247e14
6.74381536630675e14
1.689898296941236e15
1.003065216264491e15
7.12981810524805e14
9.77149023997618e14
5.25693375341942e14
3.28511793519479e14
9.08910935183696e14
6.48014852839041e14
7.46401127579062e14
4.42623019412251e14
5.75484690873445e14
5.29648023982868e14
4.54906311296693e14
5.25997134735114e14
8.13861745990772e14
7.38920420204744e14
6.71004736359627e14
7.73655969078598e14
7.88947143014704e14
4.96464120172351e14
9.05494875567352e14
7.74838814219746e14
1.201949371687104e15
7.62895657240064e14
7.01674753968509e14
5.45710420544621e14
7.29560628342425e14
5.18823007672102e14
3.29666181906213e14
3.49525220670052e14
8.12624920803336e14
8.11272280487056e14
3.81571783179299e14
4.7633542610727e14
6.81301386159604e14
5.02101759417e14
5.4980601869495e14
6.36044584166922e14
7.18941657631946e14
7.52776262349968e14
6.39352415377742e14
6.72039827460181e14
6.13548674138234e14
4.63034471086346e14
5.3066264704674e14
3.80358961010578e14
1.04089101865943e15
6.26345922615942e14
9.57856692669794e14
5.43810731535807e14
1.006262624952026e15
4.77865154086985e14
6.9874231462882e14
1.411551348910584e15
7.10523034802424e14
5.23219167337096e14
8.36388656344333e14
5.21495181678015e14
1.100631831155369e15
5.03588852093674e14
9.43725169125657e14
7.96271593119414e14
8.42238620836765e14
1.209160832498328e15
3.9899405719666e14
5.90399640128998e14
1.175920385874041e15
5.36030457119369e14
6.8717260661683e14
1.036983999193124e15
7.95529826570164e14
5.79644931961675e14
8.82888908268884e14
4.6570508876086e14
7.42317949399345e14
5.41448209068672e14
7.61410016865153e14
7.94280229337641e14
6.74104944220744e14
5.6547693030267e14
8.24696514689547e14
4.87960643413627e14
6.15650527793989e14
8.08702567449346e14
8.33081361896696e14
6.98356197408531e14
5.52922452406262e14
1.130332312528851e15
5.57570134139228e14
7.27564551791998e14
1.456781378956605e15
1.102437188879443e15
9.23105165767422e14
6.65267537644925e14
4.56575516121516e14
3.56314400715769e14
6.24950780170257e14
1.225302021388084e15
7.575252091477e14
7.52904520501062e14
4.83885329918953e14
1.316910355779012e15
4.0152038147252e14
9.44403454119731e14
6.03402070586238e14
6.74012042920623e14
8.35443447971082e14
6.37814896919368e14
4.68821529920848e14
7.40963794362494e14
3.98338327309072e14
1.084667298600642e15
9.62920865170035e14
1.116659993829144e15
1.007763804156318e15
1.291835464598493e15
6.2122464006592e14
1.139950671544843e15
1.148093110632435e15
1.100384436397378e15
7.51537614830503e14
1.17976673336168e15
5.35957499235464e14
6.22768538930002e14
7.12515294851006e14
1.029725878172941e15
7.6806439320374e14
6.4056258221018e14
6.60472665400046e14
1.074235085910038e15
5.70259926767504e14
1.615408867917285e15
1.291866315908923e15
8.59742820825966e14
6.41527418797793e14
1.006261031879536e15
5.70485254254697e14
1.022790149282795e15
8.84563190797577e14
7.60964585094198e14
8.19431342584556e14
5.35123408618884e14
4.66827489734572e14
1.000284967039656e15
6.83802530689418e14
7.68616122413391e14
6.9983732839774e14
7.46521011622488e14
6.29090023166584e14
4.7059632372396e14
5.54901736568331e14
7.59952441578012e14
6.18058754247649e14
6.8844749654105e14
5.80128922566927e14
4.6953915368811e14
3.14514009499178e14
7.20367630746462e14
8.51178854948092e14
9.3138679530121e14
1.230332250970746e15
1.016976981947376e15
4.53015560919592e14
9.03373415630866e14
7.66220002886975e14
5.43274918032256e14
6.85867328984876e14
1.050948372723344e15
1.50366584288981e15
8.504461918361e14
6.45001061839352e14
6.84344153490116e14
6.20364714699354e14
1.226320103972384e15
4.5875191663668e14
8.48697109415163e14
6.88443832520318e14
1.41698368393488e15
1.143128758638186e15
7.14580345984548e14
1.237963621491372e15
8.12017855304671e14
5.11733078806116e14
7.12051292924676e14
6.50043268717163e14
9.04136599396206e14
7.87235556987906e14
4.43781909599007e14
1.35792643992446e15
6.83139144787967e14
3.91800055757562e14
6.14191349286083e14
7.02789182033506e14
4.04483690935039e14
5.27958041139422e14
9.47349706776901e14
4.74901626149084e14
1.183212582925634e15
6.56808786865914e14
8.50828278631541e14
4.73479887030352e14
4.20284820294058e14
5.06489732778164e14
7.1986125874086e14
9.56531910776052e14
8.87169521426345e14
1.358272868194706e15
2.76438030585322e14
5.54350996070604e14
5.82307671197177e14
8.47441376185068e14
6.97364603141614e14
7.05214328067595e14
6.58852303713349e14
3.96630158028771e14
8.34590283720034e14
1.086684345988095e15
