8.881169431871262e42
4.0427924951908164e42
2.8131681661440355e43
1.467044006191011e43
1.3441481048002762e43
5.043113126629787e42
6.248916563480401e42
8.859817201424061e42
2.0635938831545122e43
1.165521207945703e43
1.0592049435596619e43
1.3200889851571006e43
1.305591792244038e43
8.669705890072843e42
1.0450202602884486e43
1.225172305957121e43
9.190452123060553e42
1.5194242059997619e43
9.433792621312684e42
9.63611526000179e42
8.081702214570808e42
5.624537159146234e42
1.8370027634930367e43
4.845143194718775e42
1.2805712342095867e43
1.3268125815532008e43
6.695746470226988e42
7.623258290266535e42
1.9786629528892561e43
1.1032116873595524e43
1.0768328990813912e43
7.311007243869974e42
7.003887011121585e42
7.15159534503979e42
2.3651610703729918e42
8.21731889569118e42
8.89657826296942e42
7.78171760996513e42
6.840216011979501e42
2.0081988206661096e42
9.037222826835846e42
7.037330590927612e42
7.935949198564319e42
9.9325240566052e42
1.2257029434653922e43
7.871132572816327e42
2.536059550549484e43
1.5883379809990467e43
6.908883322822888e42
1.309463516209446e43
5.787862122102522e42
8.764872488443031e42
8.971684373394526e42
2.1427409804809366e43
8.045748530230971e42
1.2445003051293718e43
2.0831819094873527e43
1.242144581409933e43
6.542497581935912e42
7.432056148812788e42
8.438132821740218e42
1.1988588280746807e43
1.649026483283142e43
5.981987620532166e42
8.199390796088961e42
6.943380677921523e42
7.37905855098301e42
6.075728073608025e42
9.855502148520628e42
9.089019313445396e42
3.3002822789590414e42
1.0055238097632378e43
1.5329623064442698e43
1.341073929288034e43
8.405894805961591e42
8.097050562361685e42
1.694596219017491e43
7.388576744125506e42
9.4780102989814e42
1.524234612567365e43
1.6555455942813783e43
1.5835899705885312e43
1.4766716123711175e43
7.029185885966146e42
7.708259969706402e42
3.562732982151926e42
7.850844450960438e42
5.127183293203557e42
5.3648217884138623e42
6.668689986828201e42
1.0188251867316242e43
6.840490453460576e42
6.462586482182047e42
6.159822619177275e42
5.830647016304688e42
9.767273259246122e42
8.528305579614016e42
1.4801872080715947e43
1.8111008659395687e43
9.140448217573359e42
1.3450671053600553e43
1.4809388477939085e43
1.003235217373789e43
6.297421055166539e42
5.2711982035855703e42
6.496275905433552e42
5.443869652818328e42
1.3086851795912004e43
2.905245798128271e42
7.972378929575586e42
7.133623407199139e42
1.226672867663156e43
1.27591308570547e43
7.112247515956636e42
9.293153494591869e42
7.961511604673299e42
5.190181100354563e42
1.7167230428247226e43
7.370043143024968e42
1.6538322600923926e43
6.792628336456789e42
5.242492720223527e42
6.907643014551005e42
2.1071153155097156e43
7.009117163348996e42
7.568208277577914e42
9.989176143520846e42
1.3753295316013306e43
6.478547942759972e42
7.081347777302765e42
1.0196975566758929e43
1.1270351636075439e43
1.2851712104212806e43
7.706590188279131e42
1.4782763133310875e43
1.5856870262377782e43
1.3314203680693883e43
8.441920060741971e42
8.710427002774249e42
6.379395276825647e42
3.890543806916257e42
8.550292630851994e42
8.60612179504171e42
1.0212408848345665e43
1.2763298847773235e43
7.229169496401628e42
1.124885355081793e43
2.481461175115442e43
1.869430727865601e43
1.5976114470627514e43
1.2524343176714463e43
1.814578702976724e43
5.703485756395856e42
1.130730528502306e43
1.4878501084719673e43
1.329874476723021e43
1.1950238705130346e43
1.296134035972223e43
8.391711825183119e42
8.54308074269607e42
9.71255016902701e42
9.777404308971029e42
1.619700557806558e43
1.122999926308879e43
1.2524237148229184e43
8.673315494476912e42
1.7664599498681557e43
8.766277282221742e42
1.2975753325991415e43
3.782850774928779e43
2.169172775770696e43
5.407794647368136e42
1.3806555806759518e43
1.564225515659377e43
6.765508900066574e42
1.9382770970333507e43
4.2690779198960535e42
1.26364224572057e43
9.126482856149627e42
1.7245019179224273e43
1.3899113655374196e43
1.496372144314393e43
6.016378833242303e42
5.893519447750098e42
9.7693225648584e42
3.6192955598327944e42
9.460857000799866e42
2.7754307299279055e42
1.9154921223596658e43
2.604602351737944e43
3.8498011663270926e42
7.215017259845363e42
9.234954896133952e42
8.245606138103883e42
6.555590400075408e42
7.036693613540854e42
1.2258859861682525e43
9.130780467628948e42
9.753332946999613e42
6.421094321518064e42
2.438247984985871e43
2.4079899549945075e43
1.2430819120910153e43
1.1607772175917455e43
9.158270988254758e42
8.616212594765987e42
7.961609735405853e42
1.081354904006546e43
1.1157995196422247e43
2.861918267006726e42
1.5397561641749006e43
1.437360424183083e43
1.0464317390754238e43
6.999407418625526e42
2.0364734468296114e43
5.734239369478802e42
6.913878770957951e42
2.8767747799575625e42
6.075950602199492e42
1.2463515451407793e43
2.206727886420444e43
7.013085509551152e42
7.376045504301782e42
1.4582568435217372e43
7.425205919410386e42
1.1282820277892594e43
1.0541002340118247e43
6.816551206264511e42
2.4265705440814705e43
9.008558840141878e42
4.59106921044123e42
9.826747353004486e42
1.0972045773515061e43
2.1459392077444113e43
1.0617700700902306e43
1.3292662387777092e43
9.38926177585484e42
9.902939203262288e42
5.2533193757548774e42
8.127849766838258e42
1.7140964894669106e43
5.79986858279407e42
7.097433967847206e42
1.86532836158851e43
1.4479494796688496e43
1.1673694915859521e43
8.256526182731822e42
1.0702284043236195e43
1.2038388525604703e43
6.073695280101838e42
1.0159274691363678e43
3.8070588225340687e42
1.0218469726259318e43
1.2323885321324606e43
8.001093053970204e42
1.644689099590951e43
1.2842096175969133e43
7.856697263883777e42
8.446925854904425e42
4.618725513139624e42
9.261743206015004e42
1.0662992764410679e43
7.341616651929548e42
1.4148271654988184e43
1.1376968850547403e43
4.323230846843747e42
8.054125557192634e42
1.3121383662944331e43
1.5054023597858267e43
9.80777843275945e42
6.089225965856504e42
8.727447392752022e42
6.985071574486242e42
6.54175223154273e42
1.3983883803851515e43
8.504012186665213e42
6.260217017244232e42
1.3266061807624774e43
1.4418304979901974e43
8.115519130398723e42
8.545855490747789e42
6.555810637457528e42
2.0689502632482615e43
8.107566198407901e42
6.561007419272728e42
5.830614358176787e42
7.018826113226318e42
6.687581970577754e42
7.848894074838518e42
9.029294015506617e42
8.011160957123944e42
1.3080153897804935e43
7.319387843515324e42
6.424608564128825e42
6.870077448404371e42
7.351783936517514e42
1.225168907258696e43
7.56149439178264e42
6.63761256574573e42
1.296206109106419e43
9.10740971813894e42
9.406177881062848e42
7.979958271806641e42
7.992391980549596e42
9.959469474246951e42
7.544792820902403e42
1.0584865535587922e43
8.305362556658683e42
9.837137798902949e42
9.93664374428059e42
1.5562554921830467e43
1.0267229373082594e43
7.738026963286834e42
1.1112554083308657e43
9.65347572961477e42
2.470259157332722e43
1.2250646902604936e43
5.5632867558543896e42
7.226023639288522e42
4.6374372155528205e42
1.509763157884616e43
5.130730392328959e42
7.412241009742131e42
1.1409373732614434e43
4.368403892427648e42
1.0302790281994019e43
6.391205878920446e42
1.3223261420854717e43
1.6249732321373187e43
6.764184011489188e42
7.37496653940918e42
6.753033339607252e42
6.161410673777746e42
6.643472857049563e42
8.128385608760078e42
2.0371646223138234e43
1.1895440604865473e43
4.543325220184043e42
8.007833458055719e42
1.0613364906964005e43
6.262629984052569e42
4.255911538720043e42
1.6289971155245857e43
7.488353977790259e42
6.692992090320667e42
5.687439288203462e42
1.2378851699707234e43
1.6104392770823938e43
1.226327298639064e43
1.0143339074215891e43
6.13994642556924e42
7.40998721548016e42
6.399078684308307e42
1.652134509430855e43
9.080766995606928e42
7.458855606404915e42
1.401862144704666e43
1.8598702866190309e43
2.7258944572321624e42
8.445823082195576e42
1.6025117803690946e43
1.1505015603418033e43
2.606810197352421e43
1.7145216865302705e43
1.4406523577030287e43
1.0356217172357244e43
6.496297532772616e42
1.0546471396607354e43
4.551559021324821e42
1.1472274042079838e43
9.08546907240309e42
7.250485184222365e42
5.251897650171207e42
7.609353641270545e42
8.916110104345483e42
1.7240461999878495e43
5.349444967427112e42
1.6662542569219067e43
1.1177751902446734e43
1.2864530065175954e43
1.9580051241171825e43
9.436803546541382e42
6.776338099999264e42
9.686681068374544e42
3.914206559523075e42
5.306926120074446e42
5.056384642056663e42
1.0608332381849095e43
1.0506530373339521e43
9.33219600369731e42
6.171238493855557e42
9.876219437455014e42
9.37558338747141e42
1.074059776462685e43
1.2125660553550861e43
7.666614822140481e42
4.871806439707307e42
1.1837302805418445e43
8.714192858824841e42
1.3389864692548001e43
9.33658900483459e42
6.180041969196755e42
1.197829263209144e43
8.734807387122943e42
7.71315998468515e42
9.2670410971117e42
1.1992574620916978e43
6.986873423259654e42
1.9276453671595037e43
1.9546742719864274e43
8.700422081245142e42
4.9901138429663736e42
9.1866908080057e42
1.2409231775857609e43
1.470234428290245e43
1.6170270680148377e43
7.25008153935993e42
9.247230123937763e42
5.340979514830508e42
5.843369858755151e42
1.7561226889232213e43
9.753691931812217e42
1.6281169096732013e43
7.959403218801945e42
1.2487946836492433e43
1.177734226287371e43
1.269604705176508e43
7.841685232292628e42
6.671526333458147e42
8.861783847588571e42
3.4470671762932374e42
1.3390280144752122e43
8.371753593783765e42
1.3328385011178065e43
1.8461581300239532e43
1.563973834988522e43
1.2786534108330644e43
6.682953147516597e42
1.326792274691348e43
8.353596927538687e42
4.967470151607415e42
7.149906610343119e42
6.16345914872079e42
1.2332150645389663e43
7.500978929795635e42
1.2881623404468157e43
1.1332896958678073e43
9.160763986441307e42
9.947112437484878e42
1.6616789573708811e43
9.243828130636254e42
1.0308289425906972e43
1.5291462469776182e43
8.46277359412321e42
6.957246506892742e42
1.615298163042192e43
1.469462705422363e43
1.164384810959814e43
1.6963366330759069e43
1.0904086918283186e43
2.3859728920288373e43
9.220168405527991e42
1.3007650029423643e43
5.0492839717404457e42
9.129648279694664e42
4.246250810376349e42
1.9062638793075792e43
1.8507274669004584e43
6.991694559073912e42
5.2046867605266556e42
1.6111294643496263e43
4.8801697482273786e42
6.421397544986964e42
8.186900103670731e42
5.847573838327474e42
2.2087231333026066e43
1.366465010946985e43
6.356576080924826e42
1.5796393444939306e43
1.2185160435893698e43
7.40118174119574e42
6.235629851979054e42
1.2888091278993433e43
2.0984137588170836e43
7.27776747438413e42
1.116047016999436e43
1.1295428846440775e43
6.483287384319387e42
1.0845372164505269e43
1.2954521203600416e43
2.1141181280383347e43
8.77541335872821e42
1.910539547551881e43
5.263437564032349e42
1.1846779080866683e43
1.8002763388144108e43
1.9477436028541296e43
1.3535191329990913e43
2.0838305703936553e43
4.792452260611754e42
1.2997144525796244e43
8.196429139287984e42
1.0266566704563511e43
8.30522466971439e42
7.277617736262785e42
1.0746412118731941e43
9.392568560501244e42
4.369487294852736e42
1.2412590454892732e43
7.0796522582476e42
8.016700994779079e42
9.14791370846748e42
1.1380884579949397e43
1.6819566318865773e43
1.0367913992281916e43
8.748778531384359e42
1.6616430480682116e43
8.428593226978108e42
1.3891992392365071e43
5.069005613497109e42
1.5413376568199148e43
1.3084228071893675e43
1.3073709668254813e43
1.032000820100524e43
1.5161367132073637e43
1.1011537669360991e43
1.2257894244821481e43
7.852643230561749e42
1.6676898231019927e43
6.07719742839121e42
1.0027966273706978e43
9.898753540756907e42
1.3722892104278174e43
1.2631012567764215e43
1.9239112409051105e43
5.4777528060649624e42
9.572628360229236e42
4.9791983028195245e42
4.3906873276334995e42
1.9431607840657019e43
4.103049707918695e42
5.500478280953733e42
1.0140470219342488e43
2.1986827251311548e43
5.744024610397637e42
2.1111205871366663e43
1.1729739481579675e43
4.9554974144445953e42
7.149033996002635e42
8.882736172098106e42
1.000728273181773e43
8.140030344988685e42
8.324724426361583e42
1.5231576316646976e43
7.994199055347697e42
2.851097795882178e43
2.71807963902532e43
4.988755585555205e42
6.375253096629052e42
4.107982698439379e42
7.353333341258796e42
5.304700769808199e42
1.147178189547744e43
9.528626306449596e42
4.334731974571528e42
4.9385998652929355e42
1.0115250643888975e43
1.3961935938434768e43
8.379296829129673e42
1.1375014361940562e43
8.131684377052875e42
2.0321867224836238e43
1.3234731837460224e43
9.713730693145459e42
1.4388728460477236e43
8.847698592688416e42
1.0243339106080996e43
6.755148929523266e42
1.0066799162930062e43
8.586188350315927e42
5.2304464892446164e42
8.983208006924079e42
1.1528770858072696e43
1.0692979602588579e43
7.209981714116013e42
1.2998778133795293e43
1.4994782056588226e43
3.867417383486406e42
1.2909157762624775e43
7.331706386919501e42
8.549998856958786e42
1.9944996972999602e43
4.157028155887989e42
2.2917513505096816e43
9.173606195459642e42
8.173212673427381e42
1.377634998802925e43
8.32413886785048e42
1.4059155895194269e43
6.543066918238678e42
1.0633840371903227e43
1.0105311732650653e43
1.365171663036473e43
7.365560090124078e42
1.372082869415244e43
9.158980560355995e42
1.164236472699147e43
8.090936125832123e42
1.4326405832712458e43
7.708323117024768e42
8.774165789575756e42
1.0811405916876702e43
1.4334143139831438e43
9.907927939217273e42
7.027123096974898e42
1.1481039963669559e43
7.19000509385537e42
1.1997669509203856e43
9.884350967503432e42
6.910908175678935e42
2.700961806757999e42
2.4491221177332734e43
1.36082140576996e43
1.270755862788984e43
5.584037865584917e42
5.876404605072257e42
1.5298370555198413e43
1.890406081808439e43
8.549826581663538e42
7.87869138492207e42
9.285583242912711e42
2.28535787974886e43
8.622380410403233e42
9.006537409120115e42
8.273159777105698e42
5.5091823740211297e42
1.2432003111487584e43
5.38951586850077e42
6.948285273306903e42
8.550588695924711e42
7.304792770452949e42
5.923149935037564e42
9.272389535931275e42
1.0196122455065174e43
1.5587216721376902e43
1.1146171173008053e43
1.1075250640954886e43
1.386984891631736e43
7.454518701544568e42
1.2316124847684388e43
1.77323651421187e43
1.7445826702771403e43
8.038348983284845e42
6.956210350015798e42
7.777558799969803e42
1.6710402123541692e43
7.712492259741101e42
5.73267034565312e42
6.949983021031731e42
9.380583968170425e42
9.000030846375011e42
9.333162396435613e42
5.635476095784842e42
1.020319092115547e43
9.715013054250957e42
1.5130143639600684e43
7.493716942214167e42
1.240362714091396e43
1.6696839214918902e43
7.62880264638881e42
7.762006545207923e42
1.694245492460124e43
6.685355613907021e42
4.301856597758528e42
5.1217579539450356e42
7.617064526981423e42
9.350312428169316e42
1.3912322972241654e43
7.880175421980533e42
1.929917212841464e43
9.685394088296737e42
3.324156415996646e42
9.310511375981045e42
7.78377668206314e42
1.2349442329624859e43
6.31473443145917e42
5.5293369890121945e42
8.541223121809539e42
1.306918882152595e43
7.062508481222514e42
1.9994298446577614e43
1.8314326263249733e43
9.839561290326993e42
8.18744708953562e42
1.2323249459674316e43
8.359207894996823e42
3.4454833678169193e43
1.967699817516555e43
8.888923789446635e42
1.4517913388237607e43
9.640983332262575e42
7.531314774158858e42
1.175360674341006e43
9.472941056167515e42
1.0804718052383653e43
1.5973638259895468e43
6.999334304009661e42
1.1117444686285065e43
6.295036899653146e42
5.549144447576571e42
1.3391060477400428e43
1.0473151970858334e43
6.27788655428929e42
9.147808687711529e42
1.6717912144508305e43
6.082714941200647e42
1.4356399995852064e43
1.178823861080807e43
1.3451469652417325e43
6.563700880692563e42
7.612965920402945e42
1.2658208366410482e43
1.4183930646752042e43
2.8766012733463774e42
9.121215178489287e42
8.097609305129474e42
6.750121144991257e42
3.194220757644179e42
7.803251142903223e42
9.585653456322885e42
1.0446147960615973e43
1.4401392544295051e43
7.843262483883818e42
1.2812838683038863e43
7.357619268915553e42
4.4809460554073925e42
2.953089208710131e42
5.799215630016354e42
9.536051894292779e42
1.1444855965183175e43
1.496286500448537e43
1.86326800048074e43
1.3335889542674457e43
1.0987877475612651e43
4.819134118793773e42
4.669130928008735e42
1.0303295357716099e43
5.4676919723712396e42
5.706102529840939e42
1.1495262014049355e43
5.470090297817442e42
4.15929987546745e42
7.863862688451319e42
9.432505747012033e42
1.2825510890889716e43
1.0624246334538382e43
1.0180058808441882e43
1.5093255828192614e43
1.1178978859207146e43
9.036810855692579e42
1.1741394153992922e43
1.4971036978986873e43
6.114508736281235e42
6.535815612509141e42
1.0157443030868684e43
1.1125887284993526e43
6.051705795474326e42
1.0248376579850255e43
1.3891425294817254e43
6.016138804428782e42
1.1358394901888283e43
1.3094245449306667e43
5.793610705300294e42
1.0270904257454789e43
1.4634208377592982e43
6.407135748401605e42
7.146129823709771e42
1.302471441358274e43
8.463813512110416e42
8.723221123438174e42
1.501380561877154e43
9.083006100187403e42
1.3322592854100366e43
2.990125549818314e42
9.87287771088598e42
1.7788284151521537e43
6.515267261864784e42
6.089659238647472e42
7.238710168248767e42
8.516398681421766e42
1.392936247189453e43
4.678172513242854e42
4.459280039493322e42
6.392464914627476e42
1.4335204411910963e43
1.0089891647113247e43
1.0749835596046666e43
1.822621442975038e43
1.4950556471551867e43
6.648848738252832e42
1.7783913661043706e43
5.3180933426348474e42
1.2367411804472878e43
1.268945507847211e43
1.1235794625763163e43
1.5798046613156966e43
8.438511306576773e42
1.2839870027458268e43
1.0441837369593205e43
1.333013955991064e43
1.0844478067531453e43
1.384177854903941e43
2.1625130178369952e43
1.586880734893533e43
1.9759577497913874e43
2.0979808219246176e43
7.571660604795022e42
1.1602503548785934e43
1.0354358853497069e43
7.55415487715921e42
1.399723738391059e43
5.2673641162977926e42
1.7121133616772048e43
7.450297383805805e42
9.131338315960092e42
7.509788221497529e42
9.229657089209088e42
8.988731505207775e42
1.3204199628679374e43
8.41656852104811e42
5.2591420991339645e42
7.786586241278457e42
1.2448129173118474e43
6.446593402975191e42
7.387528840865434e42
1.7329989320768745e43
1.7153182350107316e43
7.694080103930137e42
1.2436193881811608e43
1.4329812650194005e43
1.4269723404044606e43
1.664432658025953e43
6.567315975904604e42
1.248556931527631e43
1.3309704492761113e43
6.211645312418599e42
1.0556836297346661e43
9.238399437662442e42
8.173615926598061e42
8.687093980223578e42
1.1579174730379032e43
9.693226546642705e42
6.751738571218308e42
6.87231286592416e42
9.434415102301163e42
1.1562836349951973e43
7.30260801974498e42
6.510016339083826e42
1.1635601262942878e43
1.2830495067373052e43
1.0079174943309636e43
8.984451229604176e42
2.387500603507728e43
7.937743240494228e42
1.7760398453681164e43
1.5069454123044973e43
8.437418354320677e42
1.1274439209995395e43
1.7188257487355584e43
1.5314582624175952e43
9.627897864190355e42
1.1920048162662022e43
5.3868017520374046e42
1.0440788178696818e43
1.3131874725412326e43
9.83184286928977e42
6.80529654800868e42
7.255979518391616e42
1.5221504897465538e43
3.8886065086581336e42
1.4081980659957783e43
7.603336502999931e42
9.722108064880924e42
5.214779998483061e42
7.262081494568785e42
1.3882026881032774e43
7.828862957007891e42
4.122352527193172e42
1.1932625457210805e43
5.665431958514179e42
1.245211565357733e43
2.1558982129133646e43
8.632176960720195e42
6.385747894287525e42
1.0505443084972431e43
1.2624728409388995e43
3.1596839229928205e43
7.793545640315992e42
9.102610870908131e42
3.7608333599894294e42
8.608003029655339e42
7.377659630845001e42
1.8588057547953892e43
5.218855877344922e42
5.1290747368060976e42
2.349009103295796e43
9.473876702471677e42
2.1871233355020245e43
7.691071323075889e42
6.654164403776128e42
1.507401618354393e43
8.957871378316311e42
1.4783528579979246e43
1.2334576999821065e43
8.645910827636451e42
2.544244417687999e43
6.448425766440713e42
8.478866447063602e42
1.0363641104639771e43
1.8694217809202374e43
1.0779028669998525e43
1.8237146568603646e43
1.095385604130434e43
6.76041325821266e42
5.52014009578483e42
2.7545518079318573e43
9.726131700584293e42
8.051296207141558e42
5.2556055240071217e42
7.376229999716473e42
6.117321159085443e42
1.1882068607417226e43
1.5652503798581248e43
5.044770446191038e42
7.323557474202443e42
1.392758014686292e43
6.503592796572659e42
1.0250032862021122e43
2.2786116139284115e43
2.334747067014305e43
9.272791335271866e42
1.0609751297413546e43
4.563797631411231e42
9.864901477893871e42
7.246557019533242e42
1.2078787144574862e43
1.3705500921046588e43
7.175338294126831e42
1.0080690420488941e43
1.3367570190654674e43
2.227735867346259e43
1.6305826586010392e43
8.313880811306275e42
1.144074549742219e43
6.674797106218357e42
1.3754352832630718e43
1.3295470381661862e43
8.553194342097126e42
1.6056452347248974e43
9.376054604273784e42
1.3174742206524286e43
3.315043686905829e42
8.100469050801623e42
7.396532917697876e42
1.5986470292632313e43
1.2425281809841263e43
1.1993840383047473e43
1.2571314839204749e43
9.817110919291928e42
1.200654424152149e43
7.188368903768222e42
6.826070285241122e42
1.9887906860128517e43
2.0079476524409253e43
6.797902306542457e42
1.108373546610907e43
1.6558843205807874e43
6.289334739187413e42
7.781579110700438e42
1.0036790838117742e43
7.059940120247711e42
9.842383758601733e42
1.0597434598725868e43
4.7978516999420874e42
9.27623086470729e42
4.5735424593036133e42
8.831949552545987e42
1.3141636922103605e43
8.152505708462328e42
8.695190172554661e42
7.156101482941165e42
3.4581633799528076e42
8.613284475881839e42
1.5856007146495363e43
3.948714613212047e42
1.6711799593872137e43
7.130734918916343e42
1.0535289948527485e43
1.3608907123493291e43
6.254717038877723e42
