1.02130549e8
1.07029659e8
1.79794808e8
6.5236174e7
1.45004831e8
1.08136336e8
1.16854828e8
7.9947988e7
1.02375904e8
1.25556581e8
6.6470536e7
1.09451542e8
1.44287514e8
1.80398384e8
1.0866333e8
1.06836108e8
9.0720719e7
9.926145e7
1.17653471e8
1.3368638e8
9.0015613e7
7.151308e7
1.05596844e8
1.04885501e8
8.1258662e7
1.09660872e8
7.9203292e7
8.6859718e7
8.4373067e7
1.26713629e8
1.73484714e8
5.9742707e7
9.4809752e7
2.2135593e8
9.2910615e7
1.18754885e8
6.3955104e7
1.54817133e8
1.26911363e8
1.32564534e8
1.16806474e8
2.10893927e8
9.034274e7
1.06354075e8
6.9996403e7
1.60151959e8
1.3572657e8
1.3124792e8
1.23984481e8
5.1714426e7
8.6354724e7
7.3382706e7
8.5021568e7
9.2941396e7
6.7009389e7
1.41651988e8
1.03500772e8
1.34544996e8
1.18738419e8
1.67874337e8
9.991454e7
1.07415584e8
1.48025432e8
1.24602518e8
1.58451566e8
1.09728763e8
9.890918e7
1.73786214e8
1.19744758e8
1.49013324e8
1.39483939e8
1.2958109e8
8.0509214e7
1.11388678e8
1.32260246e8
1.24237733e8
9.6159715e7
1.11864631e8
1.01192115e8
9.6521858e7
9.837533e7
7.9212424e7
1.12677496e8
1.63158894e8
1.11779462e8
9.8317754e7
1.442724e8
1.27795415e8
8.5199756e7
4.9087527e7
1.22518688e8
7.5260703e7
1.37038538e8
9.1799988e7
1.38733104e8
1.27687302e8
1.23632198e8
1.16104051e8
1.72274066e8
9.8000694e7
8.5749392e7
1.75648363e8
1.30029726e8
1.02662944e8
1.078985e8
8.4398914e7
1.29466132e8
1.05719851e8
9.4706695e7
8.0729192e7
1.30284647e8
1.42204144e8
1.34291374e8
1.08747048e8
1.66406186e8
1.17114718e8
8.3874681e7
1.11880895e8
1.4736618e8
1.15932404e8
1.16982739e8
1.49694222e8
7.0796621e7
1.72413178e8
1.19172734e8
1.1241298e8
7.4963499e7
1.74975874e8
1.35548568e8
1.47487762e8
1.1943237e8
1.64354843e8
1.11417436e8
1.67197866e8
1.60038823e8
1.8639354e8
1.53616685e8
5.6582746e7
1.25179284e8
9.3163688e7
1.37031476e8
1.01813353e8
1.635744e8
1.07459172e8
7.2388556e7
1.3608303e8
1.63897183e8
9.6998932e7
1.29749066e8
9.2617082e7
1.16801913e8
1.0887759e8
9.6998739e7
1.33812462e8
1.18498715e8
7.4592654e7
8.2265914e7
9.8462574e7
1.0496617e8
1.29512548e8
1.21135543e8
9.8633945e7
1.20189324e8
1.48862293e8
6.79703e7
2.32542321e8
1.11620344e8
1.15837017e8
6.846754e7
1.30947719e8
6.6771825e7
1.1403398e8
7.679832e7
1.49231192e8
6.5563818e7
1.39488274e8
1.00687028e8
1.67956733e8
6.406326e7
1.75614448e8
1.1114845e8
1.15257866e8
1.37666978e8
1.05454796e8
1.10315274e8
9.1859793e7
1.86063988e8
1.33169313e8
1.18835728e8
6.5798539e7
1.0203889e8
1.01315385e8
8.3922542e7
1.0269918e8
8.0055436e7
5.0004743e7
1.23137098e8
9.1436422e7
1.59964145e8
1.970149e8
1.23541124e8
1.53684912e8
1.00907594e8
8.6565271e7
1.03765592e8
1.53096796e8
9.5306231e7
8.287753e7
1.1415704e8
9.6944194e7
1.37698184e8
5.4712147e7
1.27055573e8
8.389227e7
1.03203023e8
6.832413e7
1.12646358e8
1.5398638e8
1.56698611e8
1.35333706e8
8.7561254e7
1.13448766e8
1.82839691e8
1.4759312e8
1.1922969e8
8.2896088e7
1.37076362e8
1.02754118e8
1.69010528e8
1.43604794e8
8.1381684e7
8.8670841e7
1.14522906e8
6.482037e7
6.864764e7
1.45303496e8
1.25442144e8
8.6480942e7
8.556582e7
1.02087778e8
6.7409055e7
1.16898777e8
7.4615304e7
1.35802693e8
7.978411e7
1.45439088e8
2.08074144e8
9.5395114e7
1.14845415e8
1.0229855e8
1.32004453e8
1.7585586e8
9.4517005e7
1.11957531e8
1.22103706e8
1.2960133e8
8.36536e7
1.12095358e8
1.52906222e8
7.6134537e7
1.30544214e8
7.5648771e7
8.8979726e7
1.37626468e8
7.8020438e7
8.2507377e7
1.12953415e8
1.266222e8
1.55838008e8
1.33497747e8
9.857085e7
1.30166882e8
6.9998398e7
8.1962257e7
7.9119067e7
1.11384108e8
8.3449559e7
1.03673916e8
1.26113672e8
6.838805e7
1.2097463e8
1.663158e8
1.24606235e8
1.42905422e8
9.6061121e7
1.04326548e8
1.05907896e8
1.19806806e8
8.007437e7
1.07372088e8
7.3392952e7
1.11319584e8
1.80314468e8
1.24259566e8
1.17897008e8
1.26398574e8
8.7051621e7
1.28301374e8
1.01330319e8
8.3975512e7
8.4541312e7
7.6481182e7
1.16273047e8
8.6415266e7
5.3736994e7
1.12723062e8
1.06366728e8
8.7839781e7
1.44976114e8
1.05549747e8
1.22344566e8
1.60890267e8
9.8516032e7
1.85111267e8
1.06057504e8
1.56317795e8
1.44841473e8
1.01723704e8
1.09768888e8
1.0033314e8
1.36558368e8
1.7814057e8
9.558104e7
1.62131434e8
8.0953268e7
8.2265386e7
1.18128768e8
1.45504436e8
8.2399834e7
1.0642389e8
1.56160948e8
8.0430296e7
1.1549583e8
1.33779156e8
1.31738418e8
5.0801123e7
1.23831252e8
1.04024098e8
1.14691381e8
1.16769491e8
9.2425912e7
1.1792528e8
9.4425834e7
1.5294753e8
8.7293064e7
1.05210669e8
1.44448444e8
1.66197856e8
1.06392302e8
9.6216901e7
1.21012142e8
1.69927031e8
1.47238177e8
6.9532266e7
1.23739188e8
1.29716065e8
1.13736298e8
1.36310421e8
6.7314383e7
1.18363901e8
9.9721312e7
1.51745071e8
1.29804442e8
1.02539268e8
7.3010772e7
9.6711776e7
9.1840942e7
1.14424238e8
1.15908885e8
1.25175816e8
1.05311794e8
5.3177306e7
1.23305152e8
9.520131e7
7.1625473e7
1.63800829e8
1.02253677e8
1.17981278e8
1.31041437e8
1.15951772e8
1.08566061e8
1.12552372e8
1.31076879e8
1.4931199e8
1.12884461e8
1.17608176e8
1.01868993e8
8.188487e7
6.3740827e7
1.22695762e8
1.16220866e8
8.7492276e7
8.6928546e7
1.43555822e8
1.03431928e8
7.1326936e7
1.55356864e8
9.8724809e7
9.7429879e7
9.7991278e7
1.28880144e8
1.02489856e8
1.34394447e8
1.28549131e8
1.26561578e8
1.37696493e8
1.46350037e8
1.24395432e8
1.19030265e8
1.06748963e8
1.07579409e8
1.29408326e8
1.05685297e8
1.22658144e8
1.16153632e8
9.9630589e7
1.23930956e8
8.0769506e7
6.415254e7
1.114133e8
1.51469651e8
8.229053e7
1.02220782e8
1.20856888e8
1.21748929e8
7.0095744e7
1.00926419e8
7.3208002e7
1.08314612e8
1.02118176e8
8.5082112e7
1.02263805e8
1.57464231e8
1.4740851e8
1.59955349e8
7.0979929e7
9.9620152e7
1.35579607e8
1.5507235e8
1.73706194e8
1.15887967e8
1.16293332e8
1.10807137e8
1.88925111e8
2.10018889e8
7.9582025e7
9.3185629e7
1.7821383e8
9.3318159e7
8.4828239e7
1.46971362e8
9.4827861e7
1.16014652e8
1.00219269e8
1.00808545e8
1.71080664e8
1.10559806e8
1.26968064e8
1.27858165e8
1.40433853e8
1.18704649e8
1.15364247e8
9.5283808e7
1.08823019e8
1.46044848e8
1.32253006e8
1.38813295e8
8.4421426e7
1.41877244e8
1.15101026e8
7.5571684e7
8.0559411e7
1.51659472e8
7.7798132e7
7.5994755e7
1.47394873e8
8.7031402e7
8.5046814e7
1.08680623e8
9.0443942e7
1.04906684e8
1.20151575e8
1.4199743e8
7.5387589e7
1.42775762e8
1.2168394e8
1.0135354e8
1.26044529e8
7.4000848e7
1.08286344e8
7.7805522e7
1.03972376e8
1.17183534e8
1.02849882e8
1.50401308e8
8.326015e7
1.60965477e8
1.10335443e8
1.2603254e8
1.10423033e8
1.03629368e8
8.58436e7
1.61648282e8
1.24559095e8
1.09694287e8
1.0859348e8
8.0282692e7
1.34218567e8
1.0347639e8
1.04515648e8
1.44719367e8
1.03273787e8
1.04944812e8
1.60022266e8
1.07233596e8
1.25343447e8
9.6079118e7
8.4867078e7
9.3177321e7
8.2161062e7
1.15861472e8
1.19996972e8
1.25972256e8
1.00756355e8
1.31280447e8
1.09999306e8
1.03152359e8
1.15718823e8
1.40700524e8
9.528024e7
9.1389404e7
1.94734879e8
8.2722168e7
8.4196525e7
1.12299629e8
8.1921433e7
1.08789455e8
1.76536911e8
9.6642363e7
1.26930104e8
7.7632784e7
8.2931006e7
1.8023912e8
1.09556504e8
1.21062253e8
1.17396972e8
6.6863176e7
1.71299858e8
1.35461894e8
8.6412359e7
1.2106523e8
8.4134996e7
1.05768412e8
1.1691238e8
8.4451244e7
9.2039961e7
1.03827527e8
1.51995933e8
1.22421856e8
1.08721486e8
8.6046052e7
1.38076238e8
1.33205084e8
1.10475368e8
9.061586e7
7.4341322e7
1.95262626e8
1.43914677e8
1.23112218e8
6.7231478e7
1.39620232e8
1.09803842e8
8.93525e7
9.1692939e7
1.41136244e8
1.11824001e8
1.26912622e8
1.08892918e8
8.7576463e7
1.8810518e8
1.14463614e8
1.10666876e8
8.5680274e7
1.34028835e8
1.31610505e8
1.18260066e8
1.16084467e8
9.9992519e7
1.07438282e8
1.48614096e8
1.24809248e8
1.05575992e8
9.1617076e7
1.26359916e8
1.13115279e8
9.4008894e7
8.3663777e7
1.02976492e8
1.19107519e8
1.29263794e8
1.06285627e8
1.2432076e8
8.7219022e7
1.17250251e8
1.49915434e8
1.39950597e8
1.19233924e8
6.7537124e7
8.6463218e7
1.25595215e8
1.68229132e8
9.1901846e7
7.4616076e7
1.30069813e8
1.11653694e8
6.4056969e7
1.1287657e8
9.0075469e7
7.829306e7
1.47395116e8
1.12581236e8
8.8513792e7
8.6542962e7
6.117137e7
7.2540389e7
7.7039917e7
1.10587634e8
8.7430215e7
1.06032486e8
1.33373905e8
1.26912754e8
7.8456475e7
1.3274886e8
1.35675659e8
1.67264821e8
1.9047824e8
9.7246258e7
1.18999262e8
1.07895982e8
1.71951616e8
1.16008576e8
1.14085532e8
1.32521228e8
9.6994598e7
8.9997938e7
1.01157016e8
1.29351292e8
1.68745112e8
1.00022218e8
1.06776192e8
1.30119636e8
1.16807505e8
1.42017467e8
1.3321742e8
1.06569867e8
1.25419601e8
1.98441304e8
5.6384204e7
1.58150199e8
1.21776048e8
7.9959414e7
1.00619578e8
1.00310817e8
8.3878401e7
1.02538745e8
1.21496353e8
9.913302e7
1.25776004e8
1.11791432e8
1.03999835e8
2.09269258e8
1.91159654e8
1.52662316e8
1.09098274e8
1.13852356e8
1.32617126e8
1.3835197e8
8.8669238e7
1.60424886e8
1.09693559e8
1.12976416e8
1.27426742e8
5.2176852e7
7.1559827e7
1.07741288e8
1.3924142e8
1.21001814e8
6.0703e7
1.30697187e8
1.17287796e8
1.12622888e8
1.21842235e8
1.4672028e8
1.09845553e8
1.6750688e8
8.5563326e7
8.752332e7
1.1875536e8
1.24409423e8
1.55788816e8
6.6865222e7
9.5287746e7
1.52614196e8
2.46586572e8
1.30776505e8
9.490959e7
8.2748192e7
1.65866766e8
1.52372822e8
1.5231333e8
9.8445159e7
1.07525911e8
1.30634811e8
9.9413895e7
8.5835659e7
1.007568e8
7.4107703e7
1.2119646e8
1.09891123e8
1.08078373e8
1.5532691e8
1.17529142e8
8.8504388e7
1.111627e8
8.8449111e7
1.37014772e8
1.09608403e8
1.26653806e8
8.4947168e7
1.31069283e8
1.0649707e8
9.181691e7
8.9447016e7
9.9919764e7
1.22983917e8
9.8951166e7
1.27753414e8
7.9433734e7
1.31103047e8
1.31738224e8
7.1912111e7
8.7568962e7
9.6871618e7
1.08856589e8
1.01934606e8
9.632112e7
7.9321245e7
1.454082e8
9.6968918e7
1.09429694e8
8.7180682e7
1.45966185e8
7.4414222e7
1.12767996e8
1.06493463e8
1.0312569e8
6.7251919e7
8.8380636e7
1.30082732e8
2.04554183e8
1.1691775e8
1.05590416e8
1.18434911e8
8.3761973e7
1.37602477e8
7.9743261e7
9.194735e7
8.0982062e7
1.03392077e8
1.863705e8
1.23774359e8
1.69247981e8
9.6008164e7
7.6085079e7
1.37833943e8
1.29578018e8
9.0990194e7
1.1266107e8
1.49749661e8
8.3258721e7
1.46433784e8
1.14005494e8
1.59065754e8
1.34467544e8
9.6314535e7
1.40512121e8
1.47597208e8
1.11177153e8
9.4134932e7
1.37623139e8
7.2506213e7
1.39555384e8
1.27163658e8
1.19158744e8
1.17337785e8
1.16234614e8
1.31616684e8
1.04554306e8
1.25276898e8
1.18485211e8
8.152463e7
1.2567457e8
6.04669e7
1.29348829e8
1.59402778e8
7.195277e7
1.1906738e8
1.08486966e8
7.9471317e7
1.15211191e8
7.5950814e7
1.5042124e8
1.24759495e8
5.9240721e7
7.3645891e7
8.4930732e7
1.11784051e8
5.411388e7
9.726865e7
8.2149252e7
6.6004762e7
9.8719101e7
8.0090687e7
1.10913073e8
1.6246847e8
1.0944292e8
7.1368846e7
1.49322204e8
1.51345092e8
4.7454489e7
9.4761893e7
9.125119e7
9.4476889e7
8.7125096e7
1.12867097e8
1.35365286e8
1.60028725e8
1.18928645e8
1.39285056e8
1.00412249e8
1.28237704e8
1.53848482e8
8.2495453e7
1.04141804e8
1.36632179e8
1.5094331e8
1.1800351e8
9.3156393e7
1.24527903e8
1.01476722e8
1.07278044e8
1.17741429e8
1.58246869e8
9.3387028e7
1.20027292e8
1.09975484e8
1.13606102e8
1.58290642e8
9.9542441e7
1.46865214e8
9.5786026e7
1.35418292e8
1.1544834e8
1.05344059e8
1.21712193e8
7.7856928e7
7.3715072e7
1.0354611e8
9.5296268e7
8.6543763e7
1.19494515e8
9.7614034e7
1.04015304e8
1.25251459e8
9.6791671e7
1.54053748e8
9.1842045e7
1.14163861e8
1.72304634e8
1.04112518e8
1.06539489e8
1.11362067e8
1.18801902e8
1.03104004e8
9.8973018e7
4.8533716e7
7.6543822e7
1.09896326e8
9.3686091e7
1.1784531e8
1.56274095e8
1.08857373e8
1.35117691e8
9.2074873e7
1.08567234e8
9.6487007e7
2.11110846e8
7.9301098e7
7.4102097e7
1.54476641e8
9.3129818e7
1.15830808e8
1.29575278e8
1.0057231e8
1.28392189e8
2.27917644e8
1.15048988e8
1.54010806e8
1.37883898e8
1.18865093e8
1.05582696e8
9.4221705e7
1.05676804e8
1.24143415e8
1.07802158e8
1.08329854e8
1.01096772e8
8.3942882e7
1.11569615e8
1.72786865e8
9.6237127e7
7.3745622e7
1.00514304e8
6.5487018e7
8.615352e7
1.75683039e8
1.08199079e8
1.11904583e8
1.33627208e8
1.16750266e8
6.0427885e7
1.71988832e8
1.79882366e8
9.3650425e7
1.35082324e8
1.37723752e8
1.29860453e8
7.4819949e7
1.05035938e8
1.46671999e8
1.03649658e8
9.0297749e7
1.3065274e8
1.17264844e8
6.1009083e7
1.17541015e8
1.39684814e8
8.7339395e7
1.27242042e8
1.3342981e8
1.06022358e8
9.6792281e7
1.04992618e8
1.87592005e8
1.15939936e8
1.24562847e8
1.7938137e8
1.07322487e8
1.23948718e8
1.17504983e8
1.25543188e8
1.21085806e8
1.26053421e8
1.32631002e8
1.48545919e8
1.42556095e8
1.28712633e8
1.47977015e8
1.07286958e8
1.74149901e8
1.04204772e8
1.2579202e8
1.26979855e8
1.39242984e8
8.1349957e7
1.07990991e8
1.32936966e8
9.8234264e7
8.9801328e7
1.4752441e8
8.0709888e7
5.961103e7
9.5804708e7
1.42401568e8
1.77268854e8
1.20227948e8
1.44878612e8
1.22692925e8
1.52057006e8
1.34588364e8
1.6983752e8
9.0580832e7
1.18237629e8
1.45528746e8
1.20831888e8
8.6734784e7
1.26032589e8
1.63654506e8
1.00954965e8
1.23380135e8
