2.0917729809518688e85
2.882703194056126e85
5.9256956687716644e85
1.0935513217585394e86
5.620954958960418e85
1.251322671095584e86
6.926718629025575e85
4.745430019236137e85
7.39762404392592e85
4.884320212801123e85
3.0686775033858226e85
7.021977986765143e85
2.981739915541354e85
7.004561668919038e85
6.459090250973389e85
1.963584329878557e85
5.544385575952107e85
4.498339997008258e85
3.397602642817286e85
3.483485764620118e85
1.0241054364489157e86
1.078744999152644e86
7.465186410686988e85
6.416115142236105e85
2.5171984404779566e85
2.9461190511305208e85
4.2510654737183164e85
4.126410218681229e85
9.003209008886804e85
7.144135003514927e85
1.1281409688938051e86
7.128212271893779e85
2.533828115810728e85
7.127750208784864e85
2.198075347622989e85
1.3561183586105855e86
6.687460201376436e85
4.028225432819943e85
2.470670294186103e85
6.285500589121065e85
4.95739576660847e85
4.76956930849027e85
3.4404168915126585e85
2.4506831924438408e85
6.588328950348301e85
3.525060718347396e85
1.0193317227558095e86
6.888526573453142e85
2.2494255740720915e85
5.58121857115742e85
7.648356415290674e85
1.0844672160300864e86
4.1637750473648216e85
6.945794809206479e85
9.268801794308283e85
3.271776389962608e85
7.835173055130002e85
1.964605094861583e85
4.638471890558554e85
6.595875046939859e85
6.745712557141158e85
3.604797378090484e85
1.9495196069964053e85
3.37577166984559e85
4.569638030407094e85
3.539387098525726e85
1.2398023264540679e86
4.7510346986775044e85
7.598870333314205e85
5.892178171472485e85
2.7856495814837558e85
2.798252699486469e85
9.735761385470365e85
6.537038642629205e85
4.545605368884701e85
3.6933659083628235e85
6.229351036471436e85
3.609145450440705e85
4.18649382601529e85
9.5365428334018e85
1.597178217508007e85
7.555325716312754e85
9.816905947015097e85
5.813244392911852e85
8.583242824659719e85
2.2790209249936667e85
1.035161811520095e86
3.419485408469275e85
2.4719059875537556e85
1.0681438278247998e85
5.1000470080141415e85
2.4469145916809663e85
3.211562312259505e85
1.0018197293574766e86
4.715834726120575e85
4.068095254378437e85
4.1359916078325875e85
3.0575603491362997e85
8.308158246439389e85
1.7447315544207974e85
1.1002134174402024e86
8.655079696194676e85
2.807130438395535e85
2.087315115222134e85
2.2530295203648875e85
3.6797947071743674e85
3.0139649802598112e85
5.32891332523059e85
5.767719773522019e85
7.682766945281228e85
1.829468441965285e86
2.166037910317329e85
8.394386170892177e85
2.5694839016676355e85
4.469605888960208e85
1.9885232852633535e85
2.0307091535954115e85
5.795689759135732e85
2.0130858513626992e85
2.7340245430812997e85
7.24475868959358e85
2.3083467004740133e85
3.801654265163068e85
7.722994782937458e85
5.250608784655783e85
2.5297627569238075e85
9.890503429316234e85
2.410827751078511e85
8.931709386297629e85
4.169778184547983e85
2.9620448870482105e85
2.2635980206093316e85
1.2757428368796334e86
4.334402206634785e85
1.2395208156607137e85
8.723424350226649e85
6.902873442886868e85
1.2340686706155686e86
3.3940685664364534e85
3.1339621585132246e85
2.6067746994763716e85
3.586957594254313e85
3.214097573727945e85
1.5669241239129502e85
1.3640947532237633e86
1.0166932460984331e86
7.085005880437395e85
1.690409280177142e85
3.2802860312704367e85
8.18728980392077e85
1.0425111918400659e86
3.647568983947675e85
2.3829813682043494e85
4.8510168844462464e85
4.74626817223492e85
4.114317710706528e85
7.884762790085649e85
3.491428648669403e85
2.2498999133240415e85
9.83469151638134e85
1.0186194885965207e86
3.98397297682644e85
7.303881546251389e85
7.752075800452975e85
4.013983153231122e85
5.2487095373026054e85
2.0413240847956572e85
2.1169748805186884e85
6.136904120743284e85
1.3397901777159398e85
2.2470131532190597e85
3.493425514257696e85
2.2476135613479187e85
3.883550428484433e85
9.212165600754122e85
2.2215936886701247e85
8.788868697328484e85
3.6987315426966316e85
4.903931738746553e85
4.83044940828783e85
5.113769758225064e85
4.049224191251209e85
1.5063815254198387e85
6.385276838995976e85
1.2592790627194658e86
4.018697845314861e85
5.4745177637943474e85
2.873650851973364e85
7.651927502676463e85
4.996836358087489e85
3.4226793035660564e85
8.631513242886827e85
8.524224568084467e85
7.855856357857689e85
2.2133022015900956e85
2.5751403652219047e85
4.7663793160738604e85
2.5539470385314444e85
4.961304060816614e85
1.5870924733847209e86
2.9517402395578936e85
3.1751612475170984e85
6.558685278496222e85
3.167875325589629e85
5.48812410059473e85
4.0737460177398915e85
3.577800803704195e85
5.7495426866551506e85
5.0539951628011124e85
4.11992292823367e85
8.302436211343872e85
1.8593640403293028e85
4.077279904188626e85
1.5429951425405862e86
1.8730685179746617e85
4.673041929945525e85
5.911709434684709e85
9.868187845958654e85
6.862065836417223e85
6.590448196434642e85
1.139799500142186e86
7.80092890805788e85
5.3230337321322966e85
1.6089489433440554e86
8.346347049887924e85
2.301093297601121e86
9.143726697139115e85
1.793873938622361e85
4.6388733151695974e85
6.625348546367774e85
1.1847707076491226e86
3.40887651708307e85
7.87280434735211e85
1.1764706067380618e86
6.095679180226217e85
2.232076154722877e85
5.888366905279883e85
7.444928967405237e85
5.903974865934267e85
7.384043600034958e85
4.696956507962325e85
4.5259164579339016e85
4.822537399831808e85
3.168093311602386e85
5.061147809444317e85
4.93251463834196e85
3.34095797841531e85
9.582143307605546e85
2.6493681823129156e85
3.579850895758315e85
1.504799273392035e86
1.741735291892876e85
6.980920258225756e85
6.102110183627817e85
1.1623164487447986e86
3.438438133469299e85
2.9221231062486764e85
8.284555477606617e85
4.68260664426792e85
7.593835932143007e85
7.835287781296133e85
1.7736797123668916e85
6.017964535833046e85
2.2264945023937512e85
3.556811397388083e85
4.995024865251224e85
3.374353882969671e85
2.0054264942301127e86
4.7412441221046126e85
3.9251074672872143e85
1.1844650542118752e86
1.0757651075649838e86
2.9262717747761244e85
9.547338555097645e85
3.456878034229894e85
1.963499473419224e85
7.915444493827286e85
1.2659250731425405e86
4.4803945288965815e85
1.0916725661262918e86
4.44487379682259e85
9.221600534185036e85
4.1043441152666655e85
8.56702262032059e85
3.775056928516489e85
9.508698861298067e85
3.91863184897872e85
3.8639378204827535e85
3.898526746924064e85
1.1481036734711834e85
3.778268367520758e85
4.249525415731205e85
1.0029870463043958e86
4.9497879341311827e85
6.825072055401537e85
1.680960510942907e85
1.397856901688859e85
2.6426994475681755e85
3.989377157933253e85
1.453434801628589e86
9.678685072854289e85
6.022925170858624e85
5.988648962934968e85
3.191095304684677e85
5.264121946764923e85
3.398680439408999e85
9.873400019425411e85
1.787558715891285e85
6.989905237707854e85
1.3603846297119183e86
4.5128555681330544e85
4.572080039139756e85
5.170263327630227e85
6.356664362166074e85
8.361622723761902e85
8.939335388744453e85
6.505412272176146e85
3.0838289855598604e85
1.675595997744368e86
5.3738102980213785e85
1.24556470764443e86
3.868198432561087e85
5.2211879731050736e85
8.282897410214501e85
4.920685749896746e85
8.06099205696442e85
6.182485520368251e85
1.5015862040525959e85
5.752579258265091e85
1.9775606270480215e85
4.214017242223895e85
2.8675273510926903e85
8.380278654746364e85
3.100089978826315e85
8.193870557129164e85
8.129354182269874e85
3.011691390535552e85
3.756121859891576e85
2.25455747918972e85
3.079365465486398e85
4.537216441961993e85
3.5553442549976506e85
2.2410308284357627e85
2.994127144589434e85
2.9232549839842612e85
4.083706487040568e85
8.22951643662918e85
5.3490647238399456e85
1.0672599690908725e86
4.699291293513023e85
2.390487866221817e85
6.741847940370395e85
7.890432579923397e85
7.573162358198392e85
2.3150963986003382e85
6.434388122845735e85
4.523576016093519e85
7.56620922449635e85
3.0192496188625248e85
2.8054751396955386e85
8.423386110311037e85
1.2096075597917511e85
1.6419233775983086e86
6.92674964636098e85
6.293385245153114e85
8.50899778279637e85
4.583880557222345e85
5.3983571582992855e85
6.0144135800187175e85
7.75971905715517e85
6.106674585629082e85
1.1429167788139781e86
2.4181452800405533e85
4.191007277428767e85
8.137376321942954e85
4.204763552645682e85
2.790797895507837e85
4.725319941834208e85
5.958835559180151e85
4.316100217302234e85
4.106310381106768e85
2.101990745803249e85
9.658530126728647e85
4.092606946522849e85
2.8190544764489292e85
5.4011365542045425e85
3.4452310394109605e85
4.586109988922151e85
5.244323340255003e85
4.99929393076322e85
5.9368325620215414e85
4.9078832025328384e85
2.2377879749387404e85
1.5103094102385156e85
6.115063814433585e85
7.07939925542734e85
2.495405850878966e85
6.293803480668531e85
1.1786906418572303e85
2.5965534714739918e85
8.395515481745926e85
4.9046707111607556e85
2.9247710463607503e85
2.4386201231822994e85
7.247133897617805e85
1.4711431879778315e86
4.312754630311899e85
8.294599851051284e85
6.569643282985615e85
3.88641399264338e85
4.551015890479874e85
9.43069843285402e85
4.6363270996820685e85
2.9189619312808393e85
8.737783512765134e85
5.117979959687532e85
6.08810656172761e85
7.737801293885412e85
3.3097201909160843e84
1.883348661783595e85
5.4969419428018686e85
8.765097513257335e85
1.0484931496934594e86
4.1844320315850824e85
2.3891140177725974e85
5.3049308155503014e85
8.665103873671704e85
5.839912807775142e85
3.088109462901815e85
8.494722522087263e85
1.1391528318837994e86
4.961511353393414e85
8.714657436772302e85
9.168633529714148e85
8.464522032048839e85
4.7591332402990396e85
1.9232793880880947e85
4.542008744639576e85
5.256698310295064e85
3.643964117508748e85
3.868245283811255e85
1.7353153526528663e85
2.373900798250315e85
4.2285772713879206e85
2.7041740487649767e85
1.293366576960235e86
1.624215271139203e85
1.3864149316334799e85
2.7207469415760104e85
3.162877329854389e85
9.146814899385679e85
3.19355509786125e85
9.840711207262687e85
3.019443374783396e85
3.002435320858314e85
2.486672928581725e85
4.147058093037048e85
1.0339209160434885e86
6.809395554077818e85
5.9360521377884344e85
1.5107572337328607e85
1.1934632732102643e86
8.783815944533937e85
2.5301331826293886e85
2.281275749071484e85
4.508298286191136e85
2.6203193611852624e85
7.717881233048156e85
3.0829235135954293e85
5.222214240992434e85
3.525551026798871e85
1.441887817621083e85
6.332370483643786e85
4.288519918999104e85
4.061254658413289e85
2.329331999340081e85
1.432993319384439e86
6.705679429879751e85
5.98363377726759e85
8.939049567419591e85
2.969511836276778e85
8.269732221992916e85
6.494429118869572e85
1.3744802092467942e85
3.528997201561555e85
6.336898249636504e85
3.398273797366475e85
2.6523199147947755e85
1.0942159415166195e85
6.606771150059985e85
4.525696394887406e85
9.573242414857788e85
6.241210453002741e85
2.8263847383045137e85
2.678276991816807e85
1.6526230894434547e85
8.669133538157657e85
6.322923486499423e85
7.270522097227659e85
3.397058461026316e85
3.859200974898606e85
7.77136153039614e85
3.137986805304899e85
1.037981192260642e86
3.547386110292387e85
1.2818242997006383e85
7.827451057854503e85
3.875777522503379e85
7.36686355510129e85
8.381231345765813e85
3.720134856861192e85
3.332267564889613e85
9.412739094202997e85
3.1980620434168674e85
2.7249454218094757e85
3.864016662507402e85
9.610070705023356e85
2.0262077196038306e85
8.611113108766575e85
1.862095112591397e85
9.939548433123778e85
6.555811578268125e85
9.156488769986859e85
2.595014538888881e85
8.023280024915681e85
3.901061815268674e85
2.131375348910159e85
8.030031728926006e85
1.1612388392876466e86
4.084048995003103e85
1.3098044458813314e86
3.2588128864032304e85
8.207107281165536e85
4.699082660538941e85
3.627633670083504e85
1.7340691212335425e85
9.698846500209354e85
4.1620333988164675e85
7.615963402799999e85
7.449949345042562e85
2.934741562849263e85
1.1222695094626972e85
5.3836672126638165e85
8.064551041257598e85
2.0779643225308382e85
2.8883479153685768e85
1.0142545117973561e86
1.8310635905152835e86
1.2525749276557773e86
1.9921662722175165e85
6.63189992705349e85
7.079012104003419e85
4.960735177024226e85
4.9749220910796264e85
3.991923421672251e85
9.17489803733058e85
3.419508267688253e85
2.4791696286994823e85
5.434429610833997e85
2.625712037723821e85
5.9440588891354025e85
7.585180178745234e85
1.8202358739167978e85
9.763670356137462e85
4.333819362970754e85
5.0307289814845336e85
3.2242264159347556e85
1.1595035960117906e86
6.460730707570509e85
2.6966948919223197e85
2.6754926643805344e85
4.046448434510264e85
2.5327032204528214e85
7.288300689735018e85
1.9583837183132226e85
3.532509525581358e85
3.7636583176036525e85
3.580983734842437e85
2.3723791160463337e85
3.9953738651926585e85
5.021274045599786e85
3.0631516349490457e85
1.5547154140110123e85
2.8634289175437835e85
4.7476971299623785e85
8.661849811576554e85
2.705899910995629e85
1.1338928226232881e86
3.9813492501274977e85
2.2644301042892567e85
5.1971527309185594e85
2.7748237177451358e85
8.473838502773077e85
6.654818156609521e85
8.42067090591508e85
5.686724457530782e85
7.626632425771515e85
5.564999475464253e85
3.2513680403493705e85
4.961704484760604e85
3.805565231715568e85
4.2429767200152096e85
4.082641202264682e85
4.281325013518726e85
1.1507806716135514e85
2.6870724405370543e85
1.8528676296372184e85
5.8937553876496867e85
6.1347130581772375e85
5.260535484839045e85
5.925173227257601e85
7.956911332095886e85
2.6536177216454788e85
8.147072727211404e85
3.130078093562684e85
4.29114019574257e85
1.381503277058354e85
1.2354740444183188e86
1.1481585582218701e86
4.610152691150714e85
2.5211783604596483e85
3.3741879015230455e85
5.354785964163309e85
3.795440637802431e85
4.988340742606558e85
1.9977899097045272e85
2.125467099612729e85
1.1985635778090835e86
5.631696622349099e85
3.3837125163215665e85
2.8266705247713492e85
5.5720089777294945e85
8.553428490563494e85
6.719678327761957e85
1.040755786475149e86
5.540479590114666e85
6.402802585787752e85
3.9609931040256574e85
3.946471835514585e85
8.854660544559817e85
2.5249180375009103e85
3.446639825594284e85
1.6847240755176882e85
9.116070463824566e85
5.453912713716572e85
4.021736426717425e85
3.3706339505631515e85
6.443025518891183e85
1.4219239393016173e86
5.282091109082069e85
5.175000381246722e85
1.9351792266903788e85
3.5427910442103746e85
5.8567520894936164e85
8.847446721206376e85
9.458656816269606e85
6.526679216003072e85
2.3629341280414605e85
4.357472946427492e85
3.357142536392062e85
2.6126452626486534e85
2.9722757238264514e85
1.6318632424153408e85
4.207683555082568e85
6.332676653429745e85
7.188688564054679e85
7.145590386965904e85
5.787525056091177e85
3.4438630798771766e85
6.351696281214975e85
6.667215048639861e85
4.027252429203336e85
7.470857188457286e85
3.235740718460109e85
2.930591110427171e85
3.460870851308919e85
1.2153222118244676e85
4.42043779693876e85
6.23922094530358e85
9.735209533155446e85
1.446746667277636e85
1.9310627032964364e85
3.732274164932642e85
2.9220257370757658e85
5.170355296978618e85
1.3588435968486106e86
1.0025367832985557e86
1.6054587808615872e86
3.653456430578117e85
2.5586199559690283e85
5.493852470684028e85
5.1493260613026884e85
7.877193468786994e85
6.777538112128183e85
4.120848246355647e85
5.9464597875359104e85
6.959569521281832e85
1.4611418197559326e86
7.72506345291054e85
7.054012168244417e85
4.735765310240123e85
6.531247351684699e85
4.55151093443617e85
7.186889973558814e85
6.971864719967607e85
4.647637418777379e85
4.132756996284068e85
1.5651850753017738e86
2.1665733349361168e85
1.397485522410141e86
1.8273094788645102e85
8.162231526603117e85
1.8532470644356743e85
1.906411287501033e85
2.9425742066558813e85
1.0802544812641935e86
8.870355503311364e85
7.250030002714977e85
9.877288587750894e85
3.8659379771760475e85
2.454646866312931e86
7.1273708945062e85
3.689313346669284e85
2.4280946486878303e85
4.4082485037047754e85
2.0928211188340185e85
7.627916188564267e85
3.260686234908245e85
6.271651106223415e85
1.013320582453709e86
9.83266351616755e85
1.042392419550497e85
3.422569432926653e85
4.2024616060307604e85
3.293301331542309e85
5.700610852740484e85
6.044722897169333e85
2.1133798721793167e85
4.29822226461001e85
5.150834495950296e85
1.8575746626011977e86
1.5942890113879648e86
3.0450741027426668e85
7.174455865627308e85
9.728249580955652e85
5.4986527346668415e85
3.572309086853322e85
4.6982125505429184e85
6.514802515767085e85
3.4612522846106625e85
3.826073438461026e85
6.705300348707366e85
1.758514760517721e85
4.6987041737154895e85
3.833877073057247e85
1.1873456060312841e86
1.0280120080306087e86
2.2090555559266625e86
7.050916454958377e85
4.766901227771697e85
3.564336761072833e85
1.0558689143896984e86
1.0733107883614273e85
7.658146263417467e85
6.24601461009285e85
4.012044214043879e85
2.665874338643213e85
2.252924636956884e85
9.215256400739451e85
5.621062279233291e85
5.5193699967377635e85
2.577006315396087e85
7.012567377754652e85
5.9285487906844584e85
4.23590278279133e85
3.2700256484907935e85
2.97890721621253e85
7.322216612221044e85
5.152256946731122e85
6.84223436934469e85
4.6945163984176676e85
4.2007992693972635e85
7.010703062928913e85
1.4743155335984315e86
1.108445734110276e86
5.06050799396418e85
1.881059615473244e85
1.3293437774057244e85
5.2503383019537884e85
5.4644203828911345e85
4.552121463989395e85
4.350817251374447e85
1.8081988928782222e85
9.420218808723227e85
9.576303625967432e85
1.4157949999898417e85
9.093387471444373e85
3.509721453581801e85
2.962888749446185e85
7.597721432356265e85
3.326138929010697e85
2.584767580689749e85
7.505092277024117e85
2.526811289534395e85
4.640092804841487e85
1.2230957924432237e86
7.665202920707742e85
4.763055020495268e85
1.724349137983964e85
4.0665116124154815e85
9.100996511075623e85
2.3595587535533103e85
7.724816529177467e85
4.783858914974198e85
5.718086733103321e85
4.728714516877718e85
2.8383742088130597e85
3.853226673292121e85
5.450540735014609e85
2.0201471846106558e85
2.4328688494710678e85
6.524585333487998e85
8.161331055850111e85
8.397381249160032e85
5.459381647544323e85
6.557652573155959e85
3.6620841190848e85
9.528737912942137e85
4.620537221746243e85
7.306107518555314e85
7.294409586055297e84
8.839088363502626e85
3.4239548578453085e85
3.638973055137521e85
8.902511874489981e85
6.407103232148044e85
8.550818161196883e85
6.1797174368136714e85
7.783896369903437e85
6.684472965464494e85
4.8848361129831254e85
6.546977385779623e85
1.4502248583748087e85
2.6506712038553242e85
9.197904734369407e85
1.2392666849133153e86
1.2625539511900276e86
3.194610217311456e85
4.6352297526004776e85
3.979050536730345e85
6.031722319887833e85
2.715674895925309e85
3.972031634364582e85
3.456496703619918e85
2.2949598735042813e85
1.1052365065043082e86
6.0639929531290265e85
4.468007287761947e85
4.410422360833421e85
5.547510454927263e85
2.5328022518346802e85
3.745317142808419e85
3.998901066252551e85
1.1299339082950163e85
2.1016033832931484e85
1.8970923612712924e85
5.4279235382600046e85
4.3336268453861314e85
4.1254355409863445e85
1.5068854981130264e86
5.953704407429205e85
7.369672493544608e85
1.7713829499456488e86
1.8030431633611714e85
1.2316981774720802e86
6.522831817334908e85
1.5830001345890773e86
4.568359640560044e85
4.846038335723497e85
1.697838298081657e86
7.248409599962504e85
3.580486016568333e85
2.6765008813119056e85
2.8849460984324632e85
2.0442413215630458e85
3.762484984688095e85
3.814547948660338e85
2.1338256472958697e85
4.387379090888134e85
2.6924568178245344e85
5.095544251872372e85
5.3862998436444824e85
3.332800246339677e85
6.257410041690046e85
5.616964582998265e85
6.472852322935508e85
4.4288928667672475e85
3.2660327541676024e85
3.879352989565932e85
1.5651767977269432e85
1.6197416114328748e85
5.005148238870478e85
3.521943230692518e85
3.944597667188294e85
5.6002722597019795e85
3.484953164852976e85
3.721410506685089e85
4.5903141139124726e85
4.7009442338930496e85
3.586714676304367e85
2.6287338501964116e85
5.761329289283816e85
6.367108540216163e85
2.0660832851673354e85
1.0425084055294681e86
2.9869194943620572e85
6.499522343032097e85
5.414692666872028e85
2.2176112490197273e85
1.0992840732442495e86
6.752308054779486e85
4.3195573055980685e85
1.1846698768427531e85
7.097919332564055e85
1.0252881423237627e86
1.7781763345349517e85
4.711766306988136e85
7.211690518532104e85
2.1773154798353684e86
2.882599700128827e85
2.5780324649378378e85
1.2264589260633717e86
3.388751139840853e85
4.9969211052688636e85
3.31722547266209e85
5.790099833499759e85
2.6288747618484008e85
8.050892052138179e85
5.7814840746255104e85
3.0410089543690552e85
2.5951841939788363e85
9.843091791257598e84
4.0059073192758084e85
1.7022392531319478e85
3.0805721541419806e85
1.3394470271003924e86
6.78274541244051e85
1.303774369775251e85
7.71689042271452e85
4.2753397923743875e85
4.397100823364856e85
4.484805096396369e85
4.7508061081806654e85
3.801323280492899e85
1.1068426164054196e86
3.390860405612725e85
7.79041101890495e85
5.286528971521341e85
7.341982571582236e85
2.8499668078895156e85
7.129225042506268e85
5.429347014827685e85
3.715089367097592e85
9.791943014513009e85
2.2408261413202262e85
6.406649180777052e85
7.357080311769468e85
4.450287941338569e85
4.432202675988262e85
6.585765419516516e85
1.4494602958265996e85
3.775121325010874e85
5.7591313373570964e85
3.4225939128002804e85
4.9175451999189084e85
8.933324007338779e85
5.241211969148822e85
7.803502230705229e85
6.052530056360647e85
2.602678205744286e85
6.50279229583385e85
9.733199822213597e85
6.213957601219931e85
1.4553236388359552e85
5.487776554221156e85
5.638156118073225e85
3.595727503936599e85
2.4753773237397028e85
5.418983553997383e85
2.004215463932184e85
4.5641671310675935e85
2.2459710012421948e86
2.8224595328282497e85
6.367566019288841e85
1.019572261478206e86
4.734784505422646e85
3.8163103551165546e85
5.702666770802306e85
4.4585167916231976e85
8.951712541671504e85
