2.482283106034039e20
2.0021963902565712e20
3.13675758666187e20
1.6905229048943477e20
3.547595802902362e20
2.036133269347853e20
6.300379425466612e20
2.9098417550450246e20
1.529222980659785e20
2.9069762613113035e20
3.7117668196221197e20
4.901953312488311e20
4.16511139264995e20
5.0790095449545756e20
3.5377745867842775e20
3.056371446339468e20
3.566996381065329e20
6.228575418963665e20
2.94081914317803e20
3.206053051922662e20
3.2813468859146325e20
3.015323115051169e20
4.470314782709117e20
3.510686417548471e20
3.662371547005052e20
3.4796085826571783e20
2.33133717305093e20
3.346476955942864e20
4.528143680847833e20
2.163228494612973e20
2.5934038691285657e20
5.7529132884974646e20
2.7624551654531852e20
3.4457747310601975e20
3.4791966823770135e20
2.11612246057536e20
4.7362415061156934e20
1.4281089030284696e20
4.2860739850814436e20
3.172393305218536e20
2.948894513447253e20
4.6656722388387404e20
4.074989041898784e20
5.190194976785028e20
4.4557544801985154e20
2.323932369569279e20
4.190955129032038e20
4.2052454084287496e20
3.1917602206464016e20
2.0751558450321172e20
2.6200251737507188e20
4.018838064577657e20
2.423143431044416e20
2.1907124814351388e20
2.5273356145127873e20
2.6256255606238845e20
1.9088865299957868e20
3.908038122712844e20
2.669813737181011e20
3.416779792080811e20
4.1003593514457766e20
2.7524945318188633e20
2.9752753014968504e20
2.7231988686401484e20
3.328372922259341e20
2.3530757629111042e20
4.496226346021148e20
2.166118759386401e20
3.1610635990618446e20
2.0185944900267737e20
3.322495384344656e20
1.66269766750548e20
3.771901743116063e20
4.0072618035730344e20
4.741710663585712e20
1.888833780795659e20
3.082798138211099e20
4.7209845003825296e20
2.2607470638255574e20
4.329277270158978e20
5.412462316463958e20
2.1253440474323236e20
1.6377225848941055e20
3.268701229851708e20
3.0668869086225636e20
1.8937772768052196e20
2.9707867391910275e20
2.8470908709458205e20
3.204854044614764e20
1.4725912358017076e20
2.978279232671496e20
6.569994824385401e20
2.6956078001343296e20
2.6498586204335227e20
5.243163479569706e20
2.5805890510980753e20
4.833219141523687e20
3.419085170092722e20
3.723964213207976e20
4.2732435845658686e20
1.3768949440401387e20
2.4801733720479977e20
3.110166483755139e20
2.6393450265181648e20
1.96571793122679e20
4.0166100405383365e20
2.7688663798096187e20
2.7054360977153304e20
2.9113844307378815e20
3.981956028887254e20
4.0758670945267994e20
2.7531170225744927e20
3.749132769434395e20
4.9714048754009145e20
3.042467539758954e20
4.4443341487527435e20
1.86301353298971e20
4.57296522504847e20
2.6909597340996714e20
3.503663987130936e20
4.334495763161391e20
4.739481423679085e20
1.2455440299983592e20
2.9016432545925828e20
3.7099274400013445e20
4.201527362169966e20
2.5707257727072508e20
5.698961177832806e20
4.416561226219076e20
2.7729496077837707e20
2.6916981599406857e20
3.217163747587445e20
2.5535131181827765e20
2.1354383485038946e20
2.4678185939315425e20
1.7523970506978506e20
5.009550550197044e20
4.709082976095562e20
3.493020890447366e20
3.734131227814232e20
2.8211824964120612e20
2.17992488097482e20
2.8034857188515234e20
3.484293860887074e20
2.124379655680662e20
2.3857040769124355e20
5.469871281923569e20
2.778721285734261e20
3.98690565111659e20
5.114105382422603e20
1.7137845406504885e20
2.426271932052154e20
2.3490819089657112e20
4.572609412152868e20
3.602940293173846e20
1.5738120316766487e20
2.4200590818657033e20
1.8914778774228612e20
3.193350538254827e20
2.698560794569122e20
5.762663319676515e20
2.2366756442334976e20
2.7795564639331487e20
2.687759014559913e20
2.6249726434436992e20
4.139027039567112e20
1.8868078424592325e20
3.225822389011203e20
3.6295732703771486e20
4.64910126358291e20
2.187948632560815e20
4.659482421133455e20
1.3453265996268356e20
2.2986890623349847e20
3.09959799341014e20
2.6370941598246155e20
2.652047258971573e20
1.9668890874506917e20
3.001664671824127e20
1.869885828822459e20
2.965608359610077e20
5.5281970691127214e20
3.3298512573916866e20
1.904101361367589e20
1.6869103043105548e20
2.1440488397874725e20
4.099420031762863e20
2.2861013389725352e20
4.619238810624949e20
2.3264805608631153e20
2.7323752496832735e20
3.7265347360575626e20
3.332311710723936e20
3.7517826895818706e20
4.089987199629218e20
4.6311520969054126e20
3.061693612394741e20
3.041592479062882e20
4.380837135644696e20
3.398088929207403e20
2.201135326425332e20
4.296584321035182e20
3.712523481375837e20
4.283004630566376e20
3.8574051058414925e20
4.451359262127365e20
3.021105819590751e20
3.1446878590709183e20
2.0706828948844937e20
3.328109346255517e20
2.6811671008385683e20
2.5561424664021343e20
1.446717249869884e20
2.5665805216530897e20
3.68326163639709e20
4.634960636895633e20
4.323744949689506e20
2.8337874138142494e20
2.8123633772028638e20
2.7952580678442798e20
2.9040436916306667e20
2.9039685500067054e20
2.516137189457027e20
1.9153277020731068e20
2.5975942256478097e20
4.657158238012066e20
5.380305719089344e20
3.1072087994020436e20
2.408975126514647e20
2.8528970722825375e20
2.821208259505534e20
2.6792216277583698e20
2.8243162260845196e20
7.22082929310102e20
2.5470031360529963e20
1.6034294990546764e20
2.7861084822567548e20
4.216292004823026e20
4.8068104396758725e20
4.915016405574131e20
3.293739386463148e20
2.8046798737695028e20
6.20007897471837e20
2.4853996820014694e20
3.109228563116033e20
2.438220793987767e20
3.877225467708751e20
2.6829953366060702e20
3.070230258023144e20
2.2705668544916344e20
1.7395310809942924e20
5.349672305751934e20
1.7413074440058877e20
2.5306521736460714e20
1.930583690650099e20
2.6504129187189516e20
3.67796349644837e20
2.7444031251939053e20
5.461603989725955e20
3.257497205130075e20
5.125042050651054e20
3.9093983265068076e20
3.7189180414578944e20
4.014060988412395e20
2.4843632702883827e20
2.4495038463519923e20
2.440883425853555e20
1.9338917725319994e20
1.9937320344282867e20
2.326779156416689e20
2.945034455991354e20
4.192930017399528e20
3.0631897604494597e20
2.2725986570601116e20
2.293812414143971e20
3.198482104464205e20
3.629349313396595e20
5.2788880435713645e20
2.2317242105627158e20
4.272345283237647e20
2.6932781510975495e20
5.2120511276567246e20
3.3289765800446755e20
4.1005129178686226e20
2.882864754522782e20
4.785225379345056e20
3.7048671068835506e20
5.2259460459650194e20
2.1624173577079626e20
1.8481107597384486e20
3.78144094477612e20
3.006424507658337e20
2.9407196596074276e20
6.430138597681683e20
4.547865521185736e20
4.9725913512822335e20
2.7418733840125146e20
3.668098269645994e20
3.387071202783501e20
1.978532472036591e20
3.6587024268457175e20
2.1321217036881022e20
4.1777079413022746e20
6.439378254692522e20
3.9652724183714896e20
2.716633222011632e20
1.8783972007356406e20
3.703803879022355e20
1.3829145794205286e20
3.190362342889088e20
4.601801094651148e20
3.056225952041927e20
2.3716564206510362e20
2.336703098645776e20
8.952081905323847e19
2.5471593417841364e20
2.3481297579143122e20
4.7657208479443825e20
3.065362929490865e20
3.550378464915185e20
3.761651274753466e20
2.3806260444260473e20
1.5088894369006417e20
2.9096419000447212e20
3.257126675881904e20
3.354227904643979e20
2.500752243362323e20
3.503773493613802e20
2.7655974755535798e20
3.2579640666261357e20
3.15316758916375e20
2.403798167994279e20
3.83168011090641e20
3.7957221376331966e20
5.251015891773177e20
3.446733625190926e20
5.41784473427693e20
2.1525726411279493e20
1.502992914535854e20
1.9974079255276542e20
7.338070193394747e20
2.7495393351917837e20
5.244633819054604e20
1.8556501060310755e20
4.224981378496104e20
3.608883089187698e20
3.2860327336886685e20
4.216909937655855e20
2.0172078731065698e20
7.279831566928192e20
3.433755484195225e20
4.786815702349107e20
3.591567815942884e20
6.255775887467716e20
4.433467452207402e20
3.062277602009689e20
4.553717991759702e20
4.755367974030734e20
3.262004604923099e20
4.458169767166945e20
1.944340137557708e20
3.314839646447102e20
3.075294067128634e20
1.6169021812813077e20
3.6159128507249564e20
3.0556467033785375e20
2.5271197242112904e20
3.306527294416303e20
2.8308556260744027e20
5.149454367083477e20
3.5283677486288444e20
4.809528219119455e20
3.312383302550266e20
2.7048627042877506e20
4.118689126989123e20
2.9061628289703687e20
3.601699186344948e20
3.8527137898989335e20
3.9391807333249575e20
2.6370629248606952e20
5.16097876116978e20
3.153185687533766e20
2.287477327170988e20
2.9569162966088575e20
4.9679823323010826e20
2.4140419101805045e20
3.9280417108129776e20
2.6750861757594547e20
2.6845820439596066e20
3.3791975093223214e20
1.0898124111595772e20
2.7337374306293206e20
6.505389506238462e20
2.264941821008388e20
2.4718135642204845e20
3.0091590664321086e20
3.449459881601783e20
2.2541232668479757e20
3.545448975374977e20
2.8535477178548663e20
2.7361875426259868e20
2.4745638467877418e20
1.8160710133015822e20
1.935754979812735e20
5.751637702798185e20
3.1794076951485664e20
3.030671198431694e20
3.6744972966951905e20
3.3294057283638093e20
3.8219699933524525e20
4.375978871139312e20
2.1361952708585544e20
1.3954769286864855e20
5.963944243151414e20
2.515820563266177e20
3.4942909495906835e20
2.903260015878121e20
1.5046307927037356e20
4.1031550217158826e20
4.221496002022185e20
3.0763648271786535e20
4.0131522958647925e20
2.8334112506161116e20
3.567323972553217e20
3.244121570612208e20
2.3994111782836876e20
1.1710992853857427e20
4.039879051319542e20
2.8208928846540653e20
1.5215852332727117e20
2.8455007063475533e20
2.5440963741266395e20
3.71540006409281e20
3.25756095099001e20
2.926960630984444e20
2.0939067448280144e20
8.689181104074631e20
4.906451211135539e20
3.469076649469112e20
2.2450159371679377e20
4.20137142242027e20
3.4353526875116234e20
3.6426966028699514e20
2.6539344941834466e20
3.446996271129952e20
3.0945177262067515e20
2.1068943392267593e20
4.5517270520646284e20
4.970188337604272e20
2.0579971447068597e20
2.7765851577259445e20
3.962328432216512e20
3.9225994778168295e20
3.0024186641429286e20
2.976028047488866e20
3.70674461398816e20
2.345062721383578e20
2.319246065041639e20
3.3136293669702795e20
3.4766546459542664e20
2.0494804057858638e20
7.022652122534785e20
1.881206777017322e20
3.402070576094448e20
2.3277133815788968e20
4.744666053253675e20
1.3436623997866988e20
5.034325460001109e20
3.5552216356442735e20
2.97247947810504e20
3.378279583024326e20
3.388675271770272e20
3.3712405888042054e20
3.2591414588283014e20
2.5280628882754758e20
3.225718648532931e20
4.277746280999318e20
2.446764076324506e20
4.1633358752167074e20
3.759230455581116e20
1.8833405028897915e20
2.4816251364129368e20
3.433546504098083e20
4.073817056710317e20
4.69003498773759e20
3.649747555301954e20
2.273261517243202e20
2.357819648908745e20
3.1794634865874987e20
3.634978683269424e20
2.921120152753178e20
1.3330796767552908e20
7.467560526297761e20
2.4859990306316884e20
1.668232566708581e20
2.517341563485156e20
7.201288969032933e20
2.5922788141922737e20
2.854793004127723e20
2.8441491997498435e20
2.5041111423173526e20
3.8844157877686685e20
2.318687202414763e20
2.7284826239671914e20
3.1871914298877044e20
3.5417347481169514e20
2.5552688422941714e20
2.8983860943796745e20
5.0722656367694243e20
1.1044982995269933e20
2.1183216277558372e20
3.25307614808056e20
1.8923963262864628e20
1.6227194392664172e20
3.704945072723783e20
4.243614567686168e20
4.273977010380573e20
2.4436324975491518e20
4.5672676172322105e20
4.136895560494746e20
2.5560913113921942e20
3.4192473514437476e20
1.820152799579612e20
2.1854514448436986e20
4.906064941465975e20
3.3355191755247105e20
4.550877022292219e20
2.5190607891498847e20
5.060922396791489e20
3.6136689496322946e20
3.825444692788593e20
2.64611139956523e20
1.8900221991210667e20
2.906069374934077e20
5.0092169041789236e20
3.623386725173679e20
4.746785487335123e20
2.6194889062888096e20
3.679295486463687e20
2.9127722710625858e20
4.5229595530022964e20
3.682261848405007e20
3.488411286515118e20
2.4104203056879816e20
1.727502523960098e20
1.637646495302974e20
6.021142124249864e20
4.074873427427052e20
3.339250419914854e20
2.9546051391328944e20
2.3507319296502153e20
3.173787835560475e20
3.34969711320066e20
5.8473457161992785e20
3.362181459212581e20
3.888947086071397e20
4.034726565714334e20
4.6035840249672355e20
3.21226756777075e20
2.2362547443993566e20
3.309210403116385e20
2.7807775072368345e20
4.792515338879993e20
4.180399768666636e20
2.1204815978165715e20
3.208203006565599e20
4.004048216095301e20
2.4189089881229496e20
3.320391510474073e20
4.133851259598939e20
2.6181498596947958e20
3.665995654323482e20
3.0903539694211334e20
2.051165980741763e20
3.944389707513083e20
2.4602067848507638e20
5.5165066445120746e20
5.916606735017231e20
2.8511369300065622e20
3.882631705589564e20
2.896165993929895e20
3.073096415532788e20
4.231909015278783e20
2.9433594455223674e20
2.200622055397175e20
3.0616431848345784e20
5.6886422563422083e20
3.250534480521909e20
4.753242815932976e20
3.455897829717702e20
4.261052300212038e20
3.576682480974502e20
4.1964234403500864e20
3.1042829619159813e20
2.2212749679265278e20
3.6995989077697593e20
8.9312059326731e20
1.7277071179318922e20
1.7414525622963143e20
3.268955658366514e20
2.1046356387072996e20
4.193553005184435e20
4.122283949893653e20
2.9304932461947725e20
1.7132738481073455e20
3.857305415180323e20
4.1715653749155155e20
4.358055410047391e20
1.9590747057115546e20
9.759193369636204e19
1.90906713780811e20
1.434349799450485e20
5.331483966955741e20
2.817463838155871e20
2.51669057114241e20
3.011203904034933e20
2.6494382845523218e20
5.8691340939214455e20
3.342773434503104e20
4.0994133648479106e20
1.8170615493742137e20
1.7636302835692293e20
2.6538298055611666e20
1.8451918093647682e20
3.8913771391828584e20
3.40353649732194e20
2.0417864009375423e20
4.436473722476158e20
3.944112941784968e20
2.152392977457435e20
4.7191923604570715e20
2.4507343466948644e20
4.53242999443264e20
4.036218346211986e20
2.5274251770736594e20
4.179387716325431e20
4.640578950441058e20
3.5870852832999126e20
2.2202029956577968e20
2.9404545377723508e20
3.138368022173066e20
5.170038186747088e20
3.7112591471955096e20
3.156727012989161e20
2.775748517867577e20
2.4384547874021553e20
2.1072188409665366e20
2.212501940582846e20
2.0065715981531618e20
3.152612192902358e20
3.553537507073404e20
2.4429641854919528e20
4.759642105473985e20
3.367728232220336e20
2.4716597447572518e20
2.2305629356897632e20
1.8766011660204212e20
4.1444315881556423e20
2.3062470578326707e20
3.58131457373733e20
4.1070696551857036e20
2.364501165328445e20
1.959868296889387e20
2.2187734234353205e20
2.8778650432568843e20
2.7609071802339698e20
3.637182747246152e20
1.5224742291793347e20
5.2525245580336136e20
7.243029768995453e20
3.263415657112939e20
7.956477191195329e20
3.700635312641637e20
2.4139236821348752e20
4.162832820655219e20
3.3887115028857265e20
3.743957367750205e20
5.0771271029301674e20
4.499800380655763e20
3.197689769649675e20
2.6311184436153844e20
2.6254462671878052e20
2.913734586252782e20
3.528507427215273e20
6.09205452062809e20
1.4556634653861963e20
5.2156801503281834e20
2.682778412340562e20
2.603582759940739e20
2.658982675623176e20
3.499949592701032e20
1.8766973514360652e20
2.2996791727204886e20
1.8831552408852722e20
3.8768799164342665e20
3.665103358162038e20
2.201908276425176e20
2.6959061910792002e20
3.036626109684692e20
2.2329620738979083e20
5.836830442815971e20
3.4103440973338116e20
3.952104967618066e20
3.991710532489867e20
5.0196803924776767e20
2.342517102768095e20
3.2726392481672856e20
1.8413533422101823e20
2.9356117171417498e20
2.2176679198529726e20
2.074446818477806e20
4.374521520330393e20
3.133494882517837e20
2.3487272801993644e20
3.8449851776873536e20
3.226317482146311e20
2.1139574203943872e20
2.6450961164946778e20
3.538676774916695e20
4.848276777370574e20
1.8382889530854788e20
4.047373037106523e20
1.704109217146579e20
3.912253151715238e20
3.1192249974263015e20
2.0699777343598595e20
4.488269143665308e20
5.017695935949113e20
4.217676470942585e20
4.128794117502017e20
1.4910297270319514e20
3.855110692546671e20
3.900265645435902e20
3.1410332055447876e20
2.8007058635521743e20
3.7960901071440904e20
1.3866000102094101e20
8.118520509594569e20
2.8010103811723244e20
1.6882931043482606e20
3.533810950067199e20
3.2973672267549206e20
2.0848408617862096e20
3.911365414386771e20
4.918785977553146e20
4.958013281614699e20
4.103403653123466e20
4.4748460243991855e20
2.856481182983684e20
3.41598315843232e20
2.2687089781585107e20
3.297179653469222e20
2.3754783472626644e20
4.6292166966408656e20
2.2923572552376913e20
3.8051092904173496e20
2.619414983433525e20
2.540484901597796e20
3.608415484929252e20
2.6991676971194804e20
4.3937633261846213e20
5.723918810455962e20
3.397670078201587e20
4.811337468229718e20
2.6595164122186924e20
4.072778954813982e20
5.084744633283568e20
2.317484747198544e20
1.848080053607917e20
3.748631703359175e20
2.4767648789499206e20
4.359231895206253e20
1.4722102375923207e20
2.6756866610736556e20
3.110670305746396e20
1.903100738010813e20
2.6490081553666966e20
4.771323290361579e20
2.1880707439601884e20
4.5387035430869814e20
3.558311092676969e20
3.169414887772115e20
2.203442976283485e20
3.812004615336621e20
3.205297886156697e20
2.2709966811893642e20
3.421919722983681e20
3.317905145720767e20
6.680969737918516e20
4.3287064767293764e20
3.4753449972742246e20
3.23093821076722e20
6.812270891905551e20
5.370909781945106e20
2.060392017024414e20
3.915209420105085e20
3.7034568518082947e20
3.50189452631022e20
7.206960976980809e20
6.307516525374557e20
3.5119399044375406e20
3.0707943237203126e20
3.598080326184231e20
3.408715619368682e20
2.847323690999258e20
3.3829029240179006e20
5.2071060184729315e20
2.2795100072488062e20
3.256892668972435e20
3.1232635790703795e20
3.1709117722425105e20
1.7628632097603276e20
1.6495718419763796e20
3.180618129471799e20
2.9456153815351368e20
2.349337624327969e20
5.2615476870531967e20
2.1474042135731808e20
3.153463467727195e20
4.742822228981553e20
5.694789303510521e20
2.856651251844015e20
1.5476580041835522e20
2.407670957279518e20
1.9140317976963642e20
5.428739239103405e20
5.064157177453112e20
3.941509799673722e20
2.9027408687464068e20
3.1821307766848625e20
4.928729884809856e20
3.2417492889612445e20
4.959779888238005e20
3.144478228458355e20
3.122832950497009e20
1.97991033400705e20
2.9544010167653446e20
3.534618398065238e20
5.82243877358476e20
2.624721478865269e20
4.1728106324128766e20
3.353150970476169e20
2.9379450461976605e20
8.119807622153258e20
2.2607092132084508e20
3.572917370996155e20
8.582416168402108e20
4.4280560429366595e20
3.770840794728522e20
3.869791958911421e20
3.487217297260711e20
3.2093820497926416e20
3.480611983688815e20
2.5353494465033316e20
6.010628964773149e20
6.689679125985015e20
4.2053426156235574e20
4.2082435599080554e20
2.5744439434824352e20
2.0525633020539447e20
5.1037786005017684e20
2.8045278180073682e20
2.6503780756184482e20
2.906569021088353e20
3.849460830681449e20
3.092488977626035e20
1.1376096151956749e20
3.685453160545416e20
3.4805602331453175e20
1.9823719944158298e20
4.4795017761666315e20
3.070799821767256e20
3.4072793183938e20
2.598613681988386e20
3.012704403840484e20
2.8704442569042025e20
1.901323166207332e20
2.795329241469501e20
2.6141841557493875e20
3.034360322721173e20
3.2616426975583325e20
3.327381875664697e20
2.7759112332746293e20
2.079814542405185e20
4.463534822962131e20
3.4502737059486676e20
2.4764848530712625e20
2.473630214893868e20
2.5967784708195028e20
3.343812756060147e20
3.594302223765313e20
3.832875233006328e20
4.23540089350995e20
5.7582560064396434e20
1.8769138140382242e20
2.6462822861051072e20
2.726233265187691e20
5.1258844542052506e20
4.0352288981512566e20
2.888770513899834e20
2.4572102390391384e20
1.6355558071464218e20
3.129784655549221e20
4.3619932850798356e20
2.422449113759173e20
2.2061427117104012e20
6.396198069082941e20
4.774023518327868e20
2.718207251941211e20
3.1383765827647524e20
3.313158547788004e20
2.2747980836271368e20
2.096407512512339e20
3.228501124183188e20
2.5299313611139134e20
5.936251567531254e20
3.065937015181905e20
2.6411413378641107e20
3.454697641500451e20
3.4597153787763845e20
3.54272258469457e20
3.063076142308408e20
1.932972797870494e20
2.13295342219993e20
1.7253504652741876e20
2.9983677133621874e20
3.315669303695936e20
3.360149464060095e20
4.505463812775205e20
3.283453663836516e20
3.658948177494105e20
2.7737826162047857e20
5.7486475189715344e20
2.565782739938641e20
1.9293744578550874e20
4.4779067933722896e20
5.799463001361542e20
4.796943539030011e20
5.797411528430916e20
5.615731888819242e20
3.4731702217178795e20
4.408547754962492e20
2.7372988806387814e20
3.318598090413571e20
2.3443828021781827e20
1.589011186403758e20
3.5463617124918166e20
2.920455877692928e20
2.778087488634781e20
4.441426613057075e20
2.999294518824977e20
1.6895810240374735e20
2.649605499984041e20
4.1128746985901307e20
2.996445608312821e20
1.7138190530754085e20
4.7782750832031996e20
1.3328677248149484e20
3.259227632763914e20
5.277716678341586e20
4.9240852086770185e20
7.346063062658358e20
2.0966396033473646e20
2.742632235890553e20
1.3562255495931837e20
2.464228973757806e20
3.0234372722427914e20
3.157295650150327e20
4.038501140868448e20
1.4077827902758584e20
4.5875366657471644e20
5.4297357763968473e20
2.2359775413614926e20
5.029228521252062e20
4.0346726945659453e20
1.6648788272113343e20
2.6805441383398375e20
4.2374530912411504e20
2.2364858624428782e20
3.601139786433855e20
1.7551457367994335e20
3.672809790209746e20
3.292912592921838e20
1.9681325085932805e20
3.52758904943507e20
2.3416922096081168e20
3.529915634019526e20
2.42285567157747e20
3.428630965060209e20
2.6036976506667798e20
2.852807890694564e20
3.321065660209986e20
3.456446832291925e20
2.700688717775158e20
2.740580795726121e20
2.5640849567915193e20
2.6507708144494287e20
3.0686502634347784e20
4.066978726215318e20
3.069597984764268e20
