2.088812e6
1.397794e6
1.282794e6
1.83737e6
1.643034e6
1.468172e6
2.294663e6
1.820908e6
2.329928e6
2.26936e6
1.38212e6
1.396366e6
1.772283e6
2.804682e6
1.329332e6
2.06575e6
2.066244e6
1.38418e6
2.072155e6
1.431587e6
2.380844e6
1.510341e6
1.64102e6
1.481355e6
1.825598e6
3.226982e6
2.166392e6
1.346627e6
918199.0
1.084359e6
1.539683e6
3.546184e6
2.160488e6
1.436699e6
2.101958e6
1.674337e6
2.138295e6
1.304698e6
2.529723e6
1.323408e6
1.646881e6
1.997656e6
1.545168e6
2.66098e6
1.518018e6
2.682295e6
1.764193e6
1.657546e6
2.602049e6
1.7557e6
2.39848e6
1.4929e6
1.685763e6
2.035274e6
1.162832e6
1.913868e6
1.311646e6
1.381991e6
2.44845e6
1.546206e6
2.555198e6
2.530838e6
1.481154e6
2.352828e6
2.3056e6
2.285658e6
1.695404e6
1.596706e6
1.923928e6
2.260846e6
1.858386e6
1.912506e6
2.245072e6
1.814166e6
1.60353e6
1.744582e6
1.854956e6
1.778321e6
1.353626e6
2.046074e6
1.667157e6
1.986926e6
1.875183e6
1.739948e6
2.314486e6
2.995172e6
1.521343e6
1.250382e6
1.22208e6
1.217477e6
2.24164e6
2.186406e6
1.846856e6
1.160328e6
1.950095e6
1.896481e6
2.108098e6
2.232782e6
1.17165e6
2.643774e6
1.819242e6
2.463986e6
1.088718e6
1.857682e6
1.942768e6
2.165006e6
1.862994e6
1.152116e6
2.179173e6
1.916784e6
1.057664e6
2.123709e6
1.869199e6
1.433686e6
2.119662e6
1.375607e6
1.918409e6
1.650801e6
1.976256e6
2.047178e6
1.812523e6
1.975162e6
1.610386e6
1.298969e6
1.454028e6
1.573176e6
1.67281e6
1.445165e6
1.915028e6
966014.0
1.614493e6
1.769225e6
1.9237e6
999324.0
1.246287e6
1.368198e6
2.316659e6
2.01173e6
1.710855e6
1.345721e6
1.222432e6
2.392599e6
2.137804e6
1.449131e6
1.65645e6
1.354747e6
1.763439e6
2.065623e6
1.831014e6
1.613749e6
1.874225e6
1.84802e6
1.720963e6
1.523457e6
1.806404e6
2.702365e6
2.043306e6
2.265416e6
2.097976e6
2.333922e6
1.980418e6
2.016678e6
2.788e6
2.162282e6
2.219611e6
1.532001e6
1.554464e6
1.313607e6
1.512558e6
1.78687e6
2.61117e6
1.55866e6
2.110478e6
1.451666e6
1.803133e6
1.490998e6
1.725755e6
1.850426e6
2.016583e6
1.529916e6
1.387142e6
1.222383e6
2.296812e6
1.802016e6
1.559922e6
2.875648e6
1.803778e6
1.07684e6
1.560038e6
1.4917e6
2.333466e6
1.88751e6
1.351238e6
944146.0
1.14739e6
2.188231e6
2.051496e6
2.649267e6
1.935953e6
1.686292e6
1.092169e6
1.463936e6
1.337456e6
1.337638e6
1.490312e6
1.471617e6
2.522238e6
916790.0
1.487867e6
2.168322e6
1.42471e6
1.692667e6
1.614977e6
2.296546e6
1.210973e6
1.186246e6
1.476089e6
879536.0
1.026949e6
1.61867e6
1.62149e6
1.17956e6
1.716416e6
3.013407e6
1.461214e6
2.039492e6
1.919696e6
1.416725e6
1.861613e6
1.957188e6
1.429706e6
2.164145e6
1.753084e6
1.304118e6
2.375725e6
1.381574e6
2.341094e6
2.469852e6
1.374036e6
1.983354e6
1.367069e6
1.257286e6
2.02565e6
1.881687e6
1.511755e6
2.603049e6
1.914198e6
1.289218e6
1.080373e6
1.88926e6
1.55288e6
2.019814e6
1.736813e6
1.629114e6
1.522045e6
1.97599e6
1.867333e6
999315.0
1.96138e6
2.625227e6
1.655559e6
2.080694e6
2.351212e6
2.935104e6
1.458726e6
2.288666e6
1.901743e6
1.380953e6
1.981808e6
1.868874e6
2.596935e6
2.235652e6
2.385658e6
1.882839e6
1.196473e6
1.203595e6
1.602044e6
2.20584e6
1.417692e6
2.743908e6
1.572112e6
1.290856e6
1.452609e6
2.165986e6
2.370724e6
1.997628e6
1.282251e6
1.402036e6
1.806065e6
1.814654e6
2.31725e6
2.376046e6
2.100856e6
1.83744e6
2.223505e6
1.907658e6
2.089626e6
2.363452e6
1.780513e6
1.261342e6
1.105151e6
1.516008e6
2.249232e6
1.93346e6
1.951514e6
2.05302e6
1.745645e6
1.975855e6
1.618807e6
2.1997e6
1.796714e6
1.877098e6
2.027013e6
1.392338e6
1.7088e6
2.269931e6
1.602642e6
1.907763e6
1.466794e6
1.920541e6
2.50766e6
1.621802e6
1.071311e6
1.188892e6
2.438178e6
2.02588e6
1.382657e6
2.190317e6
1.524939e6
1.521541e6
1.734225e6
1.746911e6
1.187805e6
1.722819e6
2.696844e6
1.226328e6
1.667656e6
1.757346e6
2.622801e6
2.169471e6
2.097946e6
1.123754e6
1.803216e6
1.643866e6
782860.0
1.897212e6
1.846589e6
1.119921e6
1.545655e6
1.271609e6
2.256504e6
1.74219e6
1.628372e6
1.397445e6
1.429588e6
1.261098e6
1.321458e6
1.30256e6
1.781839e6
1.810542e6
1.133143e6
1.773819e6
2.457352e6
1.261712e6
3.060506e6
2.512733e6
1.345522e6
1.783609e6
1.32193e6
1.247624e6
1.318041e6
1.540172e6
2.375396e6
1.41966e6
1.876314e6
2.604106e6
1.930636e6
2.466058e6
2.310063e6
2.100151e6
1.030261e6
1.798116e6
781127.0
1.728386e6
2.711748e6
1.037968e6
1.828271e6
1.565424e6
2.137676e6
2.677949e6
2.588639e6
1.44699e6
2.51724e6
2.094744e6
1.372061e6
1.347469e6
1.603812e6
2.041976e6
1.797406e6
2.449715e6
2.694226e6
1.970134e6
1.517276e6
1.882014e6
1.509264e6
2.056106e6
3.527649e6
2.48125e6
1.356866e6
1.51189e6
1.528416e6
2.052913e6
1.467643e6
1.746273e6
1.957925e6
2.784296e6
1.384194e6
2.194769e6
1.898676e6
1.917265e6
1.726456e6
1.673108e6
1.329771e6
1.795679e6
2.171634e6
2.388878e6
1.781085e6
1.406915e6
1.99788e6
1.233533e6
2.05281e6
1.651988e6
1.903131e6
1.501077e6
1.91144e6
1.435372e6
1.493363e6
2.034989e6
1.471779e6
3.671394e6
1.771515e6
1.574421e6
2.200664e6
1.207823e6
1.73823e6
2.083058e6
1.755738e6
1.223654e6
2.144206e6
2.278158e6
1.627274e6
1.86399e6
1.561941e6
1.841355e6
1.70416e6
1.792335e6
1.850444e6
1.477435e6
2.059366e6
1.399212e6
2.367161e6
1.472814e6
1.628706e6
937316.0
1.325768e6
1.781582e6
1.535755e6
2.101645e6
1.634758e6
1.831331e6
1.330808e6
2.146948e6
1.826632e6
1.02498e6
1.791609e6
1.409624e6
1.72201e6
2.157837e6
2.323996e6
2.129534e6
2.042952e6
2.048358e6
1.503596e6
2.071577e6
1.425016e6
2.649296e6
1.948422e6
1.48484e6
2.414652e6
1.835824e6
1.775838e6
2.564724e6
2.007562e6
2.459855e6
1.465038e6
1.425954e6
2.211116e6
1.192203e6
1.336372e6
3.128086e6
1.755859e6
2.623697e6
1.178662e6
1.433596e6
979245.0
1.328433e6
2.687552e6
1.301974e6
1.575132e6
1.924192e6
2.056945e6
1.083823e6
1.599776e6
2.107331e6
2.568344e6
2.340463e6
2.253556e6
2.124076e6
2.03867e6
2.167344e6
1.771696e6
1.680309e6
1.635267e6
2.204311e6
2.716694e6
2.044628e6
1.659665e6
1.873016e6
2.239533e6
1.706988e6
1.565991e6
2.233286e6
1.445625e6
2.005769e6
2.401658e6
1.716532e6
1.549728e6
1.588329e6
2.425674e6
1.167405e6
2.253155e6
2.434862e6
1.65813e6
1.931758e6
1.390274e6
2.054625e6
2.347946e6
1.797222e6
1.409395e6
2.183501e6
2.530543e6
2.443212e6
2.25396e6
1.333993e6
1.97429e6
1.335375e6
1.721641e6
2.673316e6
1.460627e6
2.485686e6
2.680442e6
1.442926e6
1.787284e6
2.220864e6
2.069337e6
2.588546e6
2.136946e6
1.661024e6
1.72642e6
1.418299e6
1.972259e6
1.588628e6
1.243998e6
1.875157e6
1.662268e6
2.873712e6
1.952521e6
1.838859e6
1.09468e6
1.40553e6
2.141089e6
1.506724e6
2.20089e6
1.338231e6
2.727709e6
1.204948e6
2.916238e6
2.276292e6
1.546296e6
1.884792e6
2.259266e6
1.434502e6
995752.0
2.303243e6
1.657046e6
1.644744e6
2.338854e6
3.284972e6
1.112779e6
1.833381e6
1.102681e6
1.459398e6
1.431974e6
1.844909e6
1.239759e6
1.615054e6
2.318189e6
1.79035e6
1.205611e6
2.060532e6
2.96397e6
2.044016e6
2.305603e6
2.642448e6
1.250531e6
1.506426e6
1.803997e6
1.902022e6
1.839852e6
1.614834e6
1.736529e6
1.699209e6
1.66046e6
1.411384e6
2.315446e6
1.220447e6
1.985772e6
1.875968e6
1.39159e6
2.009038e6
1.749143e6
2.268004e6
1.445484e6
1.256008e6
1.975489e6
2.1013e6
1.706108e6
2.422878e6
2.825169e6
1.392611e6
1.425734e6
1.552564e6
1.831219e6
1.568216e6
1.840711e6
1.520967e6
1.248048e6
1.437169e6
1.83547e6
1.958908e6
1.41245e6
1.953794e6
2.047076e6
1.683999e6
2.309826e6
2.12514e6
3.247427e6
1.974705e6
1.866267e6
1.426006e6
1.887008e6
2.370952e6
1.271682e6
1.29293e6
1.241822e6
1.934058e6
1.582628e6
1.947605e6
1.359647e6
1.723968e6
1.537676e6
1.957722e6
1.517503e6
1.623242e6
1.994889e6
997347.0
1.324754e6
1.726002e6
2.092211e6
1.823351e6
1.972469e6
1.596107e6
1.898002e6
2.217562e6
1.72918e6
1.877456e6
1.795345e6
1.673256e6
2.200742e6
2.655662e6
1.696332e6
1.267038e6
2.138927e6
1.387418e6
2.159882e6
1.003922e6
1.846954e6
2.382261e6
1.326894e6
1.541359e6
1.900065e6
1.652472e6
1.350208e6
2.353184e6
2.164325e6
1.764992e6
1.40892e6
1.43366e6
1.211452e6
1.314742e6
1.663255e6
1.792084e6
1.643474e6
2.062349e6
1.140616e6
1.776581e6
2.585236e6
1.483757e6
2.595471e6
1.83391e6
2.828125e6
2.408962e6
1.450708e6
1.224592e6
1.732709e6
1.850587e6
2.035648e6
1.995844e6
1.824276e6
1.349639e6
1.302832e6
2.121331e6
2.062303e6
1.681574e6
2.80055e6
2.026372e6
1.23372e6
2.054745e6
2.081756e6
1.465351e6
1.853782e6
1.767555e6
1.590035e6
1.445891e6
1.422417e6
2.205726e6
2.622455e6
1.465775e6
2.46269e6
1.146498e6
1.740945e6
2.216417e6
1.359263e6
1.911867e6
1.493873e6
1.883207e6
1.641198e6
1.823221e6
1.908052e6
2.356886e6
2.153362e6
2.017623e6
1.283251e6
1.713194e6
2.334891e6
1.985436e6
1.287452e6
2.584792e6
1.330807e6
3.353697e6
1.739912e6
1.541764e6
2.509282e6
1.534137e6
1.69886e6
2.044899e6
1.983148e6
2.255474e6
1.29135e6
2.183524e6
1.985236e6
1.228814e6
2.027964e6
1.454052e6
2.567617e6
1.494712e6
1.820016e6
2.541538e6
2.172887e6
2.043271e6
1.634806e6
1.507787e6
1.566404e6
2.411188e6
2.390188e6
1.326732e6
2.471712e6
1.309256e6
1.969238e6
1.371023e6
1.971193e6
1.895714e6
2.431082e6
1.757116e6
1.144516e6
1.163052e6
1.618369e6
1.830756e6
2.445662e6
1.160752e6
1.240549e6
2.291068e6
2.585565e6
1.437984e6
1.893128e6
2.32887e6
1.104201e6
2.184316e6
2.049298e6
2.05878e6
1.936392e6
2.40302e6
1.440426e6
1.797981e6
2.909209e6
1.338882e6
1.827156e6
1.949874e6
1.104301e6
1.449477e6
1.928718e6
1.11995e6
1.822459e6
1.859865e6
1.940305e6
1.837436e6
2.244707e6
1.964642e6
2.946982e6
1.166676e6
2.003532e6
1.07479e6
2.279082e6
1.223179e6
2.206975e6
1.279718e6
1.487934e6
1.193877e6
1.429136e6
1.155736e6
1.338844e6
1.75876e6
2.014691e6
1.873539e6
1.828217e6
1.364337e6
2.760786e6
2.112124e6
2.19155e6
2.243462e6
1.33576e6
1.583444e6
2.014168e6
2.009206e6
2.036713e6
1.278841e6
1.667238e6
1.523541e6
1.464376e6
2.262914e6
1.510428e6
1.584541e6
1.533764e6
2.06593e6
1.636241e6
2.011597e6
2.137416e6
1.76932e6
1.995199e6
1.890939e6
1.575568e6
1.656915e6
940118.0
2.280626e6
1.320248e6
1.774067e6
2.231346e6
1.81677e6
1.311714e6
2.174027e6
1.89574e6
1.960973e6
2.271834e6
1.244756e6
3.390076e6
1.549551e6
1.586776e6
1.73145e6
1.939774e6
1.530444e6
1.470858e6
1.698274e6
1.714036e6
1.068219e6
1.617988e6
1.544029e6
1.692945e6
1.415574e6
1.577838e6
2.375602e6
2.748762e6
1.292315e6
1.808098e6
1.87898e6
1.921267e6
1.274656e6
2.90535e6
2.035401e6
1.646372e6
2.006055e6
2.342636e6
2.928331e6
2.7839e6
1.448478e6
2.066783e6
1.543488e6
1.845643e6
1.483218e6
882146.0
1.203853e6
1.682383e6
2.166686e6
1.819968e6
2.631744e6
1.417296e6
1.778286e6
1.09751e6
1.456291e6
1.638878e6
1.50008e6
1.411149e6
1.573622e6
1.592443e6
1.49767e6
2.752269e6
1.916916e6
1.464326e6
1.239976e6
2.374889e6
1.35195e6
1.022172e6
2.633864e6
1.872953e6
1.562566e6
2.299688e6
1.221294e6
1.781786e6
1.60966e6
1.803108e6
1.742762e6
1.480394e6
1.611545e6
1.191596e6
1.97643e6
1.659816e6
1.71287e6
1.65832e6
1.852167e6
1.95407e6
1.401521e6
1.651109e6
2.43244e6
1.96174e6
1.857092e6
1.608736e6
1.347668e6
1.759228e6
2.001292e6
1.803225e6
1.519122e6
1.982258e6
1.634392e6
1.828244e6
1.625635e6
1.460553e6
1.626992e6
1.768559e6
1.862126e6
1.976292e6
1.201662e6
1.268875e6
1.679038e6
1.888261e6
1.64034e6
2.036806e6
1.861983e6
3.285723e6
1.091002e6
2.037904e6
2.309667e6
