4.1680690888591215e79
1.2011044281627242e79
2.6309039585770437e79
6.943188715292392e79
4.106633059276115e79
6.166927516918733e79
7.361461222873543e79
2.0925977031472905e79
4.4114115612441984e79
6.468450041646644e79
3.507245667529844e79
1.8851476785180126e79
3.19592188178632e79
6.692139186552864e78
1.4314857531024662e80
4.2139237483682825e79
1.6341367985767623e79
4.324683010092912e79
8.893659040145792e79
6.119425454407614e79
2.018727791082051e79
4.256774698219048e79
7.34174609271735e79
2.6289274729005212e79
2.0207362012878848e79
8.436598009472964e79
4.0260376731786223e79
4.793030738475802e79
3.544276883569852e79
4.164009924118787e79
1.0552738884846659e80
2.4811337075864803e79
8.634383068151372e79
6.346829995297282e79
2.267590055668901e79
1.3285513600435271e79
3.539676060373044e79
4.243222743741022e79
6.451964838790472e79
4.780104700828316e79
3.984941062200472e79
4.113418400457667e79
7.687166138206579e79
1.2375158118813777e79
2.6533301472749145e79
1.693781780129761e79
1.8201565657559904e79
2.3744661745037302e79
4.3768707262554404e79
2.1352687400024294e79
4.636400324346115e79
3.6565189757583625e79
3.050615910461373e79
5.345566897017087e79
2.793001727409472e79
4.247304158171055e79
2.934759695668613e79
5.516134810380981e79
9.820899746208034e79
2.978947468049601e79
2.0124445508673818e79
2.917774378953999e79
4.0534311992789703e79
3.551606576920313e79
1.0979022560274916e79
1.9475882235171105e79
5.1989690997737695e79
2.2584735455320843e79
3.335232562601419e79
4.539167924887933e79
4.324544325283902e79
1.501462803489785e79
5.897226930363244e79
5.422044873633253e79
4.7953308942355974e79
5.11662249274282e79
4.460031446207631e79
1.0713002529305458e79
1.4261834170948781e79
1.406479129996842e80
1.8470500812264278e79
4.4896686603477006e79
5.0104142617287815e79
4.06028038537849e79
1.40670781281243e79
2.9881701661182864e79
3.555630450884105e79
4.625279415322786e79
1.5765629282451772e79
2.9112830798240403e79
3.7163189787021683e79
4.4817443590488584e79
5.512207631341814e79
7.019099757188194e79
4.117208039043e79
5.757841108235993e79
3.165024868834821e79
2.6901307576285672e79
5.475344991861256e79
2.4318993544652878e79
4.185107835260958e79
2.3696152999559974e79
5.10444286873422e79
2.5693750409881187e79
3.53454367618853e79
4.107817261977767e79
2.2140947802536716e79
4.0454451130573256e79
2.2464674751192496e79
5.5129851933850307e79
2.035043100287544e79
4.106028720136896e79
3.198581692228536e79
3.975015000168062e79
6.944257038561609e79
5.905313785686407e79
1.9390873936865366e79
5.3730260657576576e79
1.1278979909257545e80
2.7457194399548404e79
2.3076440467165293e79
6.865894642405301e79
2.3718786529104946e79
3.861285986352361e79
3.4719790533200255e79
5.636735623920944e79
3.846516385197638e79
5.6019762602751176e79
5.1388835064907994e79
4.0896774718843746e79
2.7744545417193944e79
4.772949984591834e79
1.5939601479945574e79
6.380273031937447e79
3.931883819003467e79
1.9968657188734357e79
1.1305044166846033e80
5.0580579637436065e79
4.7702008585534774e79
1.0008559258388676e80
4.558494861576518e79
2.2754964459252522e79
2.7088239269637928e79
3.760727618224258e79
6.069520408826465e79
2.141884491155604e79
2.413627712558299e79
6.771144477384878e79
2.6758328791452315e79
1.1070448737415993e79
2.4321880422913115e79
3.835080130683864e79
2.980082042351771e79
3.125949845609585e79
5.660619322014984e79
5.818065631417218e79
2.1392999350064902e79
2.1721437311548197e79
3.680266879148199e79
2.4773926739010445e79
2.6691313229252015e79
2.9332707458519666e79
2.6250946139365263e79
2.3275618942229612e79
2.1409600431689513e79
4.747472760494889e79
1.918653845641141e79
4.1455265143208463e79
2.784281702206831e79
3.322243235024854e79
4.834660088205536e79
4.443330841939104e79
3.8262821455756e79
6.891426533584038e79
3.3418404395035365e79
5.2393005410297374e79
1.0040221593801569e79
3.851957823884624e79
2.023424883841725e79
1.5854567371123365e79
8.745282263732301e79
3.220344707343287e79
1.5376333114754088e79
6.396651389082422e79
1.4918426679110585e79
6.069222459967046e79
3.114147457048888e79
3.484793819974285e79
1.8850267186137368e79
2.1599315087625455e79
4.7817707252156955e79
1.2305272337095536e79
2.4443564271959463e79
1.6645866362318706e79
3.816847817561154e79
1.1474611121563499e79
1.5767746172632803e79
6.731141726838246e79
1.2831371966538112e80
5.968611257767453e79
4.39107789414107e79
1.9918757373338423e79
3.562190575751753e79
4.5495213805387985e79
1.1893385954954194e80
3.3257918691243365e79
2.6020682027492197e79
2.6131906739795987e79
2.1227499607003936e79
2.8962764469214418e79
1.760412445793892e79
4.7815473189770246e79
3.2066569952161756e79
3.625150498765035e79
3.551391101001669e79
2.9792953408135363e79
4.631598538515389e79
3.933302694853029e79
2.837202702638761e79
2.4754134620076458e79
4.011855088924933e79
9.64079040125772e79
1.909629252804727e79
8.050613269413269e79
1.9759425722314732e79
2.9456779008683372e79
2.5358235994083242e79
4.772315326162697e79
4.080590193648016e79
7.189518099087587e79
8.785935227781648e78
4.828653020360681e79
2.7255544431948233e79
1.9822721494541896e79
2.1710067706320002e79
5.016308562869581e79
7.685208405662302e79
3.9947752441871776e79
6.791535429568085e79
3.8053390371031524e79
2.1764043191997464e79
5.544446992424204e79
3.018750184415016e79
5.83352254665976e79
5.6909140948708065e79
3.2373121756396174e79
2.7588299897159326e79
4.8804220152295274e79
6.00557668347437e79
1.0960607945736647e80
5.0916751119784256e79
2.7987809750570224e79
6.088048155897936e79
1.0442344648596543e80
2.1937007184402347e79
1.552391518122912e79
2.3345492457263965e79
5.748056915285793e79
6.83455291117074e79
4.134380247563643e79
2.7454765545282714e79
1.723107282603751e79
3.5778431425364165e79
3.353148631662842e79
6.0385608116907e79
4.074852753133868e79
9.849230979433101e79
7.029400214065655e79
3.0019210944826535e79
8.428203171821372e79
4.4730824157401516e79
4.0161731695119634e79
2.8590769304942172e79
4.253075555064241e79
6.341101081707328e79
9.993021050982228e79
4.9156246060871834e79
6.266904386066581e79
3.7753814111685965e79
8.61306838781062e79
2.1820328526954634e79
3.306257272843152e79
4.6016548739241164e79
5.216307574439848e79
1.1483639600377428e80
9.013221915225106e79
3.662832260159934e79
4.2933353689384805e79
2.5327442295636596e79
3.071250767881594e79
3.3692123642297344e79
2.333533948645899e79
1.5311069176105338e79
7.475308235317131e79
6.44462168147807e79
5.1412385759656655e79
1.0156306287810689e80
3.615421618414553e79
6.224167369528524e79
4.7416073525292386e79
6.409372640207226e79
4.201104174154387e79
7.240115623674673e79
4.2357714505327537e79
4.860646415217433e79
4.1652422045082036e79
9.36644149271138e79
2.012809834028975e79
3.455622473886681e79
3.3975924156424165e79
1.2724536268459876e79
2.187371400211929e79
5.843650707742556e79
3.489091748745245e79
3.046299399378023e79
5.762134734211922e79
4.487923772446446e79
2.1183329871534112e79
9.152164667665867e79
1.3082445371169379e79
4.068495504587075e79
3.2774954571205974e79
3.638076779978079e79
3.180127040882669e79
1.0583882655180916e80
4.8195256218438435e79
2.429713620622837e79
2.9023642758246946e79
2.0744859459438316e79
6.256833430708478e79
4.053691711162822e79
5.827160578738234e79
1.8905871640199685e79
4.139391700955144e79
4.8587484018481763e79
5.939887905331049e79
2.485629278165384e79
6.415937074706168e79
4.65626626669378e79
9.965698559619055e79
3.1297563962609434e79
2.775266827542647e79
7.015804228248648e79
6.44375234735656e79
6.12768766863514e79
7.099964461471551e79
2.2933215204519664e79
4.641499858661078e79
6.445267949616051e79
4.13499242819809e79
2.2067423241946542e79
2.6593813450964602e79
6.582140102961625e79
2.3193438803407503e79
6.075415023940988e79
2.7022673290050766e79
5.0693911415679964e79
2.5967243520040445e79
3.29434062131525e79
4.2378969252343216e79
3.8020639767989996e79
4.9088738099145876e79
3.156102821609895e79
3.9555202515633e79
3.40772717474079e79
2.0164154369434964e79
1.4566193187115016e79
2.2583970145866056e79
5.547684154698521e79
3.201501318558832e79
2.39973978178769e79
2.1850911534099404e79
1.0653860716092879e80
1.176666835714384e79
5.25948249147811e79
2.854049820834231e79
1.539079778144495e80
2.1060858798885182e79
1.04081828829762e80
7.01928808553934e79
4.345580396219942e79
1.3816353904700308e80
5.0772218649997355e79
2.2949566154495926e79
2.97739688857583e79
2.1648618210545747e79
2.8856742486683352e79
4.160973873424188e79
3.905522886833655e79
1.1120532324022578e80
4.3809975882717024e79
4.996911263184213e79
5.807111423529697e79
6.808630716226571e79
1.087798554113201e80
1.812966861273514e79
5.6592209090236e79
2.6269781294403006e79
5.2244026515229006e79
1.0656466592761058e79
3.303482882752763e79
2.0881069320473093e79
8.894033985545116e79
4.9414646794244035e79
3.1030006152560503e79
4.6623421118144364e79
2.782695963431624e79
3.867426917626327e79
4.467824742978808e79
2.0240872122073118e79
7.642049830289185e79
3.172607821344865e79
4.197537353860131e79
1.3093902715732643e79
4.012689105192364e79
3.2596541091510446e79
3.977673482553126e79
3.846526236283053e79
1.0977663387801025e79
5.625434857826236e79
3.422554076571478e79
6.728086758600388e79
1.0638179575044762e80
3.303799897311266e79
3.330573822604651e79
1.4504944048530003e80
8.324499871593387e79
3.854308554526056e79
4.4452081732381815e79
5.530941515502368e79
2.4860349240994296e79
1.972999339199083e79
3.083992737767708e79
1.5075649488703303e79
3.639004077974898e79
2.1337541317251393e79
1.2968585704541741e79
6.248012381456195e79
5.0682791930914306e79
5.368895271454772e79
9.082355313652746e79
4.032493609849457e79
2.288439885803864e79
7.770654813772114e79
4.098492571826127e79
1.498787036079302e79
1.865764836616526e79
4.852033845632498e79
1.70098358220632e79
7.595135555251662e79
6.183908763332179e79
3.083342994457229e79
9.651530971970566e79
6.546495227293266e79
3.746355597133693e79
1.513659427780826e79
8.801332452765346e79
6.142784208052864e79
1.404438130706689e79
4.057106651660127e79
4.5693632822385786e79
2.0229483933247105e79
5.6317055078389345e79
4.130426818033971e79
2.0784992165783635e79
8.6726370082864e79
5.8318557137909636e79
3.7573257533950845e79
2.2161175153474265e79
1.570945952448202e79
3.3488620557734304e79
3.002101713633788e79
4.3326243641948515e79
4.359757109967603e79
4.8343678634379674e79
5.127144118420339e79
4.254160566560546e79
4.871503045948976e79
3.5788526893299106e79
6.832681937467002e79
1.0241473614788537e79
2.5122166129504892e79
1.025318044717473e80
3.69426330730279e79
2.7787855218699446e79
3.6765468896135494e79
3.9732321430607037e79
7.338769537539273e79
1.5449630331793182e79
9.132183119438832e79
6.226752355764145e79
3.4150526959339725e79
2.5455039348428378e79
2.1545512310385972e79
5.4626998528220466e79
2.7097779402719025e79
2.4203954030568793e79
2.675347923513874e79
5.021672721320708e79
2.7182053878350004e79
5.809994456889659e79
1.0961381426946552e80
1.9070624029540016e79
2.6223811548103577e79
8.87678819214354e79
4.1771796167471366e79
8.7139623412762e79
4.0634388802992815e79
3.0707544224451736e79
3.352076090684083e79
3.7702659736089437e79
2.293607371921893e79
4.715151689409456e79
2.2562728260978432e79
4.15120321217743e79
4.19342402908135e79
2.593159991284946e79
3.074815441709689e79
1.8258166448990605e79
9.136940674405811e79
4.379794236927985e79
2.5411490793339568e79
3.736257122041033e79
1.9528488657937933e79
2.479092310970454e79
2.83351529915295e79
4.610487153682736e79
3.538664700110612e79
2.974106835979524e79
6.6003677817236e79
3.8280826012635464e79
3.2667519588316966e79
5.5390581684163444e79
1.7526663549386343e79
4.709725675817986e79
2.1570381295401973e79
5.55056206069537e79
9.379582024292322e79
2.9047888320886245e79
5.21768655907427e79
5.395081440704589e79
2.8046660611686507e79
2.430698635810846e79
2.4939815499283816e79
8.60722450468846e79
5.583716382789421e79
2.5088777664657068e79
5.385938271544177e79
2.632176939722708e79
6.168074941149833e79
2.9609962379965048e79
3.29039573272791e79
4.093221739790446e79
4.4454032003005604e79
4.2435456285695015e79
7.982172815769349e79
4.331660479599608e79
2.859071529431865e79
2.647859868179732e79
7.747027008082032e79
4.1863823086628796e79
1.381848190146385e79
3.6406349460945075e79
1.9908959898555256e79
1.0280444057536213e79
3.301946089481787e79
3.6908694211503675e79
3.2092856252935506e79
1.6139535825122984e79
2.1455415664635367e79
3.6285892212616583e79
9.458193224362442e79
6.698445500400513e79
4.3259181627688673e79
2.0523176785200073e79
2.6906996104448937e79
6.397307300884049e79
4.362074635535199e79
5.35350970861095e79
4.71896637711117e79
2.692913434929457e79
8.734541183030734e79
3.394214745333657e79
2.3069909996893886e79
4.67610691277071e79
4.8933664178028634e79
1.1896898158364248e80
4.15556825208828e79
5.202786091732092e79
9.845176777518906e78
3.14235515281642e79
2.788072455350913e79
4.450305126147794e79
2.2056016402964943e79
5.239820705756062e79
2.1742381840500705e79
4.6667104531601445e79
4.5901722289980164e79
4.5263522242004817e79
5.265147461538805e79
2.6610554389193307e79
8.357703319648681e79
5.3682131562059616e79
7.080862939913857e79
9.695517262849601e79
5.115725443784783e79
8.739191313547537e79
3.802165688674847e79
3.587523873663662e79
2.8341077440764452e79
3.722138599759807e79
6.038287117894737e79
8.313518271289857e79
3.3232872508069766e79
2.9032562646417657e79
3.7712434478949034e79
6.040106984362226e79
1.7222126727217417e79
3.34433255883126e79
3.67284483442729e79
1.999885045647121e79
2.8299893224511838e79
2.1554355421702647e79
5.2628321248326784e79
1.7970519322449314e79
1.2849908833483036e79
3.861971470306252e79
7.727722493112627e79
2.4597485437023004e79
1.1425674358597005e80
7.231435926160932e79
4.1157861386842495e79
4.005685471761877e79
5.304861561185355e79
3.3502276875622915e79
3.6283340037191994e79
4.283805000629035e79
7.634372834014804e79
3.971505746856366e79
7.927898514915363e78
6.374590922474718e79
4.1454846098719066e79
6.092626352000423e79
1.531881602136487e79
3.727481533158308e79
4.5816663019354424e79
5.5955893421406674e79
3.261276132029771e79
2.8609040778335384e79
2.875171104241108e79
2.057004946095029e79
5.656614566312828e79
9.451122119715256e79
2.637827383482097e79
1.987597411158876e79
4.893497705346792e79
3.257423964448123e79
5.1083888063060444e79
6.340416389968178e79
4.244821004406911e79
5.807529073575289e79
4.323437805610779e79
3.893934227568515e79
2.6318769022050828e79
2.2719140155441842e79
3.982336646186261e79
2.5221550557513723e79
5.76831661513567e78
2.6567471589899284e79
2.9573053060327203e79
2.8549826979842775e79
3.284891610216232e79
2.262934695666016e79
2.7263720850126218e79
2.072676960142353e79
1.9456946441876036e79
1.3255281465557227e79
1.4627013893895732e79
4.40902126527201e79
3.886404726913975e79
3.642777892901034e79
5.402852145874123e79
2.3489340345430536e79
3.6455980303209615e79
8.80646665286172e79
1.518951911954861e79
5.6030976657417824e79
3.431863296027497e79
4.8944161900479875e79
1.5150952681251724e79
3.53342214607213e79
2.6817230849097127e79
4.7705795523541074e79
6.84062740881443e79
2.0980441144923306e79
2.0442408296005186e79
3.7213816911920144e79
3.0820266810739214e79
2.0710825244175783e79
1.4963857642835043e79
8.610155775094727e79
2.003025607640439e79
2.5169739400790484e79
2.9349836439159466e79
1.832561301947135e79
2.774709793672311e79
5.8972101082794867e79
9.430631036783318e78
5.2460968976615794e79
6.219700987586096e79
1.5023767238309212e79
1.1544567038583382e79
1.1176298151560477e80
1.4316528929365963e79
2.815275637236036e79
3.715924072934645e79
4.642751215011281e79
1.7482637364725907e79
4.5161885248460984e79
1.924240690167073e79
1.9531380805373744e79
2.9161180914425354e79
5.875178742911371e79
6.516094727291416e79
3.210995386121561e79
3.821624212612577e79
2.9489634666010928e79
2.7321391374721404e79
4.277370358452042e79
1.62096352123008e79
3.2257675038912836e79
1.8426576659566264e79
3.168826633625465e79
1.2831154517720447e79
2.942864707872908e79
4.1537954304323296e79
1.2768046843281534e80
2.732401334066526e79
6.800832341560628e79
2.026082812605145e79
4.0156762929279006e79
3.045346809732106e79
2.971730559830246e79
5.682543666720425e79
1.5792111997774033e80
4.895901489488902e79
4.021499629228981e79
1.214830390561167e80
1.5476540522349067e79
3.7151480915192045e79
5.695265107065289e79
2.3277688871475914e79
1.8886591665158007e79
4.6787548910739065e79
5.933986450728777e79
2.6444851419189402e79
1.781542234857921e79
6.681582483466599e79
2.7540215899584887e79
2.686917462674066e79
5.2819004171315324e79
5.028323800760681e79
5.4076775603569285e79
6.649109337773338e79
1.2469399337654043e79
7.117745956232584e79
2.503595942757667e79
7.403341338605187e79
8.478332149817054e79
6.145828342348275e78
5.2698020305934546e79
2.1690803287366374e79
8.9209027732307e79
6.161327909643965e79
9.977729108325963e78
4.8001908243136555e79
4.8084994498576585e79
1.0395648848583658e80
1.8457478762037523e79
6.403019353811472e79
2.828818792972537e79
2.7974700771842653e79
1.5859279838293434e79
2.8029110093604853e79
2.2703732431755284e79
1.5066810366214875e79
4.025561615134893e79
6.771100392827453e79
2.1358392024085132e79
5.7204204152862466e79
2.8341328933936915e79
5.94513787917794e79
4.570593061431911e79
3.370165130258147e79
3.374250322978358e79
5.137467665338276e79
3.474879879134958e79
5.0520573008510756e79
1.2241691666148387e80
8.019688577421971e79
2.1080053115861386e79
3.674372086302897e79
2.979383934368664e79
1.827829793958694e79
3.451119143116642e79
3.431480539233237e79
2.135741370686322e79
3.472472998862186e79
2.0194195007983624e79
1.8217663254995955e79
6.626506536470304e79
3.98164665065028e79
4.2996240963907434e79
5.96265059662475e79
4.9469948302849747e79
6.001065143125826e79
4.23350635874361e79
3.771750750452986e79
2.585102006745751e79
1.7430751181252335e79
4.6618216879494146e79
9.563108041214895e79
7.658842108818218e79
8.088970341716527e79
6.741667285968394e79
4.6987654793352514e79
5.882019043336597e79
4.41220465339896e79
5.7499052749272186e79
2.201178643505212e79
5.396780084011392e79
6.651464533080438e79
2.4904661606556566e79
6.544258419716758e79
3.7752109984704744e79
3.456480802221077e79
2.7680509278343736e79
1.1373648940184194e80
4.513010683432977e79
5.2037281161209645e79
3.34793869778243e79
9.06890372006097e79
5.1699649921978235e79
2.4948363467622584e79
3.846887016721339e79
3.6121964362333096e79
7.29112063838824e79
4.412368529072163e79
1.308378885305124e80
2.8760224310616164e79
4.556510227978465e79
6.315746731890081e79
2.3274226537858452e79
5.088972748380091e79
8.462546793501422e79
1.726126191858596e79
2.821002682317585e79
3.1543965894147774e79
3.3975136656880744e79
8.551751085453489e79
3.2039944491140926e79
1.371253925933393e80
3.7367831954226026e79
3.158110345437337e79
3.9787919843115546e79
5.2394507088235976e79
3.9034915989374177e79
2.4170009985114116e79
4.1698501239433515e79
7.469981302855445e79
3.373279592863016e79
2.830657162520485e79
1.6990554064287503e79
3.579632526655202e79
5.864800687109579e79
3.505077025191297e79
1.0629790902447717e80
4.948221337472011e79
3.892553230604008e79
4.003961337116963e79
3.509075901658777e79
1.5649733798243787e79
7.043048356979808e79
2.4196367211738544e79
1.6957175370915386e79
2.6988558155574295e79
5.2027708223327446e79
4.59067312905719e79
7.462548956952629e79
1.346449337378419e79
9.319759362297142e79
8.583493047626427e79
1.86976898141256e79
1.8069800210941836e79
3.883017492484548e79
3.0552532331067106e79
5.804659192187683e79
2.0903978358229374e79
3.0651809541957855e79
5.3766074650342594e79
8.898595707545153e79
1.4822848786210873e79
2.4225206156026834e79
3.7351302022013603e79
4.047842840147405e79
2.4574050586607375e79
4.6759926509895735e79
6.743237804104072e79
3.8909090321925945e79
3.4497052877583947e79
5.210816396729786e79
4.327454004499923e79
6.328420620417921e79
2.048235200479063e79
9.093832784862534e79
2.4338735746983986e79
3.203012281414346e79
3.7789200987683254e79
1.0481845228329481e80
5.280390629971446e79
2.689641675367759e80
4.497412751685036e79
2.7474078315711444e79
3.589232127233553e79
6.612376069634819e79
3.0953515244198985e79
1.3206073981024957e79
3.616229878502876e79
3.1957329836097604e79
6.366749695909675e79
2.632710222872955e79
2.806755076538065e79
4.2364382172937685e79
1.5319102725558293e80
5.634434018773197e79
5.15697649294587e79
7.913787425030755e79
2.2291880454834605e79
3.866499711837364e79
2.0972438244397424e79
1.3993171828996767e80
4.6946967077091746e79
6.105839071574876e78
5.1169524660078635e79
2.0558647878018213e79
5.2268614666767076e79
3.3590519510746126e79
3.25519532149842e79
6.188745949064481e79
1.9647829480139866e79
4.794362613895016e79
4.006705161794681e79
4.947970856564671e79
1.8070821700776826e79
3.592985992860829e79
1.5772722270334746e79
1.5486907040168314e79
4.2176696031459644e79
4.656879378777805e79
1.3436243938533295e79
1.0606436723871755e80
4.663785595813542e79
7.210151432530534e79
3.6795661265546445e79
1.9804882110913503e79
4.501842489482946e79
1.8362026787719032e79
2.929526688526517e79
6.46053660816819e79
2.6764071926617038e79
1.7992420729336917e79
2.3122641129756126e79
2.3671622160721216e79
2.912653536158918e79
8.468930513609683e79
2.8112092570755392e79
6.329474574413474e79
3.983110538706038e79
1.5898360943792414e79
3.6748758651005677e79
6.382040495298596e79
6.026961621162891e79
2.3303634124711804e79
3.081241801863415e79
3.819435685318162e79
3.7733461471861816e79
9.775233401173805e79
4.0020722974843775e79
2.6399014030720096e79
4.5264589748266076e79
3.8949499367732886e79
3.003419516518781e79
4.27210066928603e79
2.817573669044537e79
5.339584377269588e79
1.1040631029418334e80
2.6678278694687788e79
3.335689985355808e79
5.220756625311057e79
1.9143816713258876e79
