1.6216270985171554e62
3.4994418287744146e62
3.987416483740758e62
1.9229453015180295e62
8.686472492833491e62
4.84535791444954e62
3.789291936050044e62
1.8316975982115717e62
4.212239756038594e62
1.6802923161101738e62
2.696488127348008e62
3.631919270066863e62
2.5422769067093474e62
3.270559327729783e62
9.415024554474452e61
1.709295654365673e62
2.6522673418110917e62
1.6347283038692147e62
4.76762035109122e62
1.8891360563747557e62
6.714860060814263e62
3.9578338352123452e62
3.0816350090487623e62
4.679903653599168e62
4.1030134954497655e62
5.442001331579694e62
2.5737918246760827e62
4.0679427583399157e62
3.089916840129772e62
2.424404322762722e62
2.4669066584864365e62
2.9669040348596544e62
3.2499714568774245e62
6.383585894229101e62
2.0301370749308532e62
1.7148046270358136e62
2.9985597832689347e62
1.5284385132557466e62
2.2765063718993304e62
2.6768172480611598e62
4.0003231950417704e62
5.009731360659853e62
2.3798427491314395e62
2.9168974734190823e62
2.4001906590946186e62
2.1836335235889396e62
2.3057225185753466e62
4.608998968518662e62
4.8174549005578945e62
1.7028544809123718e62
2.6985710944773544e62
1.1865955207471695e62
6.04577942179254e62
4.895949468422692e62
6.540996710533324e62
2.0709745381323417e62
4.223000960424983e62
3.323405782301156e62
3.486630659805946e62
1.94787493158993e62
1.875873174277372e62
2.107467001314261e62
4.661549268749746e62
4.368754876717673e62
2.5075079051067465e62
4.073212681482059e62
3.458624934539478e62
2.4838668832687426e62
3.730405878344608e62
1.4984487144736247e62
6.010382101223722e62
5.187392090635411e62
4.429796379831821e62
1.706396069785947e62
2.591083896083099e62
1.3034079076025907e62
1.1318072059077386e62
5.084981532463151e62
3.143958199215625e62
4.0039294617536905e62
4.165418847964301e62
5.48605249762162e62
4.8227030144857975e62
4.1001797695400722e62
2.9381889717540272e62
1.1080909927809872e62
2.8119217748444067e62
2.93051925787928e62
2.1634840723952192e62
1.3359429253961887e62
3.1478002839095047e62
2.1436787758706467e62
1.4036461068550854e62
4.380606300283021e62
2.917166837881569e62
3.3998310697303596e62
2.405353133546152e62
2.749786647768559e62
6.615708140109028e61
3.7104076028155802e62
6.79707379906883e62
2.0741002047956015e62
1.2008069872553134e62
2.892080744144165e62
2.2418700176897336e62
1.340319206089864e62
3.8694433847225823e62
3.259005003385737e62
2.9648937923459777e62
9.727092227406016e62
8.68267263973843e61
4.249085002404309e62
2.670808952626022e62
1.8384458636439075e62
2.603481405603675e62
2.354525501418418e62
2.933295611944761e62
2.3186229449955843e62
5.6213552436474935e62
1.4321352691960741e62
1.4887958649200324e62
2.438989559847342e62
1.5584730126094093e62
2.487137367565096e62
9.12142334405467e61
3.093477144818995e62
1.949401930316494e62
2.4937575336029683e62
4.937746785729668e62
6.026503362378479e62
4.036029749239208e62
2.878755754322005e62
3.5089617395726986e62
5.210002359853223e62
4.138435987994908e62
3.708912421829381e62
1.2737892053365885e62
2.7844113417603097e62
2.5624183152645024e62
4.328073802037702e62
2.248251713219041e62
3.558664507602388e62
1.6003202787842262e62
3.212448407775069e62
1.7674677237821157e62
3.320592551247808e62
4.403141840709913e62
2.3483293616845767e62
1.718318091803927e62
5.048617755200595e62
3.1943096147361784e62
2.102660073141724e62
1.1631904950865e62
3.6609546325682833e62
3.6059085167867947e62
4.121840490015838e62
3.738227888461315e62
9.189668760018787e61
2.4238836794794393e62
2.7197288496820524e62
2.841526756844666e62
2.710494147784027e62
3.4780510093725083e62
2.471065521312565e62
3.00360933465956e62
3.772122215522217e62
4.15665715882678e62
6.094468877024903e62
1.2190714537514601e62
1.8181679809167339e62
3.69786649100948e62
4.195526118546541e62
2.0379867952382502e62
2.7970202906545244e62
1.7212024912173118e62
8.235207199262704e61
3.9066529801002067e62
4.621320797215352e62
2.497309364102626e62
2.50759324893303e62
1.2944213687904978e62
1.6182243187605e62
3.2850442264752403e62
2.466846535402816e62
8.412009574216647e61
3.2437093252721155e62
1.7216431639815656e62
3.064576748015268e62
1.484095553196685e62
4.21037033961712e62
3.8745689814665543e62
1.322148465099681e62
1.4233878987183728e62
9.497871353892931e62
2.59887622777981e62
1.9811068994204257e62
2.488678122364362e62
7.3264373669371745e62
2.0078869774876041e62
1.533785028000141e62
2.5594620263484817e62
2.818723077726866e62
4.75695192560328e62
3.0835026593327963e62
2.0494690591694198e62
3.109702382530785e62
1.9769712982676085e62
1.3994652779179612e62
4.656375528803694e62
2.1878013604694916e62
3.732929779190141e62
2.9911464074238485e62
2.67931010137244e62
1.7914506480446376e62
5.683256663281746e62
1.6032330601655105e62
2.228861780146556e62
2.253487741696008e62
4.839703874996947e62
3.179558665491834e62
6.696544068057524e62
2.962392289729935e62
3.588179054619653e62
2.0704348388895022e62
5.343590084839395e62
1.8342278827018977e62
4.226840142298359e62
5.462972591055893e62
4.65640474799314e62
3.739370934943548e62
3.319618185412447e62
3.3563938002359524e62
3.4062016713302014e62
2.588169737409899e62
1.2140689125019986e62
1.7898986427020303e62
7.480459263127603e62
3.5154568970257025e62
3.94710402229162e62
1.1001538080810696e63
8.864916139732832e62
3.134656227000926e62
5.295119683286356e62
2.5568451253740077e62
2.4484979441552565e62
5.943291438313387e62
8.469801682872884e62
5.373870805189751e62
5.11348890591849e62
3.311328174786274e62
5.119726705159648e62
2.8679666410134e62
1.6719406350023876e62
5.255024129341836e62
3.247076846901285e62
3.2525571519122657e62
8.251654382883964e62
4.7015493795368005e62
2.0679567331534014e62
1.161703043836275e62
4.003498062888858e62
3.757445429238766e62
2.0017679196778656e62
4.941762908746596e62
2.304721216524595e62
6.47162033725288e62
1.1546340870894816e62
3.6387843679909e62
1.5788730288018527e62
1.5401088395024567e62
1.9190309997676889e62
5.115033421356328e62
2.6093265455554003e62
7.244968098263408e62
1.5418632083869645e62
2.4145198937034823e62
2.6717981147626692e62
1.5016013574315252e62
2.7624113595007947e62
4.846244584534739e62
4.170420747320426e62
4.021429091892385e62
2.9252490351506326e62
8.264132823194943e62
1.757497928068996e62
1.4197962866786718e62
5.1096749692160456e61
1.7742981298414768e62
1.9888600501705947e62
5.943551376611592e62
4.4181722735834085e62
7.709458337727321e62
5.197170842069213e62
5.189444543200678e62
2.6389122881412796e62
2.6278898837743293e62
4.192590383193695e62
4.694365928415178e62
2.909871259467933e62
4.416995704795995e62
1.7960181417700773e62
1.988810199014793e62
2.0608857256806785e62
2.0949736598633363e62
3.079876690378837e62
7.971466584772533e62
4.062717017727298e62
4.0251312517162884e62
1.6564324164485653e62
2.336348582296692e62
1.7981743309312805e62
7.0085330119308675e62
5.745416819649608e61
3.7763382711794305e62
3.0346723760290424e62
4.470011964062109e62
3.35136945688498e62
2.9036794924170235e62
3.8464861925053427e62
3.166119992259006e62
3.554228830705481e62
4.28265930364915e62
2.439886019676019e62
6.340256534620753e62
2.131237196035391e62
4.540174442955033e62
6.036438883520047e62
3.394690516163199e62
1.7614865391721813e62
1.11353750456089e62
3.250436576689388e62
5.321142433373471e62
1.657259911157814e62
5.408170318945958e62
2.6710881532201142e62
4.339517631364549e62
2.0746467372741576e62
6.097311028799718e62
2.3841817888630004e62
6.236924662692158e62
1.8323058149093308e62
2.6368586801368737e62
5.332102883915546e62
4.0522451736973493e62
6.99160934730235e62
2.44024219187477e62
2.54008946121879e62
5.339171853553406e62
2.0071737744609053e62
3.9686939927952783e62
1.1192577546482186e62
3.954472311826667e62
2.589338750141645e62
6.345910682537841e62
1.3592401402312394e62
4.309346299007569e62
1.7879698167630982e62
1.182393314371793e62
2.1673710147778183e62
3.1496096130330007e62
5.9045766367802515e62
1.0996272316252546e62
2.6125708870922777e62
2.8559157901299974e62
2.299260669395422e62
2.2445312774798877e62
2.194206554842404e62
5.7014572441578865e62
1.9101607653632515e62
8.610150231459616e62
1.491136599146017e62
1.2459429064722845e62
2.342788103819162e62
3.2920165147390864e62
3.3982624064783057e62
3.2732067784159972e62
8.389558770042678e62
2.0641331067604414e62
2.447482604608911e62
2.6914786061918745e62
5.575793608388582e62
2.3588851646010254e62
4.888138641075921e62
4.582915714111507e62
3.2448251664162857e62
6.510633213522039e62
1.3778091624901458e62
1.7731487590527118e62
3.2973289649856564e62
1.0357908088832326e62
2.091734053822177e62
2.1270102530347123e62
2.4140524938447164e62
3.0358637310457335e62
2.3996006593302685e62
3.036998564066931e62
7.712833173796174e62
1.9573469301354808e62
3.992646304742957e62
3.578627969558058e62
2.3371505516062964e62
4.131477454472882e62
2.553049077316922e62
6.705420832490008e62
3.40269958431394e62
3.109610215007686e62
1.7521506597851857e62
1.3813737499163802e62
2.6989720781582233e62
3.1107417616448395e62
3.5070087922827897e62
1.9110460793514425e62
6.290089632133101e62
1.6599771521379893e62
1.0143165653339361e62
2.3804994554510903e62
3.216380625453018e62
3.2778308170028636e62
2.201253819195711e62
6.593471787562878e62
3.7348197114318313e62
2.360766561001524e62
3.017289672308804e62
2.68270724162119e62
2.446968941514035e62
2.597019196706578e62
3.765835672433932e62
2.7162919666426726e62
2.103987822092971e62
4.808997450550664e62
1.7475016185163501e62
3.4600188476061752e62
1.8511250360554391e62
7.577196323566496e62
6.49865945045809e62
1.8440001067400607e62
5.836302265414227e62
3.0437854894580127e62
3.600212293571338e62
2.5205395163512652e62
5.892658673949368e62
1.8280847716256825e62
1.9734209934022382e62
2.8036016509315583e62
2.613301552244681e62
2.783306301314879e62
3.4979975085869337e62
1.4590394898760023e62
1.9276119657744658e62
3.9717696441918804e62
5.9723421138968025e62
2.1178185013304144e62
3.7340112139012517e62
1.898202685945147e62
2.6697298536514437e62
1.4044876113496641e62
3.235014085349616e62
2.150867456493535e62
1.286126318150479e62
3.2536918012022073e62
9.440216447330998e62
6.849549144525731e62
1.0084942569365068e63
4.644174327467384e62
4.858692706159129e62
3.8763351985112795e62
6.231734791523092e62
2.927450180972191e62
2.793668029537526e62
3.531269361321236e62
5.907142708108219e62
6.978572454778385e62
4.935121487922205e62
2.962706135061171e62
8.87657813223492e62
2.0269585078967037e62
6.663563634636122e62
2.402332514504614e62
1.4964651294758217e62
2.726625993404338e62
2.7704575426031687e62
1.887408210267376e62
3.029795364176752e62
1.833708495407577e62
3.3299448712508717e62
4.638889180973324e62
6.21519944879226e62
1.4874426319438027e62
2.0416717986242536e62
1.377486580813381e62
2.0105260249519062e62
5.790414937189009e62
3.160269680732394e62
5.502951419747793e62
2.6217149386676635e62
2.1947037451783233e62
2.3812543477530698e62
3.756587279575373e62
2.4689043678451207e62
1.408081078252e62
8.925442310441461e62
1.8833494159901316e62
4.681261270284108e62
5.59280682570116e62
2.929157374014319e62
1.936386725365642e62
3.5187906214522987e62
1.7572348293565047e62
4.076130415555919e62
2.5497783659913677e62
4.611930699587163e62
4.319888004191701e62
5.84351893652784e62
2.875723080303263e62
4.0303836752570243e62
2.7924063362629765e62
1.0410045136349822e62
2.348281195453082e62
2.469677328614827e62
4.395257822072859e62
3.183326294956828e62
4.0933145460774553e62
3.391938370625858e62
5.542251915389987e62
9.127604889048327e62
2.2336377593979094e62
2.356601433845265e62
2.495644260055595e62
4.889038494907277e62
3.0854483674454336e62
8.784648466256172e62
1.8080338856783605e62
3.9486516655471806e62
3.1727127516500884e62
4.210366559421106e62
2.1826507737205835e62
2.9242366538975844e62
4.901421556097668e62
9.693475378555672e62
3.6565380657577014e62
6.823017420503491e62
4.473355095787869e62
3.9054321788700336e62
3.7245791307011774e62
3.827594058111848e62
7.861872437422169e62
1.8688802821652596e62
2.4452206601411483e62
1.1534500246244758e63
3.533559823417881e62
2.0110619508980667e62
3.2828333896283716e62
4.619173034851966e62
2.7011687746698167e62
2.9827458998441345e62
3.0969960371124527e62
3.40678801948445e62
3.4993015370315386e62
4.905217923073417e62
2.2979214742845474e62
1.4336985591714732e62
1.2769978724587185e62
1.554359654826972e62
3.2146985384913105e62
2.832327223230224e62
2.0658494465572127e62
3.758528763302022e62
5.129900522388099e62
4.602948154238508e62
2.715345922092825e62
2.2242022799120267e62
2.59358894340317e62
2.7492944729556693e62
4.416309912205955e62
5.091768291244259e62
1.2204516952764848e62
1.4046840118464438e62
3.6398013042264964e62
3.939157947834969e62
3.3966127249009614e62
1.481470106349463e62
3.5599678408351894e62
5.4082924415385015e62
1.5686962045653467e62
4.6994542414993105e62
2.071610853080721e62
3.328541462427903e62
3.684456209498724e62
5.457493384894043e62
1.0165072991539563e62
1.1795434088318198e62
1.7825110705013716e62
2.1486710057712453e62
9.805773930387483e61
2.233259882306549e62
3.8069257213545456e62
1.4076212529571173e62
1.7204832509307027e62
3.1270430451771687e62
3.3150141946868934e62
4.6640498650841775e62
2.167516479101647e62
2.1470677020098383e62
6.487800178273286e62
3.1151401029174246e62
3.4819567581570784e62
1.3507355922299275e62
2.0363785816124067e62
2.4094373418528727e62
2.083499545468078e62
1.7883520045218583e62
3.6777787811657627e62
2.8184709498988026e62
2.034415174561888e62
2.766994912063021e62
2.662536690505839e62
3.1351074065452206e62
2.0373951688292025e62
3.208110614995516e62
4.773001780527481e62
5.074473882973999e62
5.08627866820157e62
2.7986933494636933e62
6.188552524077892e62
2.1189934073234844e62
1.4499278162555688e62
2.9244535224504604e62
2.9349705382891603e62
7.092451638374575e62
9.948244462814912e61
1.9723904373071438e62
8.961074703363548e62
6.713469051726607e62
3.7707606304426244e62
2.001546768364381e62
1.3607530625237306e62
3.374316448890225e62
2.6238263711880956e62
2.521163464298411e62
3.0314169479371934e62
3.0357976222531326e62
1.7836315260718588e62
1.9562034393360467e62
1.9902668176715635e62
4.5989713430678355e62
3.0200098536264286e62
3.0637512117863647e62
2.616348059428762e62
5.067456779699049e62
4.731462199021985e62
2.1441954233132693e62
3.627992515903523e62
1.6994536411973626e62
2.026090214577639e62
1.2428446134880263e63
1.779571776273381e62
2.6576638143875696e62
1.1151465495446476e63
6.350642535886871e62
2.5245538406227265e62
3.833351553169703e62
8.518395550736763e61
2.815397978387983e62
5.027169874290265e62
2.808335221915634e62
3.2542124781373118e62
4.375321694915051e62
1.3883869732273007e62
3.4481008542965976e62
3.8535393077106885e62
2.5552012840630217e62
2.9524412134596785e62
1.5998750627545439e62
4.834365487322142e62
2.942205824196231e62
1.6889533009638426e62
2.578552879126405e62
2.4717037610766807e62
2.6496494119103383e62
2.9455998229335647e62
4.481292583924981e62
2.410785567069364e62
1.8754127357443913e62
3.8357505528101556e62
4.989396501976344e62
3.3117059225507286e62
1.2737616237122473e63
1.87120797956171e62
2.4155402127839393e62
2.4860839525191587e62
5.956624952621107e62
1.8160799523962342e62
4.314881990048626e62
1.78880376090646e62
2.0777137532760524e62
6.714721977922621e62
3.3399148016656963e62
4.11809793600294e62
1.950945201442017e62
8.650193698577747e62
5.334938229450274e62
3.315108367357607e62
3.074606005398703e62
1.9339649302880169e62
1.967330296533291e62
3.4348216166015933e62
5.104787029429784e62
3.50285581652416e62
6.808827233983784e62
2.4695757526454874e62
5.627664192673047e62
2.0375194100860347e62
2.6304277800420856e62
1.2883081037776014e62
6.776180651914855e62
3.808086808924628e62
5.681065488850285e62
3.1351927010765198e62
1.2075093681645948e62
3.2605331718474993e62
2.588692293151047e62
3.280636649571075e62
4.848819555021251e62
7.600420996848708e61
2.721226036729139e62
3.2645843196781236e62
1.567127490029594e62
4.663416749699349e62
1.1335472364537272e63
3.99764312957478e62
4.726753585178556e62
3.2006189027590395e62
4.0808849308632814e62
2.1083483558632306e62
2.0847174090756184e62
4.388083294669518e62
2.240860374795342e62
3.431613070961641e62
1.958709608546478e62
5.871139070440445e62
1.5990473139429382e62
2.916033629862514e62
4.653042161325553e62
2.1676019884994126e62
2.0584799370741886e62
2.0768135276773137e62
5.156898288620612e62
2.6267594846936607e62
3.271934626079277e62
2.7733648535464364e62
4.895324046687972e62
4.522154081888459e62
1.9480097508702478e62
3.2860424823930462e62
5.26219612730886e62
2.5755274004658245e62
2.7477911008142024e62
2.8814839907431925e62
2.9859489257802464e62
7.989567313086032e62
1.156921347176491e62
3.5381527238314778e62
5.836928002440765e62
1.6360427527182344e62
1.9939524665566747e62
2.494520770075473e62
3.7811771696205194e62
2.145354661084582e62
4.520363863104131e62
4.380348122900321e62
3.651801359047178e62
4.427276988648405e62
1.8498904913415314e62
3.5259550802066717e62
2.4847275302531015e62
3.72258882714847e62
3.9755355357325407e62
2.548123363868015e62
4.191712074323997e62
4.140179776656121e62
4.491890581812852e62
1.346926327179014e62
3.8868590449476787e62
3.449059128713155e62
4.469808917683926e62
3.2200492320337237e62
5.506073110879826e62
4.7492161353659515e62
3.366510864545852e62
3.178911496838914e62
3.4650945086708636e62
2.2024893397912194e62
3.112491318144393e62
5.268628885850427e62
2.810407137100334e62
3.3893128699671075e62
2.4313074609882047e62
1.514967836727616e62
1.4635756842438524e62
2.9406519824372023e62
1.0188983064575746e62
1.3754174624285339e62
4.282784835844031e62
3.463901338581312e62
2.1257817564393637e62
1.8100180655418663e62
2.1949518240002987e62
2.9881501046936573e62
4.381559853189906e62
2.8763936401605786e62
2.4853664901650975e62
7.016465801832097e62
2.0003213661725764e62
3.776011881089821e62
5.317912787499385e62
6.098286688936429e62
3.517890022122222e62
4.49157497031898e62
2.0490396295313027e62
4.542156931835344e62
2.8581238741748116e62
3.0150435359379855e62
4.449784094683593e62
2.0477828124681356e62
5.726832595382527e62
2.142025901393894e62
2.459589319984415e62
3.332106639467845e62
2.1428704907085965e62
4.70377908544826e62
4.0740546000683757e62
1.841540931413143e62
3.111078614005018e62
5.125807404257361e62
2.5225975212316698e62
5.79669302640936e62
3.3027689811445397e62
2.318571799032827e62
3.952655382509179e62
2.6686449563087636e62
9.807552982928669e62
1.3234008182175447e62
1.6312394531536348e62
1.8942281895495415e62
6.499829567986357e62
3.3158981362801313e62
6.804805283359957e62
8.827488617837364e62
1.5902838428193798e63
6.967073181197261e62
9.56819852302801e61
2.70934317841451e62
1.857077428359889e62
7.113000032884071e62
1.4847356709253014e62
2.422442024430413e62
3.9498730793724184e62
2.8801575641436445e62
5.27170029458939e62
4.080749638978411e62
5.438791094159314e62
3.0833906550397324e62
2.6513862495064273e62
6.552521984038216e62
3.242040337705397e62
2.5583643546840147e62
4.355815168296762e62
5.049265572913549e62
1.4998908253607398e62
3.1005147435063452e62
2.263071383124458e62
1.3623088119576472e62
2.6941291175959525e62
3.4172746945128473e62
4.59297119490311e62
4.306372390096102e62
5.554501926599218e62
4.05899565265353e62
1.9293327812602943e62
2.6766342332877905e62
3.4191425818705047e62
6.661778642164109e62
5.120100608881759e62
4.431018974090614e62
2.321665772234134e62
1.58700506768095e62
2.033930948652746e62
6.3897700610213705e62
1.0297549475004467e63
2.6260154771115722e62
6.667706059379762e62
1.9822359430544735e62
2.8554561063960783e62
2.4861067509626117e62
3.124443762642646e62
1.7075083752361557e62
1.321013763029608e63
4.745408207079773e62
2.3964511592405147e62
1.6978916262549958e62
3.4366406810147106e62
1.1024262003239812e63
4.092605846828801e62
3.648986392955323e62
3.108007350211923e62
2.625490686762755e62
4.253516426581332e62
3.5597589315609166e62
2.6765427093318927e62
2.9280309015627957e62
2.8761703744905434e62
1.4286112192731106e62
3.559578514130593e62
2.693110386241187e62
8.195573598509514e62
3.505339885103648e62
5.128601829776518e62
3.852718736427151e62
9.597577743144487e61
1.9125083704875391e62
3.685812403032768e62
4.421462666565802e62
3.358071039210978e62
1.1477320487896368e62
3.037939277658842e62
5.952972945468976e62
1.4888816016926643e62
8.110755579054602e62
2.6223688661390855e62
1.2637528928810756e62
2.0413079862134248e62
4.779801208107987e62
6.8662080693603595e62
1.320004719109821e62
8.544153588434324e62
4.263174630633533e62
2.4793168623396684e62
4.821280062544625e62
6.366611879613823e62
4.0602605128759804e62
2.76892185954556e62
4.120040707794118e62
2.603610852956273e62
3.1187922129982785e62
7.183266293225812e62
4.523651215395813e62
6.2834898779015135e62
4.704692911596014e62
3.3407057546270805e62
4.247039565616454e62
4.49653104740596e62
5.3640122605294115e62
3.5556824875755843e62
2.33110022810687e62
3.3498615854772875e62
1.796968650058888e62
3.3961745727134245e62
2.172231566735259e62
3.912295469313125e62
4.0539524982855302e62
3.4521706557868266e62
1.7658135073974173e62
3.3519745866613233e62
2.6706384460424743e62
5.078752894016535e62
2.2112342596433254e62
4.8523161427562145e62
2.745030866059295e62
4.086526346918346e62
1.9634795525105806e62
7.436728822262583e62
2.9591713726837436e62
1.5305555577194764e62
6.1853066369854975e62
3.2734378324096903e62
5.382763793433039e62
2.7396877056789653e62
2.2257110676906373e62
9.182938675016115e62
1.4770794749192233e62
7.208431755624683e62
5.341719432793349e62
7.644169617479901e61
2.5187519081297295e62
4.446347060410663e62
4.7342562534470805e62
1.8643772947728452e62
2.84118197572066e62
2.1200984485909644e62
5.9484018316147e62
1.1900346009044776e62
2.1479861975229277e62
3.05446275694475e62
8.924643949363255e62
3.2524974666921067e62
4.0306934841468303e62
9.073401083759496e61
3.241778907280607e62
5.148791016869118e62
3.6041615665964474e62
