6.85359843694135e98
1.6747346952269572e98
4.8050745076579345e98
6.023622652837701e98
6.491893713407301e98
2.541432102890257e98
1.4696354557673473e98
8.529462433774338e98
3.087525831604806e98
2.759650535447788e98
5.207349725700526e98
3.096439243480628e98
2.959192595263118e98
1.396497426119907e99
5.169621141324587e98
1.3539932868015521e99
4.654929027552668e98
5.796011438416656e98
4.469411449591439e98
5.801939383470154e98
1.4524467713071834e99
2.7458849336040145e98
8.400505998670517e98
7.194423651430509e98
4.243607296702189e98
1.3506538650839455e98
6.26346611583881e98
3.8745145808285584e98
4.7151586361603806e98
7.403963954514951e98
6.951227252046966e98
2.749494942559485e98
2.97506003028066e98
2.3393906459494306e98
4.346000549485928e98
1.9476766269925485e98
2.5709159342764715e98
5.298993619812311e98
6.128695537946082e98
5.52817620032847e97
4.217306142195915e98
5.36683296307075e98
1.8911619370189804e98
1.1676211156636697e99
1.0282284091777172e99
3.5152429334029913e98
8.010862620674723e98
7.615855390629207e98
3.776134576830032e98
7.161359454511517e98
5.713980292889242e98
2.903058324594209e98
5.919154137565648e98
2.2755937502724857e98
5.3274276427499546e98
4.997439855875068e98
4.8598321071195466e98
3.505144126600215e98
1.6620509947383447e98
1.5687277174811269e99
2.790620087478432e98
1.2831093699326703e99
4.649703462165842e98
4.103745157447767e98
1.3515414713094581e98
6.122616781855464e98
6.77481112381275e98
5.635100021934397e98
2.6294361643146457e98
4.0629569500762565e98
5.258852828904057e98
2.3683148296066672e98
4.789445331338996e98
2.362812735459959e98
7.382578244691007e98
6.194556064952249e98
5.589594792950434e98
3.420507162955411e98
1.6123223921415776e98
3.355126117053418e98
4.307782426271771e98
4.715674517360336e98
5.069276196037417e98
1.9314960595943817e98
3.1350134759307506e98
8.171001372050691e98
3.2464489820459884e98
6.15314307487101e98
4.737729238212688e98
9.716805346571962e98
5.0673375350544746e98
5.287629004536003e98
3.166184146044585e98
4.287154508986756e98
3.395099807360901e98
3.481309248830851e98
4.374550786664271e98
3.468574069025017e98
1.1235622769400774e99
2.6087271299788678e98
1.9775887410444217e98
7.95776433914172e98
4.251851190635364e98
5.070790508791027e98
6.094080953839133e98
5.495413804155288e98
3.9431820675612185e98
2.638274296417092e98
2.7244998603077607e98
3.6147047865048254e98
1.614206290591026e98
2.6154563665637743e98
2.337386751946966e98
6.235799528825363e98
5.736334336250724e98
8.727581909322758e98
1.5651695730457646e99
4.564600296364128e98
5.2207767847694795e98
2.7034969965857146e98
6.006556038231067e98
6.225563396673789e98
3.6809513244765946e98
3.719388218739715e98
3.554968457749409e98
1.8561981559959284e98
3.959876889826003e98
1.2379578514707486e98
3.0426893391797604e98
6.132115825418047e98
2.874319763221892e98
1.946585665702522e98
8.737483269515886e98
4.7862358895390374e98
6.122351847611954e98
4.908829000986138e98
2.0572020036899742e98
4.380641378784488e98
3.092885135429884e98
6.209342137835223e98
6.616349401821363e98
6.819907070991254e98
3.5775387553563565e98
5.204784977551132e98
5.977329968921541e98
2.373143740251951e98
2.9552933208689377e98
8.304617561737711e98
3.034720145873887e98
7.187578627652934e98
7.255062729097939e98
5.0586425258435984e98
2.6819937370904275e98
2.855896196093895e98
8.689520879174632e98
7.28565317630095e98
7.734357082927178e98
5.0400857551443104e98
6.934393950525865e98
3.5433924940115673e98
9.284912774738112e98
6.603888146171155e98
2.5121691757691164e98
1.5711493419793242e99
4.2238693429156616e98
6.918707900260083e98
4.863968995985706e98
2.4322469448470092e98
3.900184200705626e98
5.596362861767907e98
4.2121199924713466e98
2.4928917669375245e98
7.283939900316446e98
3.3504177769731046e98
4.4753658840483814e98
1.7892929240304288e98
3.0910894124484036e98
5.521273628782628e98
4.581556687111976e98
1.0077554767458319e99
2.9142648933399205e98
2.724576012623033e98
1.8104811289769648e98
4.65125207412346e98
1.19720614597222e99
3.494861343768041e98
9.792738045470036e97
4.1001189653321406e98
7.758624843158916e98
1.1399141189434719e99
4.5144557888685085e98
7.791348807368689e98
7.788535845830519e98
5.0166524943070194e98
2.5214953084111455e98
6.552121089981214e98
1.0043244556864108e99
6.468228763655274e98
1.5441119973814604e98
5.640736003195623e98
3.788087062493222e98
4.083911938473446e98
3.0608022564034354e98
2.2158408721304346e98
5.922836768311092e98
5.3400907821129846e98
3.515917277666379e98
4.790784710570016e98
3.6400766176081006e98
4.3504057061295324e98
5.664789273130612e98
8.107381991616869e98
4.1167182876095376e98
5.971580234006801e98
6.022938538011348e98
5.727648440750212e98
4.1247919666453907e98
2.087621080002217e99
1.9712865255569733e98
3.868359776989466e98
4.335926302109253e98
3.936242090447116e98
1.66847929190794e99
4.302527932332347e98
5.267657792132726e98
9.673946252321899e98
9.730093890520218e98
1.0484392687095193e99
1.4731247599920084e98
5.620405965642929e98
1.709399055556231e98
4.06053278899786e98
1.212448368026701e99
2.7163480483687965e98
5.07015013309644e98
9.111299895143012e98
5.870525078419878e98
1.0074773134846868e99
6.37812282581211e98
3.302644839278023e98
6.416669932350452e98
4.311127275228077e98
1.1798510108131749e99
3.785349158231049e98
3.375796921297292e98
3.970060573184235e98
6.814713477397983e98
6.476253460806407e98
1.6217285648201316e98
2.6312351969424142e98
7.660632749114443e98
4.817966894334015e98
8.940570589754588e98
6.029561354754436e98
2.1893070925679303e98
4.829114127740115e98
5.828720549641185e98
8.883199314469163e98
2.3579336688670104e98
4.4372702241264773e98
8.746922923815837e97
1.7007464978934097e98
4.524546513276278e97
5.078331538701373e98
6.749158680283598e98
5.2413659709225963e98
3.670094467595699e98
9.900393630853114e98
4.180022384948403e98
6.327777435173198e98
5.673946765627527e98
3.5895595218024435e98
3.613246716515441e98
4.3853877867866875e98
9.691254202005396e98
1.2054102370659477e99
8.02416715792771e98
1.4703898863838522e98
5.730388215760281e98
2.5823908455226383e98
2.385571715029855e98
3.415287719052197e98
6.478318730629809e98
1.1693085340759332e99
3.439692066354614e98
2.1431307650240458e98
4.699616031935037e98
2.877592442080788e98
5.416656241330972e98
3.511927347550018e98
1.0057161051559644e98
1.296425885988761e99
2.6977283354290926e98
2.929563819968557e98
2.439118404962604e98
4.113374643895729e98
5.834018043943235e98
2.012099631212448e98
2.041611102157351e98
4.869271174226276e98
2.7065208831718157e98
1.445657368177286e98
6.946635535514737e98
2.377032968626483e98
7.63378817005465e98
5.117515512584054e98
3.2131542061052095e98
4.616942063430971e98
2.473150823747421e98
6.219605066895173e98
1.3785131212006317e99
5.0779035786742925e98
7.180840129491837e98
5.159731717535091e98
5.851146782163827e98
4.2297034104387204e98
1.0508410755562481e99
3.447008462214529e98
7.006485952597275e98
1.6111064244159073e98
9.532623330188031e98
1.7805986252099107e98
3.347262821611543e98
2.646179822439086e98
6.462263175692065e98
3.7099153668441265e98
3.0590732118997474e98
1.3115985239097514e98
2.0682844878768013e99
4.280007895267283e98
4.4092998040151664e98
2.1790331996446533e98
3.3886925399071104e98
4.0114070706483015e98
2.5445939138392234e98
9.200159457094014e98
3.32473616773089e98
4.678526330230338e98
4.0047491468039375e98
3.870223705053053e98
5.446113581108082e98
2.7274116830826928e98
6.805017646486314e98
1.516021640833932e98
2.7583861002945277e98
4.4001677592868647e98
4.171798119992497e98
2.622933183554986e98
4.663930828203384e98
8.425753192402658e98
1.37782989851058e98
7.581433798103097e98
6.5910850266959e98
9.284481392172169e98
6.200024495398367e98
3.941300464984712e98
7.308768316950756e98
8.827061724637279e97
6.890548519385644e98
3.910579588170822e98
1.4508346325086813e99
8.677589835147806e98
2.2573256568122954e98
1.0723531261164814e99
1.875532084763144e98
2.6232584222758972e98
4.8252961570338496e98
1.5218887040296973e98
3.983612206000368e98
3.166980105803612e98
5.611183537229572e98
3.6169032732826496e98
3.847823122609725e98
1.648273949237999e98
6.001036364375687e98
6.515927204374934e98
2.284239268162516e99
7.636142944392316e98
7.745378987411648e98
1.42389254505254e98
6.08439112268909e98
2.3834733614458815e98
3.872020458056301e98
2.8176681134466213e98
3.0980241146925553e98
1.0400256835284651e98
1.0482421484023702e99
7.441852247556076e98
2.2648720999626494e98
2.9907669796027846e98
5.949892174545188e98
3.10562831748128e98
8.132210237482189e98
1.4081555956078153e99
5.243444795810611e98
1.8610190820114095e99
2.1500538185353966e98
5.76945941774831e98
3.29243615251278e98
4.194836065770262e98
3.190615368472084e98
7.13555969523158e98
5.013174243424778e98
4.3335470411468705e98
2.344938919025727e98
6.34764102119519e98
4.074506798959623e98
2.54435262610064e98
6.066163524724075e98
9.556807502358275e98
1.508087504041365e98
3.5885096343135265e98
4.7248297263847206e98
7.841938494722489e98
3.9251562272753467e98
6.720806994567582e98
8.620278437486816e98
1.857018051380308e99
2.9061262837427836e98
2.0781379647165044e99
3.8790021794096476e98
4.051862805543326e98
6.67881654536738e98
6.970422363294275e98
2.197343643747499e98
2.0863215783904778e99
4.8941736543629476e98
1.0196331161519595e99
2.0899018222517576e98
1.8055873643387388e98
9.322022111631863e98
3.543358899002354e98
4.02206483398989e98
9.74449267184625e98
3.0565693261149387e98
3.220542968965278e98
6.56209575097009e98
5.0349621678783754e98
4.630688496413076e98
1.5310593137989177e99
2.4326967798884165e98
3.266074974763822e98
3.822761321649842e98
3.6616167557726936e98
7.59471480675028e98
3.135562976790267e98
7.787025955953894e98
1.2661858532274307e99
3.789375123211787e98
7.181116644209547e98
2.0013411550463557e98
3.50467333960319e98
7.667977171947078e98
5.604003479768289e98
2.9084517161222577e98
5.163073107410123e98
3.201813561497252e98
5.646169400987714e98
6.758479429788869e98
1.1270735072030817e99
1.561667866358828e99
5.391299730959325e98
4.382501615593038e98
6.064891809850105e98
3.002278095773298e98
2.792337613593922e98
6.305741354017594e98
2.9847697864519816e98
6.563794762957421e98
2.1156190578859188e98
1.9828601124183466e98
1.74695394074938e98
9.285993941656575e97
4.9682353474159926e98
7.447632590383146e98
1.9458049745489578e98
4.578157087521904e98
7.280449312233408e98
3.9875857628108645e98
4.2876458594697724e98
3.02539138856597e98
1.0946786787427484e99
4.99054033326496e98
3.298959237065842e98
3.41693707946386e98
2.2289193220568375e98
9.087220873326139e98
8.179729607250218e98
9.471205377471166e97
2.0324133418077506e98
4.7568827339211115e98
5.824833025533655e98
5.54996399589027e98
1.3132150536695778e98
1.770911760698118e98
8.270234338700903e98
9.947058155083008e98
9.004081041342038e97
7.561604090121916e98
3.8511061955516277e98
4.07725252440042e98
7.699291004332358e98
3.3521725002423606e98
6.964879011342418e98
3.9011117210117205e98
3.9628793024490395e98
3.962600863423298e98
8.901040799887905e98
1.7376673495748528e98
4.405351106005836e98
4.935026898301373e98
7.994518312125697e98
2.7952982471698727e98
3.542225050478296e98
6.54431684205475e98
3.827570277934688e98
5.839605253255843e98
6.604333255799761e98
1.236936349700894e99
8.489404987639859e98
4.2413835307785587e98
1.7096464550645192e99
5.0335469689767476e98
2.5761453752238506e98
1.7197820198248312e99
2.3291115152020796e99
2.880953786217122e98
3.195315748167233e98
1.1478051925007369e99
5.122902710892265e98
4.3679322050746864e98
2.310816626034261e98
3.559979068696994e98
3.7045463121311685e98
2.5060160343549873e98
1.3095330765794391e98
4.9460588708923236e98
9.342922626313256e98
1.1071062252132833e99
4.570482366413882e98
2.8202093177589553e98
7.073724126589059e98
2.6446702979164327e98
9.822421802239549e98
2.710117949260373e98
2.58911589488405e98
3.323862870510811e98
7.371411776599865e98
2.769130615839791e98
8.021465032296464e98
2.1341549409340835e98
5.606527701735494e98
1.4770375081837093e98
4.989168857014978e98
4.899792050633529e98
2.845923751041255e98
3.179741998716695e98
6.965738538574983e98
1.5364709121408578e99
2.416419397904904e98
3.383434175231624e98
7.025535287426392e98
4.5028517366905984e98
3.327523596521248e98
3.725517181579981e98
5.276098166107328e98
9.388007190492791e98
4.697629227171695e98
4.01478411707034e98
4.142642835849046e98
1.1299159797758193e99
4.205985417032431e98
7.706428690782634e98
3.226005110673483e98
2.605043939224563e98
2.6022453314467e98
7.884783880678829e98
4.7721882799547114e98
4.485294647982261e98
3.332143354890065e98
3.305297144973875e98
5.352409134974819e98
3.18817912212146e98
1.0049927174557133e98
2.1869153866729698e98
2.5875836539578262e98
6.745360545264834e98
5.0128480668559006e98
3.725604172582705e98
6.178008622617449e98
4.046788377286264e98
1.8043242982718554e99
8.999849843499985e98
7.443011510679433e98
9.04419946642955e98
4.0134837701686867e98
4.112564045853608e98
6.759888423275463e98
4.3334873705123683e98
4.1952806285772364e98
8.845337727688818e98
1.2997458196302136e98
6.612951960965643e98
3.561170104109702e98
7.736417024718133e98
2.7006607889615693e98
7.507117623592939e98
4.404596922811971e98
4.108965614902401e98
5.731132219089529e98
2.426482442061958e98
4.178819456819914e98
3.81180358542113e98
1.1875786928022919e98
6.80585507903291e98
9.01873718303348e98
5.814297683691371e98
7.137993922142405e98
4.3334594892796206e98
3.973171062005283e98
8.987191004824166e98
1.8314084403497614e98
6.1307776684146e98
2.952138610908801e98
2.32661415062645e98
5.739636024163915e98
1.1594114108665518e99
3.849039289523353e98
1.0610042779109208e99
1.237733677407198e99
7.65315252370998e98
9.058203459236182e98
2.6042467410980728e98
4.524298541610199e98
8.727380531415951e98
3.316461904916747e98
1.353720109278877e99
1.2403477973815812e99
4.620109983893061e98
5.590436096119607e98
7.960360860131422e98
6.074585117171476e98
5.735717472075676e98
1.4770740748652985e99
7.488124243365058e98
2.825353713215553e98
5.711442484468986e98
3.6381914207328986e98
3.75225114535312e98
7.917272259217756e98
7.217814454787052e98
2.0214894011472376e98
1.1458362510170147e99
1.9789584266470517e98
5.665009566077106e98
3.866822698286649e98
6.127481858388049e98
1.8914087558900952e98
8.205207471428895e98
5.902892999052026e98
3.55487663917011e98
6.275275244452363e98
4.311795124201296e98
7.952867467422408e98
6.831618500174408e98
4.8658507936743935e98
4.249411863639944e98
4.9074705830408424e98
3.2941169433694075e98
1.0018254489892443e99
5.455663591744242e98
6.686338714440946e98
6.220556940148142e98
4.9919911575704637e98
9.785800144992088e98
1.5114948025044313e99
8.98323071323112e98
1.1754869549376528e99
6.79032914533486e98
4.4597853129271866e98
5.945695143960689e98
1.7205940207490041e99
7.445887624236383e98
1.0044061911393286e98
5.518174976929962e98
1.6059947428026746e98
8.357713841022624e98
7.190299801691267e98
2.0389083563957984e98
5.646371748344643e98
4.403161328535113e98
6.003685040029956e98
2.0776864260500205e98
3.867074786110802e98
2.5214036409914056e98
2.435674066072439e98
4.2196423284177294e98
1.622851915169588e98
4.0908754679456e98
2.3244686045733272e98
2.070549011531824e98
7.355042832058147e98
7.857373359464237e98
1.0123109392208606e99
2.6261604724967983e98
3.9713923955297974e98
5.012310798816706e98
2.834890242511092e98
1.0156464935158645e99
5.1891855897492506e98
4.4138831743590724e98
3.0655848788516594e98
2.0300013448899098e98
1.978340787254536e98
4.052753691654499e98
3.902322261624865e98
2.0189139755201124e98
4.263658481033616e98
6.34380074837559e98
2.7085424120847185e98
3.0374056675062764e98
2.0361867491184243e98
4.110943032446914e98
1.1320827917250778e98
3.2325411309816156e98
2.612489751352357e98
2.495328677739393e98
7.088869091769872e98
5.276853818269144e98
2.1941554176697445e98
3.177583988902112e98
1.213007982563423e99
1.3782452896533046e98
6.720005239604033e98
3.492597794485324e98
2.569190906997772e98
9.390193595176623e98
4.0203323303017894e98
1.7952280862832376e98
7.116614312939368e98
4.418761122051631e98
3.993439001840943e98
8.229665042274006e98
1.7705968985990023e98
3.7464965043886825e98
2.3812521667893768e98
4.9552758202456904e98
3.5064062855537633e98
1.2100669746434145e99
2.362220891872003e98
2.8359825230759144e98
9.77301519732467e98
6.789209888987175e98
2.5482427095037806e98
6.635649646386417e98
2.8443735438787053e98
1.4497165300924503e98
4.6492715930515116e98
4.9061975252128515e98
4.4295524265970476e98
6.851317531176586e98
7.746427091906632e98
5.1667494243221e98
4.637388328111046e98
3.864372927151395e98
7.477606961279036e98
8.359407168314165e98
5.998073842709891e98
4.5735585104527834e98
1.5556964474760437e98
7.50151142757873e98
8.004140012963486e98
3.050106006623599e98
3.3813796074846457e98
2.5969468880532574e98
2.8735222105782926e98
3.3460701182671615e98
8.722381896743948e98
1.1298208689655633e99
1.0124245000750905e98
5.200059943271757e98
2.091761145370682e98
1.090270906198185e99
1.2835953891543296e99
2.5974328207592815e99
2.4415645434342784e98
7.653106055751118e98
1.6291874839731658e99
7.15493426119718e98
2.941413350647039e98
5.40945903547822e98
4.755691150558638e98
3.126460755838582e98
6.461112122100636e98
4.6068359221517e98
5.062448199071674e98
6.332628097326095e98
4.5983489511334627e98
3.9731451364325475e98
5.2295559703441956e98
3.413243270151507e98
1.270917812333483e99
1.1195453277738017e99
1.0603792219328917e99
3.598231020102964e98
7.677804138343053e98
2.5209084617112135e98
1.9655763230712536e98
8.588188381927137e98
3.1570700221592946e98
3.484258800985506e98
2.25128671120234e98
1.3878120838171865e98
3.3191035762527134e98
5.887514797338463e98
3.388944523213816e98
4.403459168591976e98
1.4926454407043995e99
3.94872012727775e98
2.109232178960982e98
1.852922363969119e98
3.269428843988207e98
4.888744790595137e98
3.0278825194548247e98
2.5875606541465913e98
1.333864742775177e99
5.03504036895129e98
3.6204110745735516e98
2.948940434213095e98
6.011954672077995e98
7.644147595601659e98
1.9479422565153125e99
1.5957767695310636e99
1.642413828209737e98
9.350074939328277e98
6.410252163146677e98
2.12946777999879e98
7.257645240178819e98
7.575688114008402e98
3.8234166324384144e98
4.497322389900823e98
4.49135616113736e98
3.884795158357456e98
1.6335804288062325e98
7.958841239844653e98
3.0869624741263233e98
6.683756816748662e98
7.621013812065796e98
5.1167287965401936e98
4.1331484223678235e98
2.0214229827970265e98
1.225828452485141e99
2.6366524871409758e98
4.0270099416449116e98
8.784619445753117e98
1.8742453280123757e98
3.3282707102663833e98
5.011242406834267e98
1.3897501996769937e99
1.6540588688041325e99
1.3991010928522927e98
1.205248279999055e99
3.954559524578149e98
1.5357114322947425e98
7.169777952726519e98
6.327832396769069e98
5.767866314281644e98
3.6599147932979264e98
1.1460538257405336e99
6.948244435872339e98
2.9006912182314384e98
1.144123702822829e99
5.701955989755079e98
2.945434043186455e98
3.3994868894840234e98
3.3070765788900905e98
4.485887585580367e98
3.071856722026719e98
7.379582053599822e98
1.5857255010812524e99
3.910449639864568e98
1.0427639825005093e99
1.2140678005397073e99
3.615399187964776e98
2.933514354592194e98
7.480585182434587e98
1.5715552421281434e98
4.9933869284867826e98
4.650117462610572e98
3.2580544603802e98
3.649300548899117e98
2.3564290995651115e98
9.21638128363429e97
9.208588351412279e98
3.5616995253849304e98
7.001063314532191e98
4.292883476659368e98
4.3781184882083796e98
2.9895078184526004e98
8.021546340382133e98
2.434362400201847e98
3.816341812912888e98
5.653748283115608e98
4.274452858898477e98
7.376220450349582e98
1.2010869299737443e99
4.375587075756045e98
1.7064047808702448e99
5.984591407065195e98
8.963070819304164e98
3.72877697813057e98
8.183120214309947e98
2.4723182895141478e98
1.448870751943936e99
4.6952855974024676e98
3.0949564447310054e98
3.035643302325493e98
4.23806977518294e98
3.660341291636238e98
1.492062339398608e98
2.7224861483804575e98
9.345379779250463e98
6.260681223218935e98
1.369793519796932e98
4.5509591101160063e98
4.2766698709418134e98
4.822856436466543e98
7.012537815239524e98
7.663793449939362e98
1.1494665467527995e99
5.700117504445174e98
3.240076833805898e98
5.203524770052936e98
2.4633635618834264e98
4.1575424141096615e98
7.148626931949409e98
9.178252946009244e98
1.245995110783211e98
6.217761957395878e98
2.2794090397859134e98
1.256658624066774e99
1.454729568512308e98
9.418965990247454e98
7.779264824557615e98
2.4233003552747684e98
4.266110918233949e98
8.228976126035738e98
2.00433418452626e98
8.849557165254797e98
4.8488920639209986e98
2.4199987557155578e98
8.012018358143657e98
3.351093224924596e98
4.598598060807683e98
5.613862925677878e98
7.900473215700712e97
8.828395882348812e98
3.56420844130567e98
4.9066017609552885e98
6.995632719694672e98
3.984028357146785e98
6.666029309117208e98
2.926622835408925e98
6.15723901874315e98
5.840504356285935e98
5.946089395494745e98
5.1904172340144745e98
2.9295729366609017e98
4.6583316558766085e98
2.82439589286057e98
4.0824179249972067e98
6.02783788025143e98
4.553083117311852e98
2.0179046564386446e98
6.848471501128666e98
7.543540607714458e98
2.459544879839007e98
8.80393711172559e98
1.6063012002429767e99
9.656780803710691e98
2.544180238526619e98
3.0991848706126135e98
2.207449846798752e98
7.628630879046624e98
2.854751834928762e98
1.1132500099112773e99
2.2804223109579194e98
1.0585989773211695e99
3.6181734919936754e98
1.6496424452243665e99
3.008112659860741e98
9.145814921876994e98
8.135198511355725e98
3.6522104618023045e98
3.04865755332619e98
5.77216276789543e98
2.0738836636254308e98
1.05775343984163e99
7.873257221018466e98
5.910293813594597e98
