6.009876028171296e38
3.2548019369113086e38
5.2778393500410895e38
1.9740645509485896e38
4.74441848780744e38
2.904334275139329e38
3.684173992532575e38
6.737108204935778e38
4.8279894277383395e38
7.639852075979383e38
3.582506615582499e38
4.6958387902224535e38
4.6927056935300744e38
2.0941290234844654e38
4.797256232327172e38
1.1244211087966172e39
7.208996588413821e38
6.170197693699347e38
2.9224742626183833e38
3.3734382170009686e38
4.2133765709010445e38
3.875578238623534e38
1.9185547883460322e38
3.597024097796351e38
1.0201542606992197e39
4.888041112060863e38
6.438595243492831e38
2.610529515970497e38
2.6886233742168606e38
7.887406705552639e38
3.795627145492114e38
7.379619991025882e38
3.658996670211808e38
3.838554190746879e38
2.4670066727269366e38
3.554859822546302e38
3.2447301628297235e38
4.030597665227166e38
5.7187175035562635e38
4.624476950265629e38
5.855633114483176e38
8.580851655145222e38
1.0936428362913936e39
4.078718306410064e38
6.359567391125668e38
4.146691729505926e38
4.664960793475038e38
8.791189462393898e38
9.424534776257282e38
6.38089483375642e38
7.677703861420288e38
2.500939987257038e38
6.558779823511474e38
5.0505353090563164e38
4.818503585806215e38
3.6424828785550524e38
5.71667995458753e38
7.373129699290834e38
9.305322578213575e38
2.6657711662038244e38
5.7388025490997435e38
4.3581177083859615e38
2.025522646323287e38
3.7157298538355654e38
1.804494394277794e38
2.307144910092942e38
4.802383794438588e38
3.6194300144773575e38
2.7362224868814897e38
2.898145518125307e38
4.892973972102545e38
4.483206595486159e38
3.099989680317611e38
6.708552575789981e38
4.666133596194281e38
6.8054528278148294e38
9.10863315286096e38
1.5019031512357372e38
4.139991364475509e38
8.283362096204206e38
6.0587634214300965e38
3.3497927431936594e38
8.621230556263752e38
3.996082460983344e38
7.487754124348436e38
1.2300566003215981e39
4.3095116012554216e38
6.181388791127414e38
6.227726780945006e38
4.4037905702352426e38
4.104218782411479e38
2.0484225707259248e38
4.169619920214573e38
6.138113892251148e38
7.4789076101433e38
4.210162253524202e38
6.83141066264168e38
3.667685124161833e38
2.7880453011926184e38
7.253906362065724e38
2.1671256574358026e38
3.515740538619043e38
2.566174248390281e38
7.414632260415627e38
6.721156905751195e38
4.301680919780464e38
3.535474979101965e38
5.87399805208334e38
8.214033252754777e38
1.888979249712532e38
1.0158281189979243e39
6.213319456665814e38
3.2861846716686126e38
7.204103604842327e38
1.077914510786043e39
3.910925255121177e38
3.2068106492852664e38
2.5849526849386268e38
8.953509857742513e38
6.694908417283187e38
4.959201270614598e38
8.43390526915604e38
2.5618144519498452e38
2.345173550454946e38
3.55795314082918e38
5.7835259976760146e38
3.7273547603738146e38
8.171493416878892e38
4.692446828368612e38
3.896465363690176e38
5.7956746694304165e38
4.945065658740641e38
4.904895002388523e38
4.542192414995932e38
6.346658697096397e38
3.4382926556144574e38
7.741352271623974e38
2.3595255689619023e38
1.1152049634947114e39
4.593443829626591e38
2.805429733640495e38
2.7090851097607863e38
2.6264210879823236e38
4.382201604871915e38
5.5890391331333186e38
4.265649206711411e38
5.684504114536203e38
2.9882109760119317e38
1.834885717101021e38
4.4291698277147395e38
3.805915369791619e38
6.0897833876845674e38
4.6240674928083234e38
6.3140680767501044e38
3.267781722398783e38
4.218378117582258e38
4.2652430166807755e38
3.2563075922029282e38
2.178105904266497e38
3.929537526895435e38
3.2220455421813273e38
5.787930623292604e38
3.061073253976359e38
5.710449567152467e38
3.3458720404034757e38
1.6048973782055362e38
8.114627502453713e38
4.8337553610787266e38
4.512343749585771e38
5.2857251308071945e38
5.4555719820158494e38
3.686229533848005e38
4.410203617381711e38
3.955106206442961e38
3.5917315826654e38
8.66651859985469e38
6.607149793817663e38
3.4028062079421903e38
4.306031993291577e38
1.3131691775337505e39
6.607379249861965e38
4.4502217714303395e38
4.399089376952029e38
2.4692544365149247e38
5.132344079305442e38
2.280652473570747e38
3.906755406663847e38
4.716917531161102e38
3.5526837334371905e38
5.99533091714213e38
5.22114044079562e38
4.065485838369054e38
3.871397634296407e38
6.0269161993320765e38
2.07659385871851e38
7.957978599093757e38
5.426091872192743e38
5.722046448888236e38
1.1436610291481063e39
3.371164457720758e38
6.825343890815546e38
4.046329039124153e38
3.2727383667845288e38
5.651111080526006e38
5.162101335293466e38
5.922473183392667e38
2.5307822321319922e38
3.244012245829305e38
4.7088499254258974e38
3.1547283516869304e38
6.2161076126865936e38
5.007312781735021e38
2.085682779189524e38
4.164834527110074e38
4.98483444085264e38
1.778183649330054e38
5.710495215691077e38
4.166684740764787e38
4.357963470146657e38
7.873950203552976e38
6.7130231631475816e38
5.2680168456084885e38
3.774315473103299e38
6.880401733000176e38
2.917177826361172e38
5.918725741732284e38
5.822505933617802e38
3.5616994121212745e38
5.6102415922055105e38
5.408116649790372e38
4.887465179514844e38
7.77200778004516e38
5.172130770406922e38
8.879643001152223e38
3.933822168600452e38
3.546119051145422e38
5.206816388492411e38
2.1972808672562285e38
3.885906461730575e38
8.40747475357758e38
4.416703025182287e38
4.5643714547830426e38
2.6080998695783856e38
7.053666685230691e38
1.808623524194404e38
4.417548895075252e38
3.492609420049885e38
5.369706493197258e38
5.435049904639038e38
3.733881584447457e38
3.1382535986913575e38
4.675469620871464e38
2.0784952035427813e38
3.9042063511452135e38
2.114088737584528e38
1.7415040152705067e38
3.0690135764218798e38
2.3128909732967156e38
2.630834348240649e38
1.0013197065272658e39
5.2679738477554105e38
4.9437211815400144e38
6.570971579508583e38
4.195003160724242e38
4.070757816065608e38
8.301858882799235e38
1.0017408061395747e39
4.579753778838972e38
5.1755638429656694e38
7.144223724302059e38
3.932076376321293e38
4.4197765449806785e38
9.128393397562677e38
7.774815312111726e38
5.49602798155622e38
7.688065114571494e38
4.229328030248034e38
5.141123371484784e38
8.822867198378447e38
2.0810496824319027e38
2.6343060890859455e38
4.253121562874362e38
4.496340237858397e38
4.8351419989118405e38
4.634913835652457e38
3.344305373846755e38
4.650537429534424e38
6.329546275468287e38
5.375395018702476e38
8.204387485171685e38
3.598454085974173e38
4.1207320492815984e38
3.1387403643186998e38
4.569085462069138e38
9.200442493980221e38
9.014290117367154e38
2.772220947496838e38
8.826217826499158e38
5.151622187047761e38
5.245841139487253e38
2.8375086368641793e38
2.64366330481959e38
4.299020982182177e38
4.028322661837969e38
8.254020866892221e38
5.57472040981918e38
1.6681715034063117e38
6.880120886574458e38
5.099044180469428e38
7.080898424548972e38
2.5756312411441117e38
3.4191320151270124e38
4.262690189569032e38
4.8363216046498474e38
4.266446992955473e38
5.353310661817467e38
2.0824754985594412e38
3.2765184739476377e38
5.890407772393722e38
6.102908303208217e38
3.1511150688210112e38
3.1233537110402988e38
3.3164728582405735e38
8.174167599122198e38
4.53775167179618e38
6.243816951581427e38
2.4009002894958984e38
2.9466743131928118e38
3.448012259319365e38
5.785456461177344e38
4.962776272389036e38
3.171581339932079e38
9.710424736537049e38
9.292937076721675e38
3.2624531125848245e38
5.72643004068597e38
3.786523432000287e38
3.994366439332627e38
2.311907387643363e38
2.2297911782257273e38
6.219139880865224e38
3.401752870140246e38
6.501680799656124e38
4.9120255277684456e38
5.063400903267971e38
6.2193320002574825e38
8.398561471109126e38
1.0428613538863882e39
2.6832439326620106e38
5.6276228078013626e38
3.848980283782383e38
4.98476101244882e38
3.8587519695482715e38
4.180169608807852e38
4.2196642496637476e38
2.3453889727948873e38
2.4408102237206023e38
4.3034266291844325e38
3.2594385939764434e38
8.428117587167318e38
7.988693023446836e38
3.552117678278345e38
7.674680664620285e38
3.48260720923425e38
3.181277797099214e38
4.661673587239366e38
4.190493167260186e38
7.981328355248694e38
2.9515488023927143e38
7.357430242692118e38
5.276658035159295e38
2.8542947139946858e38
7.816332662919938e38
4.933430444504222e38
4.275877324281197e38
5.002956003234251e38
4.8115791064948006e38
1.947755637150403e38
7.64419011096813e38
3.333578767074102e38
7.83721176815708e38
2.9793752559557066e38
4.430212092848499e38
7.642050546675204e38
3.878073277718419e38
5.330313509752265e38
7.096736753940363e38
8.426997532112036e38
7.126430536321618e38
3.7392810870126205e38
4.982249440040137e38
2.1608302699983455e38
2.2719863922211124e38
7.82547075908035e38
5.6057772995799405e38
1.2359455592686577e39
6.620022640778417e38
6.525156519385671e38
4.1940233136091024e38
1.8712871099297136e38
1.75446443513482e38
5.1062001173863066e38
8.750045436283458e38
3.707316123563751e38
5.456621706053972e38
3.184039987358624e38
6.699537533712832e38
4.683824922425536e38
4.11620244858241e38
5.010581933823868e38
3.615900310985642e38
5.493337732867273e38
2.8181275848412723e38
7.13135206845984e38
5.278264739362272e38
4.624683130670264e38
1.9307706887942234e38
5.632356947510549e38
5.4660248318401624e38
2.47465494947419e38
5.1503428349697244e38
4.4665274638215006e38
4.505527710561072e38
2.4549633496440608e38
2.1013137973435366e39
4.129051230652642e38
7.745349213423939e38
4.6885655509979706e38
5.316489401341521e38
6.276373024313648e38
3.3741039143038298e38
3.704008561399619e38
4.8147555192678216e38
8.342719632659337e38
2.3553455383526083e38
5.229448444236892e38
3.865409189796809e38
5.925856993117243e38
6.080375861022844e38
4.3161354082612955e38
3.0035254412997946e38
6.332882804440148e38
3.7659485180296294e38
6.897533041273954e38
5.125339325696275e38
2.913970969110418e38
2.971320058518585e38
4.420914461815537e38
1.0604587487154998e39
5.835921007427524e38
4.5909774340530125e38
1.5168192649767836e38
1.5760864665545648e38
5.31057338162981e38
3.608828510806742e38
3.438258011797021e38
2.358634884738244e38
4.308207649314406e38
3.68919677350728e38
3.349934511362069e38
8.694391751093756e38
7.905239894330931e38
5.720160080627469e38
3.083533584190202e38
9.111541679197744e38
4.244382393708347e38
5.157091966873973e38
6.333750906993267e38
3.3556108548276138e38
6.842893029714594e38
7.403201984858478e38
4.616948682058612e38
3.1799594505651423e38
3.94722198357006e38
7.424862288884176e38
3.819194957581276e38
4.009326466010011e38
2.5822187054513873e38
4.885866658570916e38
4.219909554346322e38
2.7964531785080662e38
7.395988355284169e38
2.8530345951198433e38
3.027290614733466e38
5.132905970921115e38
8.944464542345906e38
9.085985450190404e38
4.5205172131098266e38
4.076692176848765e38
4.1746992548903276e38
2.4523986591986818e38
3.965928216344529e38
5.797742047509362e38
4.878579199304416e38
7.48376232504516e38
5.159606703278678e38
4.8992034535478215e38
1.0132680484095778e38
3.270323579379892e38
3.93522231173233e38
6.582826181974227e38
6.602090038273878e38
4.205019901330537e38
2.882583978049352e38
2.0197090341504625e38
2.3796332448245842e38
3.415261022457861e38
3.146204700469298e38
3.6863902870403446e38
3.423610311662452e38
3.249632370559923e38
4.313143661953206e38
4.560894274335399e38
6.4118646611266555e38
4.9178965872716784e38
4.499396507851641e38
3.117476243656538e38
5.6130936716568476e38
2.445657672098164e38
5.3448364653173646e38
4.816340915759843e38
1.064489895961013e39
6.6526500535047845e38
5.572523616048376e38
1.1152611559264181e39
1.6020361684530533e38
1.118942656373742e39
4.9945624549455455e38
4.7706195654009e38
3.440362250723956e38
3.396386706180839e38
4.569248247583526e38
8.47585403089786e38
3.701643264853089e38
6.2624559703589315e38
6.218656967993586e38
3.169701661111741e38
4.360636360651917e38
5.988026972189636e38
4.106625423829773e38
5.3288704396400836e38
8.979049742469962e38
5.942611922887302e38
1.9089017157851727e38
2.4158290293624196e38
7.134100213686967e38
3.9234576013129086e38
6.0222928552113716e38
5.495151686285813e38
2.2838820183464196e38
7.848877769401712e38
7.207161297823028e38
2.5291759329648535e38
4.7836456291954324e38
3.395161347457764e38
3.601939608190011e38
4.226940820424578e38
3.557146237909501e38
3.248222066232771e38
4.715070693451467e38
2.8634816215646835e38
3.800406344289654e38
3.7866855833373175e38
5.788753566331311e38
5.148242652142602e38
3.2044858861579963e38
4.279841502132619e38
6.824104739512125e38
2.0949908752021713e38
4.8282766239755735e38
1.746941565755044e38
3.2426772638980782e38
6.695639858182695e38
5.7793084223721226e38
4.58243000835553e38
5.7880570581176826e38
3.632615492292081e38
5.217801936288377e38
4.7174874751380145e38
4.012733614227554e38
2.9885929157481923e38
5.4588673649382795e38
3.1495170188157328e38
4.0523166487849035e38
5.306908093161796e38
5.767060792198014e38
4.460963838944075e38
2.7348314118779902e38
7.602193695781226e38
8.450109314216891e38
2.436364473356206e38
2.968594605944696e38
3.99677471212203e38
2.8279904053496197e38
6.56184113406091e38
6.011559606783836e38
4.3527652547339455e38
3.2779552460123187e38
8.581208442811295e38
2.5787475110861082e38
1.8503585358540512e38
6.062822403990695e38
5.549737855833989e38
5.1026976316955274e38
1.0201222372074286e39
3.1589969471175436e38
2.6079641066475538e38
5.806763385191004e38
2.4511581834840334e38
2.2121855088018796e38
6.23505326637494e38
2.5120096400834923e38
4.886482709154541e38
3.6788720389949086e38
5.811817583706431e38
2.8644015150741077e38
7.375214955555041e38
3.6473126400716645e38
2.8842534086195656e38
3.837587499555328e38
5.476029521760461e38
1.7926472081382768e38
6.668384537965128e38
5.728639401803679e38
3.672417118237953e38
3.638745154569309e38
5.140523797007874e38
6.1876053549654906e38
2.4619998290620557e38
6.3167249035110364e38
5.6616621814292246e38
9.85495900846167e38
5.819395669034437e38
3.5435445204650495e38
3.2286211620019318e38
2.270359006915882e38
3.0816119041852002e38
4.371795473966296e38
6.550688299924349e38
4.123002450085193e38
4.352727008250063e38
2.1659649423281547e38
3.1646745112941552e38
3.783636049678411e38
3.310107193560988e38
7.319318183620732e38
2.7363322160287843e38
6.6229916600503504e38
2.8826967157045355e38
7.778707977936591e38
4.5132648564942606e38
3.00634623288531e38
6.782183693631849e38
1.4607006324510153e38
1.766143246404024e38
5.0717530839276174e38
4.212906102671406e38
4.0621651269182616e38
5.038105885602205e38
6.6279818372399585e38
1.2092414298382197e39
5.013436296932717e38
8.60300760636287e38
8.189831862569362e38
7.268842990289248e38
8.769380482445184e38
3.78387774458155e38
3.5211512510341215e38
4.7481647545614285e38
1.3399060453387331e39
5.0126913400416276e38
4.101457785268733e38
4.547282641093523e38
5.768260247232547e38
4.8079574998482695e38
4.335445492303266e38
1.709306597599425e38
2.546296337019845e38
2.716438112490171e38
7.24855362822707e38
4.762284648810494e38
4.1390837135777114e38
5.431289705130078e38
2.739772869054537e38
4.71466795449286e38
8.320821731850911e38
2.1864134709514255e38
2.857727543558518e38
5.974869179652547e38
3.0829337322583896e38
5.113921203404523e38
8.731278917999702e38
3.3358031381957436e38
4.31013500308361e38
4.413968054640519e38
5.64804885733713e38
1.1926039091971809e39
2.4804237024817983e38
4.957520985375987e38
6.057046458350653e38
2.422290712705605e38
5.118630348499788e38
2.8514801067595702e38
2.333847211341838e38
3.1081473637330512e38
2.005531337695583e38
8.772597611394766e38
1.2538622544387645e39
3.3078119948986353e38
2.7845037327790427e38
2.1204710932968937e38
2.668739030199933e38
6.707341390527038e38
4.307616829128991e38
9.861013430758565e38
6.367997464250395e38
1.0236645296369393e39
7.419641883479323e38
5.506057819847812e38
4.60366188143259e38
6.121680427252283e38
9.9437784155695e38
4.67896907503293e38
4.525219653921506e38
7.323432790797533e38
3.676540405452934e38
8.029218782761646e38
7.108508330122076e38
4.183625694894571e38
5.365915266016078e38
5.13988453141728e38
5.004400420327056e38
5.060298222901221e38
2.1901443005178753e38
5.860475376068468e38
6.741122851689667e38
3.914483642481985e38
4.717604255208442e38
4.36669443584998e38
4.443296581125111e38
8.223955614429089e38
4.9284130573584106e38
3.9222522611691155e38
3.208620425270941e38
5.2795666514505024e38
4.8895648791528875e38
2.38108871305357e38
4.444477124630286e38
1.918270177076508e38
5.227489691357692e38
5.398368316051122e38
2.080686861094184e38
6.704526328439901e38
1.9046569309624752e38
2.5313661159161775e38
5.825525691061913e38
6.181919146828875e38
4.965111969141303e38
4.005401425923543e38
4.226895194211084e38
5.70548399653723e38
6.900441774616439e38
2.797269461846253e38
5.008263728341072e38
8.338632071723874e38
4.98026433076997e38
5.904693918887858e38
5.592560899526089e38
3.0997625356375105e38
3.825763886592098e38
3.951682914113954e38
4.966408658778992e38
4.941271074752867e38
4.837141663192858e38
4.196161143291149e38
5.292424554514125e38
3.0063874612872657e38
6.585812648283738e38
5.169661242535712e38
2.9141675216445407e38
7.269235552483016e38
9.308481587402013e38
2.499132514808412e38
5.4504795713111944e38
3.7356352907774334e38
4.418497524003801e38
5.6621226800262245e38
4.7498414840991386e38
4.8614157772187205e38
5.860319783867191e38
2.2557789393937123e38
4.039764208083305e38
3.270804920657641e38
8.67140882508038e38
2.7511710418711578e38
2.6343142089135593e38
4.610783815305558e38
4.078066604578365e38
3.816582756071224e38
3.354799032489269e38
2.94715393669581e38
5.664706926292845e38
4.5025045839816976e38
6.151078692186923e38
5.067679644927435e38
4.088912356861085e38
3.3751501343610944e38
4.356718897798733e38
5.276856744186587e38
6.29426939750776e38
3.742482755079215e38
3.63006774068722e38
4.522225571253935e38
6.2696981788377444e38
7.294974511591179e38
4.562014279513212e38
4.710579777285773e38
2.5453722114321857e38
6.169407331633318e38
4.903060251211335e38
2.395423938050412e38
5.720396955310089e38
7.615522409560908e38
1.9685338479792693e38
3.0688371571292786e38
3.137066011886079e38
6.2112778090850145e38
5.6079480598466635e38
2.4318783433403964e38
4.853143164141687e38
3.2540186939837687e38
3.2849235773452802e38
4.167637089852497e38
4.485969341431239e38
2.4292027821526504e38
5.228732029520381e38
4.27353821742242e38
3.956038129251277e38
2.674240199423757e38
7.099364385225096e38
3.365256928116748e38
3.3195560340918714e38
2.373231603462665e38
2.77376111282398e38
5.6925700853040575e38
4.328397589521911e38
4.158444358308804e38
4.441224209067111e38
1.0447770568049481e39
1.5885601463372307e38
5.5757869853301675e38
4.168595180798033e38
3.167880505168246e38
4.296371751432484e38
4.590665406059236e38
3.8355711656168816e38
3.47195423710185e38
4.052510599893671e38
2.2702615972699034e38
1.85328795410541e38
7.866532293018193e38
8.80956117661854e38
5.458000240274681e38
3.3899974292368344e38
4.349315283506165e38
3.183453443014454e38
6.4994175359584555e38
3.2120357356842644e38
1.774343668395129e38
7.077043926697762e38
9.348640887110103e38
1.4111459836477317e38
3.0891605121745596e38
2.452153307136672e38
3.882765283759588e38
2.5276479598860302e38
4.465071208235383e38
8.479785260784859e38
4.8122783453398824e38
3.1888805828449163e38
3.044188032849704e38
3.857506011867958e38
7.602119618298218e38
3.979219485218827e38
3.2422116767561604e38
4.128721807424779e38
4.673964852712769e38
4.4556331744629185e38
4.8797234861175976e38
2.4108630741542994e38
2.1120650307574305e38
2.992224791034759e38
3.1837241276174364e38
5.767164523165605e38
8.669412714380126e38
5.18927663961485e38
6.098154128502848e38
2.950346256312272e38
4.954466882793945e38
2.9310019719194978e38
2.4323985993293445e38
9.089184401365142e38
4.0196429914000646e38
1.108543565481516e39
2.8551722695062674e38
2.6919390406964377e38
2.9172164904311125e38
3.3965920805511e38
6.378618136548384e38
3.784045209882531e38
5.7334699785080884e38
4.982026263115551e38
3.428113427530715e38
3.417771580189111e38
2.0344396983297922e38
3.7488009177392974e38
2.7990660180655477e38
6.498743160701036e38
3.04708151354036e38
2.4197325626111972e38
3.315227113575579e38
3.546430929021405e38
6.039876136009168e38
6.310810617409454e38
2.697556651260776e38
4.8418231110101295e38
3.7116229066860005e38
7.286882774422141e38
4.679913089086302e38
3.797107746120441e38
4.657669092443783e38
5.086049886496415e38
2.678507637961913e38
4.573895983823833e38
3.791760269141467e38
7.499737762525136e38
2.3990447764085042e38
3.808985683916349e38
6.610154658253998e38
3.7029649601205124e38
5.875479026030564e38
3.582492577044498e38
5.610298498005727e38
5.294204468585692e38
5.351800289645965e38
4.018276522580652e38
3.466096876614911e38
4.267175765266757e38
1.8736102939142564e38
4.996115060942641e38
3.1249546336468993e38
5.32403800619961e38
2.1042606564178438e38
5.192616218435542e38
5.190594044164458e38
7.097497960858214e38
3.432663765513059e38
4.558093464165839e38
2.481249849575982e38
3.2301952024094084e38
3.572739910358529e38
5.783307006504064e38
4.4050048834617735e38
3.37918849201355e38
3.077675293187255e38
5.65248084504006e38
3.2851287036807874e38
2.3478344028308975e38
3.13759967161722e38
4.860514653150105e38
7.869501292861018e38
4.618635115594408e38
2.126545979435436e38
9.644996093161751e38
6.047262284919432e38
2.8544440862197578e38
5.905028606481251e38
2.6934473926838094e38
8.177051322553353e38
3.885354924849235e38
4.604345172994324e38
4.854503263518384e38
4.427944847793846e38
6.2512483798433874e38
5.341740504217324e38
8.250036072676356e38
3.1230636556009952e38
6.16497300352456e38
5.0506663734465774e38
8.329641213845563e38
3.3991439174298422e38
4.102161003632092e38
4.0346410291142475e38
5.454032754642515e38
4.236205226564962e38
3.0157698644834845e38
4.68720315741855e38
4.548014584160454e38
4.354022929710521e38
5.600960685862795e38
