8.279491207969553e47
4.233659352883097e47
3.019109602624814e47
4.914209860120067e47
5.774237847527765e47
4.588967009214734e47
4.78561725018582e47
2.2740525722836565e47
2.5278441280581095e47
3.1729919388924482e47
2.2013108143986758e47
3.1058192366137827e47
9.911217117447466e47
4.173193790683341e47
6.281654697630812e47
3.514277784961939e47
1.390518089409027e47
3.2980657115400773e47
1.3992664096893687e47
1.8367067466634107e47
8.43347584592005e46
1.554643856020856e47
2.7721922824850854e47
1.6616337246765517e47
1.9400168969866055e47
2.5205693538128427e47
2.750982822921655e47
3.596808747859523e47
3.9713237455983896e47
2.920966790897246e47
3.6233948087215905e47
3.807625671569815e47
2.7051243733606962e47
1.9023746653156504e47
9.520332285248856e47
2.392288025917735e47
3.863429651457361e47
3.6982285288407824e47
1.5417189856318952e47
4.141481933627261e47
8.458871190799764e47
4.423994557449682e47
2.072594027316136e47
8.8885946202871e47
2.5902059162895157e47
4.917718362476352e47
1.3088355912139885e47
1.7469751403562502e47
1.6265565068809735e47
4.675755076073414e47
5.595309130663874e47
2.7323274545253467e47
4.071088269890547e47
5.4327621914412504e47
4.488687878208539e47
2.83093709910225e47
2.945181885245463e47
3.0632107044155103e47
2.1755628035257922e47
4.796415778592491e47
2.547544351144252e47
1.3318297757410182e47
3.828117314255221e47
5.074072908460918e47
6.737030737391081e47
1.2851535173753636e47
5.873204302413858e47
3.871765372964595e47
3.776855996762049e47
2.1520726050631764e47
2.3080308510087486e47
2.7860356027180863e47
3.219935511824624e47
3.975689555949824e47
3.3650484593932417e47
3.780578631171234e47
3.5532431438622223e47
4.881072746627032e47
4.569442743437211e47
4.1085478846517225e47
1.1325722770599696e47
2.40798758189265e47
2.805620911405565e47
4.691813206658913e47
6.509895007063847e47
4.366690858520816e47
3.8898068759828636e47
4.241035561961946e47
4.028345585724084e47
4.730448777608752e47
4.604184226170044e47
2.8365706858228877e47
2.325717402062105e47
2.34116787719785e47
4.650299096647759e47
4.139153134938199e47
6.003274553972712e47
1.2232526133321317e47
1.5900208227052198e47
1.161405994594924e47
1.7261745420465824e47
4.2466839480440415e47
3.741020522159602e47
3.1499020279900745e47
3.1406156810857918e47
2.6452324884445684e47
2.874951636807057e47
2.2789976686204277e47
1.5868940367384794e47
1.0157362446872645e48
3.755130558561877e47
4.709722186568281e47
7.779836021210476e47
2.7605088514671002e47
3.4747240046179996e47
1.6270445747239364e47
2.43990253689337e47
2.505934113955947e47
4.9756582426473925e47
5.0742622559987375e47
4.121178071587905e47
2.827549110631768e47
3.733701840359512e47
5.916003796205324e47
5.006033997398359e47
4.155134775312615e47
5.1309120696684636e47
3.4930710728565336e47
2.0487399616130166e47
3.2817681272581108e47
5.604887007336385e47
3.976300406838021e47
1.9709612811708346e47
4.869707948653762e47
2.6309816998226692e47
4.303740777185752e47
4.035274053294925e47
2.30934092825123e47
3.302094904940892e47
4.071550430716702e47
2.9022049359817755e47
3.7402583068384665e47
1.7007591585569703e47
3.728695938538548e47
2.8872152672079645e47
3.2244196796515943e47
4.92702587173122e47
2.393793073359777e47
5.607236869279654e47
3.339908608018066e47
2.9783348152666757e47
5.9294812984239925e47
3.2928813569126056e47
1.5883415857377361e47
2.991054346631464e47
3.721111455617629e47
3.914106081732948e47
2.990288683557107e47
6.067688809523587e47
4.032739139055832e47
2.88715291262921e47
3.4324075452691903e47
3.045036142348829e47
1.6113455018963647e47
5.841525171525639e47
4.753900667183448e47
4.612708549630987e47
5.038939936998886e47
2.4188924314995928e47
3.8627217804013285e47
2.9031442106189405e47
1.9231973044647477e47
2.7673779862601782e47
1.2150490284235712e47
2.9424488622206154e47
1.9616983412289955e47
2.9414993367905073e47
2.6039834290784366e47
3.7017233566588605e47
5.959841881763501e47
3.347395737110725e47
1.3014761816644325e47
5.261281902062049e47
2.9624894183172835e47
5.84438041236809e47
8.948634942830178e47
2.8555735438237122e47
4.6590109970079545e47
3.6039993480935777e47
2.4189554235625296e47
1.993335137002097e47
2.6219070422360323e47
3.4622763970173414e47
3.176367183669954e47
3.971379814824438e47
4.833470679786938e47
1.7029896339916138e47
5.859191564968955e47
3.1187635342346157e47
5.823863436199966e47
5.063294318253287e47
6.042887072650926e47
2.4066772647115083e47
2.456126367794644e47
4.030273932030467e47
1.0956650186897366e47
2.787190845113746e47
1.6397099089464289e47
4.345927667072669e47
2.6413741055270414e47
4.75731308288521e47
6.480028833533648e47
1.6851606125292269e47
1.758636799818954e47
5.3732810532754124e47
6.197197537023557e47
1.822782961672737e47
3.9745216591490295e47
9.207376474156208e47
3.207231813103173e47
3.1562236511667284e47
4.194270880017332e47
1.586123006855082e47
2.429559836747905e47
2.5010565627760635e47
3.376745164168087e47
6.794044114765187e47
4.647594895453437e47
2.552860127078744e47
4.6012951984649604e47
2.2974869709877157e47
1.1059338378989798e47
6.876044923669747e47
3.4416594878529515e47
1.997115459991571e47
4.1358981228130445e47
2.9904574762614994e47
2.108800079177888e47
3.830270913604247e47
2.0395948987219323e47
8.364448295827123e47
1.409930669540944e47
3.151758988582616e47
2.3679793813174544e47
2.5612488186489055e47
2.412937087034427e47
5.705195552650848e47
1.5336789763063609e47
2.2565490932156298e47
1.8786097163652094e47
3.896572442430794e47
3.772188596572303e47
1.30867327755406e47
1.5335899541635599e47
4.086566862446013e47
3.434584632084346e47
1.7840568506127695e47
3.979508596123382e47
7.403271909399491e47
1.4055506660134087e47
4.0530935998361105e47
2.6447320166980956e47
2.1431746548741717e47
5.1119845561142275e47
4.051353846663844e47
3.3929173561872573e47
2.3793888130378273e47
4.085738256900784e47
7.815826757863879e47
2.0988435632722405e47
3.983570494430261e47
3.128483212591197e47
5.8607733966639684e47
3.790039101451032e47
2.134045042976306e47
2.97317239842335e47
1.6651214699288995e47
6.2146730919657746e47
3.6405954770865335e47
3.780192718821494e47
2.9794877745896573e47
4.096862979182785e47
1.5406986070098213e47
5.233283635605571e47
1.836613064703755e47
6.535025050420796e47
6.273067113733843e47
3.3356710074513842e47
2.43271266004648e47
2.850706005827256e47
1.9923786358878675e47
2.726662036513721e47
3.7016456339326676e47
3.848011299161329e47
2.1409491811038816e47
2.0985416702192183e47
1.9401795137154077e47
3.285771122148511e47
2.004556778348965e47
1.131886572331935e47
2.0000628559536556e47
2.366894446893817e47
2.3676865362306396e47
6.0964146390181176e47
3.276459635306611e47
1.465146011059945e47
2.301654865316845e47
3.5362837316058698e47
3.471741897830344e47
1.6862266273563177e47
4.8605074855097984e47
3.752494508444377e47
4.106414696100135e47
5.254193934611276e47
3.9003525836817315e47
5.97708723962913e47
1.8939147486569783e47
2.5486781762745884e47
4.0738196566932655e47
3.3180474798536923e47
2.7668098402371834e47
5.5388874860622415e47
5.507392493194912e47
3.8417597671381294e47
4.562955649077604e47
2.5919238099849224e47
4.678194068973451e47
5.6782521283414755e47
2.1031239844329184e47
2.375546228804663e47
3.941188179728689e47
5.785559910843767e47
2.628812407907903e47
3.4339294298235494e47
7.15837890263743e47
1.8981246948511973e47
3.7365350768338585e47
3.4696215008573305e47
6.427139241019787e47
5.920241083976517e47
3.1764170806364017e47
1.5049988003326625e47
5.2294735132812405e47
2.1590584780984526e47
4.8562485637620695e47
2.4752612660006237e47
6.498090357708888e47
2.3587721227554303e47
3.5105560850508526e47
5.379220624173108e47
3.015570037760327e47
2.398801968345055e47
1.4875007589582703e47
4.717995491313407e47
7.882084271254673e47
2.95278154745593e47
5.135494307966167e47
4.0304770796092526e47
2.9481070788302117e47
2.4145990162513617e47
1.75671686351024e47
2.6969422922844528e47
3.670955479310466e47
4.06613288987194e47
1.598751594252425e47
2.936247938135586e47
2.1268344308571432e47
3.971006073362588e47
2.2213682500344316e47
5.4819569076123475e47
3.487556166741748e47
4.730983943991361e47
1.1770890518871167e47
3.2584739151811762e47
3.739880947434583e47
5.148242839949776e47
2.6966000934825115e47
8.158957745981717e47
1.5036451677346756e47
4.489857962261418e47
3.3151260861270826e47
2.303869351283045e47
4.638389898904322e47
3.3460163902661247e47
2.6972775337948277e47
4.229511956130893e47
2.4955830214759353e47
3.756861131618e47
6.498318680006518e47
4.106251743313071e47
3.4513427837097417e47
2.1914769979447314e47
3.005003172346695e47
6.425396174027193e47
3.0130428407539382e47
2.9891717920224395e47
4.052582522945249e47
4.190116736723848e47
2.360844387309827e47
4.013498050158174e47
4.631875598036382e47
2.890826343213139e47
4.246836616929809e47
3.6094501099278693e47
2.4601263573164886e47
2.357127281162972e47
2.418818992923076e47
2.724609544240578e47
4.047748161266385e47
4.743989112686029e47
3.969104644351782e47
3.2860724754789395e47
1.369650107144679e48
2.0841910119176055e47
7.303026307076299e47
2.3691943881425818e47
2.3272269752732957e47
8.021592887039562e47
4.176568208874088e47
6.035980618209559e47
1.4739166491494438e47
6.1029097954419035e47
3.501826454017633e47
4.278834617010972e47
2.1645656852555197e47
5.383747795573229e47
6.097306766584013e47
2.8774380120666137e47
4.235734528222531e47
7.549429934174784e47
4.975469684563537e47
3.6223758568717105e47
3.24085476246801e47
3.1741080516841818e47
2.1859836927545046e47
2.7355004857666035e47
5.283445533995314e47
3.303119398078425e47
5.8641255037324194e47
4.007596637710624e47
5.397842012511261e47
2.9207818935223453e47
1.6090956000081447e47
2.727124497249412e47
2.407447709609212e47
7.152829880456821e47
4.5508500545483785e47
6.988163008903111e47
8.208205338243574e47
8.278579180819273e47
3.3722857557996305e47
1.8754723343609324e47
3.4128596653229934e47
1.2208018028624143e47
3.603302435348043e47
2.659717675086097e47
3.4517054498990106e47
1.8292511255518927e47
3.3483998433542904e47
2.125057020599396e47
2.370456682860795e47
3.1124585408898473e47
4.9095336895155296e47
5.703181639093231e47
3.026860484987045e47
2.2888448431679314e47
4.525645408594373e47
1.9946861383557446e47
3.3973241397448105e47
3.555478872686228e47
3.114135991580357e47
5.083958188916003e47
4.009675450449152e47
3.4966376486454014e47
5.8953143163834305e47
2.5757871862947126e47
4.183871642837324e47
1.7545870648221895e47
3.684541768491662e47
4.090664493665386e47
1.6934016722978552e47
2.940981401002884e47
2.4172449650342196e47
8.383199935886754e47
5.1853202880438836e47
3.6168177873558514e47
4.0303097430533445e47
2.364047128493383e47
1.2234712563905136e48
2.22096094877797e47
5.9920109087666326e47
5.7137549952624655e47
4.628260300971091e47
2.8388595831446185e47
5.978248374448717e47
2.2361296712730707e47
1.4418231555605419e47
3.9483193393458886e47
6.224569820104454e47
4.0892936529064554e47
1.6011593725610258e47
1.5602307634879084e47
2.922945487538919e47
3.756984657616416e47
5.89717193252164e47
2.1679196256840947e47
1.9762294617256915e47
2.806302471263086e47
4.749948050607802e47
5.8417125362599604e47
1.892175260881583e47
2.7948134287652277e47
1.3059658873016558e47
3.408509696686614e47
8.121815887090905e47
2.169738338475339e47
8.06350069545389e47
3.324331376881677e47
3.947945984657232e47
3.3936803588805745e47
3.143485115094534e47
1.5749172876787593e47
4.6114473704907746e47
2.762020542512778e47
2.892381991020816e47
2.7553502800276705e47
2.43171038828453e47
4.9392832103048755e47
2.381241923418089e47
2.3537096273407206e47
5.785853875827766e47
1.8659016079146872e47
3.6903170794491365e47
2.5087201716870684e47
3.009861407146593e47
2.1264969849599274e47
2.4042951704395633e47
4.121298327586065e47
1.5954026742317915e47
1.633266262663243e47
1.4715706527717455e47
2.085626998428402e47
2.8705222199003944e47
3.622067622499762e47
4.064207010193221e47
7.159485511672997e47
4.5099789030085705e47
1.7227733576934476e47
2.5679812980153375e47
5.949955158802179e47
3.2487462430424847e47
1.8158939036619415e47
2.1550543340781947e47
5.7340958233619885e47
2.3297008900511927e47
2.1262651265553422e47
4.872154123810365e47
4.0104154852661465e47
2.5202891845844887e47
3.136578509010559e47
3.4877281109838697e47
5.313411765419113e47
3.0971545372322186e47
5.6475455729749725e47
2.1159577661102733e47
4.359836464659993e47
2.9171653548266977e47
5.406440105738916e47
4.4554328198515945e47
3.3624731659496194e47
5.6426186145315385e47
2.9183454829908333e47
6.951361773554012e47
7.226191318467349e47
3.003611285477306e47
4.097579771763042e47
4.397056235160009e47
6.102436495401748e47
3.5613726671417466e47
2.5723836664786775e47
3.257243061592635e47
3.777266877603941e47
6.444742572049239e47
3.796615616407012e47
2.828255783486841e47
3.2199448431050066e47
3.853245872407162e47
1.2666430741064077e47
3.996709758351948e47
2.827732917621591e47
2.8078194647509994e47
5.863388421739356e47
2.7055785360821745e47
3.507396396869802e47
3.1937659302538866e47
6.736982440402734e47
8.88694635315788e47
1.9947387785911326e47
3.5152297058295302e47
3.395631096520587e47
2.4341377805850428e47
3.6169833016249695e47
4.160390542303381e47
4.169533213848137e47
3.184052062966095e47
7.922994736619393e47
7.886506216055054e47
2.318307508214656e47
1.2811956254696439e47
3.4535077576584194e47
2.3642210403023523e47
2.6243211395750638e47
2.2799554812959055e47
3.2939649117499403e47
2.8371961863195665e47
2.230580685805347e47
1.9301742176994917e47
3.140299875327435e47
3.912930401152875e47
7.648523663250608e47
3.396159084783572e47
1.4369528544903344e47
4.142981574814266e47
1.898956288839782e47
4.955639435620357e47
5.560642476574567e47
5.4316505370582006e47
3.022142344373917e47
2.3556962516538887e47
3.741482783872913e47
3.219482111812381e47
4.1203234494736105e47
2.567200628679096e47
4.121844036159651e47
4.790828943768463e47
2.9233054311666e47
5.75067522098284e47
4.949600530801254e47
2.0759141534239534e47
3.876792366660534e47
4.996052795126996e47
2.545258402502267e47
4.0178996616591246e47
3.454344778411553e47
3.6155029056280875e47
3.925200225520055e47
1.5986762468328288e47
3.056714523972542e47
4.880740404858126e47
2.7619319222875226e47
4.315097863435603e47
2.761182542455502e47
5.7310058309134275e47
2.9060569335361266e47
4.12597752637959e47
1.7710029210117187e47
8.588835346291856e47
3.120655148234881e47
3.7430516620816e47
3.0074509596425306e47
3.936156710214717e47
2.4433252332568127e47
2.278275500578811e47
6.1721402560525105e47
2.01519772776203e47
2.765216376233446e47
3.144048541244937e47
2.0985378510651794e47
5.6773846257596155e47
7.197057786019996e47
8.959403202132832e46
4.780850844374135e47
3.5714821586636462e47
4.398477833618352e47
2.7576164713246057e47
1.369660068807532e47
5.480331033633412e47
3.5322786875252968e47
5.0308182859468785e47
2.009478828545456e47
1.937327995767918e47
2.5021833702548375e47
2.945331712599375e47
3.2728870361354982e47
2.5967689898197445e47
3.2616711697160797e47
2.007405360984962e47
3.0429613650924276e47
5.934240658655599e47
3.472146936122418e47
3.874313628188211e47
2.8028984952867747e47
4.897056175573414e47
2.1255992773936734e47
3.1513534594785535e47
1.2810189215072783e47
5.357352434044603e47
3.965149654821787e47
2.8646653254290566e47
2.2066317273597224e47
4.314986557760127e47
1.793101548426238e47
1.9103625496542416e47
4.1788126815807504e47
2.6695576787056997e47
2.364285959738378e47
7.097339166567705e47
1.862743964880522e47
3.836212176315469e47
5.50992784399064e47
5.124772919399487e47
5.326917945096627e47
4.1632024777980406e47
6.467518427281029e47
1.8375006971056706e47
1.835230488438743e47
2.967999170802876e47
5.167648376999758e47
2.118214996090061e47
1.1692008667215438e47
1.5451379265996329e47
5.893256332550291e47
2.9220224421215657e47
2.9914538876837047e47
2.4425028194237117e47
3.702500740488779e47
1.825493801518633e47
3.831585909854147e47
2.416932813763692e47
3.417363544103281e47
3.08031515724926e47
3.0811355557005792e47
5.1726413516091864e47
3.872910700358094e47
4.016352455415564e47
4.744871221175766e47
5.1706823552661275e47
3.329756737739024e47
3.5257102823617956e47
2.0735825693034038e47
4.039976109681341e47
4.334074188457628e47
3.15400617357656e47
2.0108725060730365e47
3.278317101259671e47
4.406874543778633e47
5.081995477655912e47
4.302196897531533e47
4.4124457190477685e47
6.3044147849882685e47
4.106658378799935e47
3.944002647854031e47
2.657172503327704e47
6.212186710911942e47
6.986989598956702e47
2.16402903991441e47
6.620326365021917e47
2.3570522787114733e47
1.8207223839895524e47
5.486724888235033e47
6.397798685171527e47
4.168677585720497e47
4.061776823750906e47
3.6421783796341614e47
2.6673560540533848e47
3.6495102220117698e47
6.158508149071224e47
3.4512729565789207e47
3.67519003673564e47
4.58574484471916e47
4.01072868256949e47
3.6389274586745708e47
3.658384998003859e47
2.2489262906720497e47
4.1594228447589055e47
2.924578426302185e47
2.973793677430925e47
2.95458551144742e47
3.412685851397365e47
2.359050603378181e47
2.0273007309783056e47
3.811585130158226e47
2.5207878073871635e47
2.660107151801262e47
5.34818798188754e47
4.3103902793488434e47
4.309700869939602e47
2.349791505163206e47
1.7967105012639658e47
6.148161192448192e47
1.1456545042390854e47
3.211057108684071e47
6.076439933908394e47
3.5582088719354726e47
5.086990194173088e47
3.386844928290577e47
5.892883225034273e47
2.0287941159595313e47
3.213812992693665e47
6.914807444808262e47
1.696927558157597e47
1.351581112724052e47
5.1703515163186075e47
2.3231766839493593e47
3.965301410919016e47
3.5618867839664474e47
2.7675302605848347e47
2.3540668661480946e47
3.343797300783443e47
5.136059463151416e47
2.418342350959964e47
3.743274298037973e47
3.0612015184206968e47
5.914805298301191e47
2.3739971371060896e47
5.887786486579591e47
2.6990698406807357e47
2.6927203366415583e47
4.539529097254501e47
2.76686202193684e47
3.9035681258070554e47
3.3199948251006718e47
1.8508951846552565e47
3.986229797369058e47
4.157752457211601e47
4.445680930365582e47
5.1238923690321806e47
1.731582722133023e47
8.826857365931434e47
1.7441181590219483e47
6.364470533947259e47
5.076596362519345e47
2.49048347299604e47
2.764296043200379e47
1.1189986600389051e48
2.189714084273427e47
7.096649866305697e47
1.9768368052997673e47
3.860432017824926e47
2.3078696592204047e47
7.572632072677864e47
3.4130237468140556e47
2.6753250388803567e47
3.8373820566958924e47
6.941283001656569e47
5.537274858581356e47
2.6057781890427858e47
4.164965428171708e47
1.6151527646766014e47
1.7874347506128507e47
5.3694001146505565e47
3.258517915584159e47
5.015029287113888e47
3.2423139805456206e47
4.1026374458661656e47
3.2365652597132014e47
3.0160214751236243e47
3.128416396778041e47
4.226681028135244e47
4.2847611088267135e47
2.2724876077605974e47
5.867916559916623e47
2.3493669374537644e47
2.071545190711353e47
2.562177869539558e47
1.394442341964618e47
2.7627396251068403e47
5.812429705265258e47
1.3775018355438385e47
5.588407389633968e47
3.0510005452159023e47
1.951900181096399e47
4.151933461686171e47
5.4177678640790145e47
2.2076594496329122e47
2.53555052266305e47
2.1567902780174734e47
2.7255301285605514e47
2.0921453226822995e47
1.4291400714752763e47
3.937275880424744e47
1.7097518317719883e47
3.7930763212022566e47
2.8470106697414334e47
5.102644019717081e47
3.540113931234199e47
1.5290795973375562e47
2.4077472185185307e47
5.850028379990513e47
4.515154388142866e47
1.4996496048070074e47
4.267717948189954e47
2.451679322494446e47
1.5455857751629799e47
2.710315757767881e47
4.235229041172172e47
7.323400232386906e47
3.1594811081291877e47
2.3797059824271084e47
8.025231522484562e47
5.806516933589843e47
2.249898945946022e47
4.08688008144589e47
1.986153299407279e47
8.330413667114402e47
2.2166997491788628e47
1.640444065738199e47
1.8940745533335508e47
8.445550592116705e47
4.323504791093889e47
3.2833585980831775e47
2.6127332403829746e47
5.139304770665127e47
4.4778589722130725e47
2.84186948722376e47
2.2250201595878815e47
6.002617964787083e47
3.263302596034716e47
1.3270810070226355e47
6.123070707338261e47
4.727759292132056e47
2.7288084450668975e47
2.52948165104929e47
2.693465385579799e47
3.0645884068098814e47
3.819110297572863e47
3.201153592312178e47
4.728282667214258e47
1.870665975793175e47
6.432314457753193e47
6.60222256105139e47
3.672291295199685e47
4.329522970045836e47
2.4622638445856994e47
1.4784117598674301e47
3.610108609777699e47
6.2753026446748134e47
5.6360030980448634e47
1.56214468684901e47
6.1959867314288504e47
4.8414898304009114e47
3.992718385819358e47
2.3038411200210415e47
3.6053559172370185e47
2.576296622933142e47
2.610094002068106e47
4.772932993137566e47
1.9951042136582886e47
3.43940479909512e47
5.9280692312505275e47
1.3600424119418228e47
1.3843522780787886e47
3.561609559472261e47
2.1710590487617944e47
2.3591838945032534e47
3.572649610175994e47
3.7647891535929136e47
3.973001792268632e47
7.36410356090084e47
1.907529445958242e47
1.7840606266626892e47
6.034455935294829e47
4.0312394937780746e47
3.730538061395965e47
4.048263557371362e47
3.50915402165266e47
4.150389784690241e47
3.4676327964657397e47
3.985306129209353e47
6.394336682173232e47
2.267715766311105e47
1.931322897814504e47
4.064889309484185e47
2.0649085887835687e47
4.366763322280648e47
4.073125544233336e47
6.373354110719948e47
3.3467856428199095e47
4.968570287059153e47
2.3216147023599057e47
1.9496766395727612e47
4.387099962070443e47
1.8214736447670043e47
7.733559199974316e47
3.0534405079488463e47
2.877442600572326e47
1.941759104292231e47
3.0589215697099844e47
4.913528701027316e47
4.2272318919285724e47
2.3290496665850143e47
1.956270192991653e47
1.6564177873592597e47
1.3462956066481127e47
4.954379617738008e47
1.3563000503345558e47
3.203745563200027e47
1.486983418167864e47
2.943806412228207e47
4.41664408606982e47
