2.116649046874e12
2.163904720546e12
1.983749912086e12
2.794506885987e12
1.826662273216e12
1.40676905011e12
4.930386317453e12
2.075608750008e12
2.828691444464e12
1.605809956744e12
2.299071962804e12
2.516317274022e12
2.080896436338e12
3.105073535238e12
2.840552777223e12
2.209825388116e12
1.522511282369e12
2.95052653658e12
1.216267888178e12
2.7934056227e12
3.059815295136e12
2.101450048206e12
3.725686305912e12
3.778265463168e12
3.6716107085e12
1.65361695626e12
2.272646323087e12
1.820865093716e12
2.609564517537e12
1.633733032326e12
2.242010799592e12
1.758303700642e12
1.182581377909e12
1.477773695612e12
1.085548304774e12
2.011775125724e12
2.433922615815e12
2.458071775432e12
2.108451155536e12
2.248406143523e12
2.037669566204e12
2.646653143677e12
3.522320987042e12
2.462749683884e12
1.34592234744e12
3.267529114002e12
1.969444585028e12
2.325482927897e12
2.096121294907e12
1.787437720717e12
3.026254719476e12
1.722471242762e12
2.922515282913e12
2.312839714204e12
1.819883403076e12
1.811916387796e12
1.353291020363e12
3.72813233342e12
3.391062568432e12
2.551681303306e12
2.011769084405e12
1.487441262113e12
2.186626703346e12
4.271151951616e12
3.821641489766e12
2.611623173524e12
1.726223841569e12
1.755586199346e12
1.868714581545e12
1.04082636372e12
1.952932959192e12
2.157480452249e12
2.189747652021e12
2.362232848999e12
2.688803250348e12
3.113604633267e12
3.743755900756e12
2.40489948949e12
2.156084747128e12
2.210899850621e12
1.443356833336e12
2.248505925599e12
1.514630568905e12
3.291058893282e12
2.682321616196e12
2.46781228186e12
2.424249945349e12
2.533646062298e12
2.528105661713e12
2.166408659228e12
2.777055502604e12
2.307679866181e12
2.023797861424e12
2.611020600328e12
2.425692383249e12
3.460461513252e12
3.405248745744e12
2.891579133352e12
2.014828210235e12
2.304004102182e12
1.975520772194e12
1.620999518284e12
2.804795510786e12
1.548022324838e12
2.804182550435e12
1.656343051154e12
2.611889544032e12
1.904342948707e12
3.104368551947e12
2.720103741308e12
1.597502792236e12
3.838351941048e12
2.912331905321e12
1.040398042124e12
2.675140010089e12
1.431749179647e12
2.687259211973e12
2.785563212124e12
3.035299720796e12
1.798002754376e12
1.737354069868e12
4.47316581762e12
2.648045242922e12
1.779733479963e12
2.922934555864e12
3.298611569618e12
3.3699871393e12
2.011911195804e12
2.571966020856e12
2.24349108698e12
1.865240350021e12
2.596249554756e12
2.700877366879e12
2.05676566548e12
2.948250586603e12
2.856628430409e12
3.027568352309e12
2.046362519018e12
2.755453599898e12
2.832890450492e12
4.284652945216e12
2.754065822234e12
2.429556819414e12
2.243164635089e12
3.024834950104e12
2.689958316802e12
2.269700994064e12
2.81909599035e12
2.441629406324e12
2.918622226616e12
2.905363877806e12
1.211416559046e12
3.323286471604e12
2.35003409142e12
1.970831051924e12
2.215633972648e12
1.42569682009e12
1.898023085731e12
2.385527062569e12
2.361379074416e12
2.487515143491e12
1.798511309477e12
2.213864782481e12
1.305135869769e12
3.897479451806e12
2.272453304971e12
1.59206292439e12
2.492570521213e12
1.512880444641e12
2.778982229383e12
1.459769368077e12
2.744619467371e12
3.681068061245e12
2.235476014691e12
2.239316582923e12
1.805386384268e12
4.165519762136e12
2.505212444212e12
3.471677358492e12
2.371822995006e12
2.135806995006e12
3.004292083959e12
1.963012692684e12
2.032408421339e12
2.547438112113e12
2.108157201673e12
2.101967146152e12
2.617240645415e12
2.339471138217e12
3.922482925778e12
1.645370562114e12
1.841028996904e12
2.430213769238e12
2.237689858851e12
2.705125788472e12
3.534709239524e12
2.373017264333e12
2.279590157313e12
1.911437907616e12
2.81932583146e12
2.368972749458e12
3.13654225773e12
2.02210040298e12
1.696701692636e12
3.363926470258e12
3.164960929866e12
2.008639955893e12
3.267413334046e12
1.372638161218e12
1.371131017818e12
2.844998284847e12
3.228014992776e12
2.667151107552e12
2.94839275589e12
2.251214283885e12
1.965307493162e12
1.669987254006e12
1.718350593328e12
2.781342451996e12
2.194340291126e12
3.299796420271e12
1.766519824864e12
2.521225669945e12
1.384541544422e12
2.8737743407e12
2.594718771508e12
3.428988208441e12
2.164580924084e12
2.041987301279e12
2.999169158626e12
1.254183909341e12
2.867390705076e12
2.76084952376e12
2.944126355589e12
1.929286595908e12
2.597406774315e12
3.268845981e12
2.343679704416e12
9.72487980276e11
1.740635364058e12
2.61956059236e12
4.206774739194e12
2.120618764175e12
2.667989939586e12
2.830872797155e12
2.855997250506e12
2.514221643422e12
2.565152709262e12
2.873407335861e12
1.933854838546e12
1.97869071036e12
3.490888781358e12
2.459352885516e12
3.296625082793e12
1.601532446772e12
2.661205954356e12
2.004903302826e12
2.729008715678e12
1.648319685068e12
2.461387393904e12
1.715702078231e12
9.96019552097e11
2.227662635049e12
3.151033386631e12
2.283444734948e12
2.643132813598e12
1.759964028068e12
1.961827124614e12
3.310253830823e12
1.988266493969e12
2.084942755779e12
2.637459001427e12
3.308941291068e12
2.111772723247e12
2.704542571919e12
2.693115825402e12
2.94687142825e12
1.196416108196e12
3.3080997096e12
1.838438218766e12
2.932560555746e12
1.464281277097e12
3.023807045507e12
1.801406442278e12
2.275095853759e12
2.718261813894e12
2.207419978136e12
1.922586694239e12
2.665911856635e12
2.057288495428e12
2.329224756105e12
2.802378076014e12
2.700025284573e12
4.018603359359e12
2.505641531092e12
1.861482531849e12
2.810594199433e12
1.77154240905e12
2.655147776197e12
1.593102540013e12
1.515959220254e12
2.971473728913e12
1.58336818271e12
1.632408320336e12
2.628691300212e12
1.542211211363e12
4.275063806302e12
2.930490606864e12
1.851966779496e12
2.78607772554e12
2.470788320712e12
1.358200342873e12
2.937011474448e12
2.421431723484e12
2.91517079579e12
2.560952615644e12
2.398594037561e12
2.472088658813e12
2.38403658585e12
2.783732088815e12
2.830114624133e12
1.916833674768e12
1.587050834139e12
2.411197704414e12
1.962183718009e12
1.75013501824e12
2.502734836024e12
1.577486874422e12
2.765008614164e12
1.99852983066e12
2.520175364684e12
1.297661645458e12
2.562472185552e12
2.651358130584e12
2.184965386404e12
2.373261269462e12
2.924887204764e12
1.467723409986e12
2.053994131209e12
2.815869449628e12
1.580220009378e12
1.965926431218e12
2.649636074033e12
2.143051902266e12
2.698934268095e12
3.206298992797e12
2.254662616336e12
2.748440730556e12
2.008474081932e12
1.346605367995e12
3.010882262674e12
2.332094628671e12
3.116505154774e12
1.880054448076e12
1.297074849869e12
3.147961074432e12
3.147486964706e12
1.536854051065e12
3.813566356263e12
1.317908861386e12
1.815521663716e12
2.258257547739e12
1.628785089475e12
2.32445417744e12
1.257843500528e12
1.532921133924e12
2.747082165187e12
1.951473432641e12
1.25107196982e12
2.758558533333e12
1.582861815526e12
3.291610464301e12
3.794984511852e12
2.599889443266e12
2.151324187044e12
2.396038169079e12
2.62767719706e12
1.902627297595e12
3.102701932086e12
1.153367732684e12
2.298130916151e12
2.100303791627e12
1.577402501145e12
1.679593487348e12
2.169530220148e12
2.742355465501e12
1.906574511025e12
2.067398535515e12
7.84556369055e11
2.277856100201e12
2.361836328945e12
4.22992056069e12
1.610820216189e12
2.789589135669e12
2.079905595736e12
3.984100418763e12
3.705151214892e12
1.584544042728e12
2.030735484982e12
2.966355665887e12
2.663471220801e12
2.62529927628e12
3.049931054644e12
2.855497297536e12
3.037514368369e12
2.785424364033e12
2.237523358978e12
1.830620061837e12
2.87375418633e12
2.218063880484e12
2.652399218513e12
2.786789950598e12
1.954372076735e12
2.104912257731e12
2.329975685388e12
1.995803656438e12
1.704840172736e12
2.29750368695e12
2.25072272094e12
1.76170993842e12
3.280785769104e12
2.196499039033e12
3.405255473033e12
1.805654579182e12
1.358298554702e12
1.362132840218e12
2.995453012477e12
3.389467602876e12
2.05659462538e12
1.689002002639e12
3.170914617577e12
2.454391769986e12
2.18592895724e12
2.921048051928e12
3.016447454036e12
2.042955667728e12
3.819908243393e12
3.090118435385e12
1.620400809724e12
4.789506785237e12
1.909177731811e12
2.150998602624e12
2.511693120088e12
1.745458723294e12
2.166028261233e12
1.309593237526e12
1.919514104116e12
1.852034595508e12
2.538888201339e12
2.761226760466e12
2.069365245042e12
1.758805401072e12
5.25782614796e12
3.91434988214e12
2.392284912811e12
1.447047278928e12
1.767037830535e12
1.427811316282e12
1.791324268924e12
2.305292788839e12
2.952104575677e12
1.40833508626e12
2.580124867991e12
3.879347692239e12
3.434341127511e12
1.601140942922e12
1.923124728196e12
1.967674348028e12
3.480998371891e12
2.026468808582e12
1.726745978833e12
1.990561436832e12
2.10588976293e12
1.529594141865e12
2.325480558745e12
1.236113454598e12
1.078983959532e12
1.690287298283e12
3.576303196079e12
3.366329187125e12
2.68711554632e12
1.953637521235e12
2.126297150967e12
1.541081402668e12
3.863419371767e12
4.041080374605e12
1.888857605233e12
2.041196736822e12
1.912806647936e12
1.970232553474e12
2.744598165744e12
1.895708916557e12
1.021318871466e12
2.107080953548e12
3.75185978562e12
2.323549074364e12
1.479879405426e12
4.191205485819e12
1.506431784798e12
2.734355252619e12
1.598397338658e12
1.661769210584e12
2.935988242779e12
1.959486564902e12
1.946434937768e12
2.858604062932e12
1.813969391968e12
1.828410546704e12
2.427554008834e12
2.133245210975e12
2.67237281975e12
2.941261106788e12
3.224042576352e12
2.125649748063e12
3.757937156807e12
2.648336695461e12
2.935235746925e12
2.187698536114e12
1.687788825608e12
3.173759404843e12
2.375726618312e12
1.931833471658e12
2.00908617722e12
2.127527727272e12
2.606500193696e12
2.126688210272e12
2.501663211545e12
2.445104982588e12
2.134811003204e12
1.62008312158e12
2.064199483124e12
2.714725435672e12
1.271940378218e12
1.607155325333e12
3.05677771239e12
1.997716669096e12
2.919156276303e12
4.564516107483e12
3.212927724462e12
2.932478343088e12
2.762365656854e12
1.764786288404e12
4.551011677792e12
2.516315273246e12
2.060832094194e12
3.520277122349e12
1.52625602048e12
2.634629739246e12
1.902428773414e12
3.024278090917e12
3.218512614483e12
2.37254875605e12
2.23918096658e12
4.015970257605e12
5.156467543433e12
1.810416512535e12
2.178302095721e12
1.897689672832e12
1.919679261266e12
2.621903827504e12
2.165869845504e12
2.539388279225e12
2.261941386608e12
2.991622307283e12
2.151702523863e12
2.780472090265e12
3.02308742834e12
2.386469947017e12
2.080995024848e12
1.549320876178e12
4.456863527048e12
2.55664284314e12
2.493186591318e12
1.555908957174e12
3.020094659968e12
2.088060112382e12
2.39029501142e12
1.510399156908e12
2.044767294661e12
2.114420036006e12
2.383353366065e12
2.328708653253e12
2.598723241099e12
2.251486956824e12
3.454324287208e12
3.393338435592e12
2.184404759218e12
2.738125853466e12
2.022479734538e12
1.618919378367e12
4.153073947737e12
2.673153676647e12
2.838864456006e12
3.93605974421e12
2.180866345005e12
1.99782573427e12
3.108765340432e12
3.35047977429e12
2.43962076842e12
2.034886986864e12
2.859597359596e12
2.013557211187e12
1.6247990201e12
2.804879084632e12
3.404741928594e12
3.09393204849e12
2.974516989678e12
3.767065944826e12
2.677244689594e12
2.549379355799e12
1.424888083003e12
1.520414410016e12
4.302258036084e12
2.627847844992e12
1.89643587878e12
1.1251937748e12
3.684479379011e12
1.241567288032e12
1.853122338388e12
2.282880820706e12
1.728406543103e12
2.507090652122e12
2.642575357129e12
2.09398848871e12
2.06165307543e12
1.96709228046e12
2.984470485746e12
1.481141309844e12
1.875356488089e12
2.863332138034e12
3.489664139618e12
3.18994145329e12
2.480807769942e12
1.610014178998e12
1.440406855913e12
1.693455119891e12
2.502724015571e12
2.463745240281e12
2.990648121171e12
2.369294976852e12
1.478728296591e12
1.61927984246e12
2.03075182618e12
2.398000966395e12
1.938814300502e12
1.898228575611e12
2.050004377795e12
2.194366815649e12
1.171388230168e12
2.438993753472e12
1.376072812579e12
2.44688170238e12
1.10544446585e12
2.271623660697e12
2.21113984041e12
2.796173623476e12
1.660487687484e12
2.162694221876e12
2.46229936844e12
2.377510631338e12
1.517823014788e12
3.47256630432e12
3.00415799113e12
2.888607612388e12
3.000078927646e12
1.569536916522e12
1.855015629854e12
1.784116874585e12
1.392628049838e12
1.21143135822e12
2.884540904586e12
2.863390724833e12
1.227329379249e12
1.883418711582e12
2.006609638278e12
1.897107529603e12
3.090172246632e12
2.280166489728e12
2.765788930477e12
2.831226952201e12
2.080285571028e12
1.510984215959e12
2.243847840406e12
2.214046295771e12
1.705387795198e12
2.02309221565e12
1.625006576815e12
1.618680137379e12
3.614119733429e12
2.732825898477e12
1.682103269606e12
3.109740082655e12
3.923339863453e12
2.705338004714e12
1.564779520767e12
2.85309327025e12
1.460868284511e12
1.881603424519e12
3.010668798005e12
3.673225079879e12
2.400998774838e12
2.854892292039e12
3.139682899453e12
1.95541061949e12
3.683692923318e12
1.424337400618e12
2.194784218511e12
2.820039408584e12
4.209978633989e12
2.031028934166e12
1.512709307062e12
1.427465410206e12
1.971767004405e12
2.524274694601e12
1.637063364939e12
4.854414984538e12
2.494906308421e12
3.430453624646e12
1.684518555568e12
2.406691356941e12
2.057012836852e12
2.249346334382e12
2.643580801544e12
2.969150476336e12
3.477682884182e12
2.040408619316e12
1.42191012101e12
2.69849685835e12
1.866804652273e12
2.921085996074e12
1.681371031692e12
1.908262986184e12
1.98908904343e12
3.043354483523e12
2.037790848866e12
3.230029211152e12
3.592652987825e12
2.924020956931e12
1.286532590124e12
3.87817725441e12
3.017148040038e12
1.609158550124e12
1.776914006923e12
1.597019310322e12
1.822621505751e12
3.530727394305e12
3.409399951498e12
2.987463998473e12
3.19702681686e12
2.394358242683e12
3.662489971008e12
2.7138256144e12
1.967560088332e12
1.440911322842e12
2.126572390413e12
3.231662774716e12
2.584531192844e12
2.752007121868e12
3.130045277824e12
1.249767439694e12
3.36776084647e12
2.594198592476e12
2.743146782772e12
1.329263911474e12
2.914651288859e12
2.766130585383e12
1.421663199261e12
3.996818495671e12
1.063627009994e12
2.83000851529e12
2.807905521261e12
1.480839661416e12
2.685318569173e12
1.698397625991e12
2.21063509052e12
2.329234876666e12
3.06660971951e12
2.742781316426e12
2.079035450558e12
2.443220899379e12
2.453157849462e12
1.58481687808e12
3.886739635866e12
2.074141343608e12
2.141395898976e12
1.392394542739e12
2.682694293084e12
2.836730173976e12
2.53242214116e12
2.019293709732e12
1.402606919116e12
3.606692763842e12
1.115501580556e12
2.854256368121e12
1.738152927183e12
2.081182991214e12
1.77160319812e12
1.579086604409e12
1.996456289904e12
3.127597977271e12
3.131611662204e12
3.219641856105e12
4.598888456545e12
4.457425155496e12
1.25760982738e12
1.102704553956e12
3.511813026172e12
3.112968778716e12
2.91836003869e12
3.116145817609e12
1.469525806662e12
2.577507907244e12
3.986838499112e12
1.545231813798e12
1.588046947429e12
1.931810430602e12
1.166740030631e12
2.599091260778e12
5.073173203669e12
2.607078005861e12
1.944531823997e12
2.797393284753e12
2.227981958507e12
2.564802836726e12
2.292107711796e12
3.129720675788e12
4.104238386804e12
2.834933207408e12
1.698690794566e12
1.85148777085e12
1.565494416079e12
1.7687984304e12
1.516789171164e12
2.047368783209e12
1.499970594414e12
1.708357098304e12
2.572930283156e12
2.022319086983e12
2.36555276739e12
2.42692731986e12
3.135139205345e12
4.131338024265e12
3.946103150432e12
1.868558661836e12
2.386468765891e12
2.906040924127e12
1.209745916507e12
2.805215993724e12
2.838056881886e12
4.683996959708e12
4.209586292766e12
1.474170872506e12
2.281968993294e12
1.272261290157e12
3.589264222385e12
3.531568655642e12
2.203302247768e12
3.667045042226e12
2.307580661008e12
2.929463643266e12
2.497030314761e12
3.202561021849e12
3.565286231552e12
2.124044262879e12
3.171231644579e12
2.239071587061e12
2.671332837209e12
3.478959064721e12
2.778442140269e12
2.748059792692e12
1.940281307274e12
1.826159974627e12
2.051090518052e12
2.316260682558e12
1.705659706305e12
2.146924722094e12
8.12559353651e11
1.960967089449e12
1.283896180222e12
2.303690102858e12
1.921285826686e12
1.585565559366e12
2.470621913067e12
2.940060921563e12
2.63444988527e12
2.865482808471e12
2.107861334415e12
2.320959476892e12
1.630251502274e12
1.380206782019e12
3.059021140409e12
1.387457435571e12
1.820576708702e12
3.347013904603e12
2.449186905454e12
2.89029856625e12
2.984262878796e12
2.800180009346e12
1.55712088027e12
1.591919522014e12
2.025759918604e12
1.724145425824e12
2.73490926516e12
2.28956506674e12
2.593665109879e12
1.327932862905e12
2.818865224596e12
2.100238995416e12
2.552814677718e12
1.294603817268e12
1.747125145383e12
3.063862901947e12
1.873580584664e12
2.524451889853e12
3.314162044414e12
1.718129955056e12
2.86395534624e12
3.813085915438e12
1.907281865043e12
2.52182781865e12
3.731676978415e12
2.895126126822e12
2.189672465331e12
1.350028450728e12
4.281232533646e12
3.538562936556e12
1.763745345625e12
1.426117747612e12
1.452368730504e12
2.465821490482e12
1.568151367002e12
1.899588706744e12
2.677706562814e12
2.042500035772e12
2.261239042926e12
2.558271340958e12
1.938310940234e12
2.18827852919e12
1.992859228876e12
1.909216721975e12
3.7768562561e12
1.409717652691e12
2.240014193021e12
1.469179395484e12
3.05562684606e12
2.589901325345e12
2.27651898072e12
1.561902180737e12
2.932170340736e12
2.674534067884e12
2.287567806178e12
2.072581754831e12
1.616176758139e12
2.087501580532e12
2.59636945263e12
1.565998856102e12
2.250429833528e12
2.305532201856e12
2.108625513662e12
3.0722027739e12
2.155767526832e12
1.707201071642e12
1.501943515548e12
2.74587032737e12
2.868865989492e12
1.992217711953e12
1.356825729944e12
2.195655058832e12
2.186785760111e12
2.424676613881e12
2.694524530264e12
1.95940508026e12
2.489432921573e12
1.783671694006e12
2.117701653738e12
1.731348443517e12
3.971851935322e12
1.89386039633e12
3.54339492445e12
1.72535615787e12
4.117303737027e12
1.508017802e12
2.019995686716e12
2.256537489834e12
2.284147430426e12
4.506572121155e12
1.636797359776e12
1.211316210521e12
1.879807159076e12
2.617119539052e12
4.11504193143e12
2.975066813816e12
1.718584127382e12
1.623634315965e12
3.62924354636e12
2.013207755259e12
1.582055724043e12
1.633388812234e12
3.119297309718e12
3.489349790533e12
