5.569037070648266e23
3.811203307655214e23
6.575178021567715e23
6.240992624453482e23
2.778658290440543e23
4.2333405755887156e23
6.483882391433197e23
3.500913656712233e23
5.0935056379115996e23
5.173056208738945e23
4.6780360346989566e23
5.2599524845854084e23
8.562459890784266e23
4.1386559630705e23
2.5830480949403876e23
3.94128757419092e23
6.274458922296633e23
4.1591461525659314e23
4.464060483780565e23
5.7410467841975526e23
4.344610932010591e23
4.503218858089095e23
5.195650756443675e23
4.9598072880107357e23
2.6146733232643503e23
6.314453794005797e23
2.825360203605275e23
3.518575694663936e23
8.947244180710685e23
5.755121374957638e23
3.509267635403386e23
3.2234530565642966e23
3.6137998608711916e23
4.111609053192786e23
5.8521867154058165e23
2.9801076521061934e23
2.685129889978083e23
7.309980497217102e23
4.109703897917078e23
3.86601739659279e23
2.5535680103525092e23
5.689439758637513e23
6.345483108411253e23
6.267274888987174e23
4.367311329762833e23
6.37907902371394e23
8.832273707009547e23
6.81861158363563e23
4.114308584539199e23
6.371368676819662e23
4.0571997331035925e23
3.681915986256146e23
3.868024154041807e23
6.147368278018187e23
5.530530219046201e23
5.0246748756263805e23
4.497383614038842e23
4.920848509594505e23
3.626343106878831e23
6.473214559740236e23
2.2691229879131168e23
5.780499128135076e23
7.819758901344504e23
9.297000138775771e23
8.908477041539738e23
1.966300510326638e23
4.0335060794272144e23
5.2316518259678414e23
5.0983150013771716e23
8.098295602774819e23
6.497730156755786e23
3.333995152941359e23
3.0854335774010134e23
4.734589254069339e23
6.156925718508556e23
4.214267494476343e23
4.2889625007049364e23
5.093985989712664e23
5.374900662248061e23
7.088272103009628e23
5.505989550002419e23
7.128488981849315e23
4.7112338859686137e23
4.56883477048881e23
3.5514023002397234e23
4.703095916035824e23
7.080325311675807e23
7.156753508463387e23
5.04530864709268e23
3.398719983145225e23
4.447738701452972e23
5.922713989645637e23
8.497423189274176e23
2.8801746690029556e23
4.962804478917607e23
3.7760749154337395e23
4.5130911075575e23
7.009833165949469e23
8.165816929453562e23
3.794883505141663e23
6.0049032280365646e23
3.338718573970939e23
5.132764968666927e23
4.41246672932076e23
1.1388878281342972e24
8.920163924674898e23
5.052043089173101e23
2.3668007402456096e23
6.503865808237171e23
6.269307808057746e23
4.49697426910977e23
1.2953161847611072e24
3.99192725740862e23
2.622519867992741e23
6.663320109157368e23
5.734643737013899e23
3.5200784903359533e23
6.461424766719888e23
4.3141665008948414e23
9.799141762538214e23
1.396897298034592e24
5.335951395914337e23
7.729055659973363e23
6.727924319119169e23
6.296877975566119e23
8.530111731632962e23
2.912963237986844e23
2.618874913384993e23
1.221872836203696e24
9.901383547544563e23
2.528595211744669e23
3.3724466400307455e23
5.18936764744569e23
7.068855369826983e23
4.968401252558657e23
2.5550954600796947e23
6.732456723713405e23
7.48368335407682e23
5.099489585754172e23
4.170261464876774e23
5.22871838694453e23
7.251784812687891e23
3.9697952715684094e23
5.122699164268616e23
5.271640756333446e23
3.6568395633586216e23
6.183418656933541e23
4.7296412525741805e23
2.7813783920113968e23
4.1314123304595577e23
5.2592652404567604e23
8.348724881281256e23
2.89084115106791e23
4.1900362339796474e23
3.5588605544349385e23
9.762212722090671e23
4.266000500565269e23
3.315631838875029e23
3.7025202764124025e23
5.1105122084622276e23
5.7457999910996216e23
5.501552632218419e23
4.1848609552286686e23
2.8937445645880182e23
6.824381197470517e23
3.378132355930661e23
3.865581026592512e23
4.875208303999545e23
3.4037552123080456e23
4.71823793551561e23
4.143218368222811e23
6.979972841938484e23
4.674641939669172e23
4.068073300622898e23
3.0505525530558376e23
4.574318644903508e23
8.852588131229507e23
4.38068392198647e23
4.222694122924748e23
9.12106846697145e23
4.5131455119046154e23
4.1718987076770336e23
6.696777409790021e23
3.922026502322614e23
4.1450736910807957e23
9.408676174811502e23
7.046775086258285e23
4.1505723293836596e23
5.7439757952491826e23
6.155433798099244e23
6.522201836443268e23
3.140521492136037e23
5.304382111116929e23
6.659837144800999e23
3.976398351899414e23
5.9139590713418964e23
4.684262713357006e23
9.686064741365744e23
3.563063160257086e23
7.43523348866363e23
9.317441491661964e23
8.997123529909508e23
8.7554108922609e23
7.495649211057814e23
7.776034892444318e23
5.311627853195604e23
6.425861692420242e23
5.012207502627071e23
9.094011210673227e23
3.997689481297525e23
4.410427774956962e23
2.1220237773538055e23
3.741710659290622e23
2.8502243407045942e23
7.037601574693241e23
6.678082116093952e23
6.324663982075485e23
6.398900796812327e23
3.3420520353032945e23
4.666974001751346e23
3.97812124875243e23
3.7187222946138626e23
4.7052508432305826e23
5.541981145132851e23
2.766996755726377e23
5.8101651530418216e23
7.393983008500098e23
2.7407570699296968e23
4.904427547807668e23
4.701094470266954e23
7.651397212100087e23
2.3468332089603272e23
1.0667247074237772e24
5.5775486912716303e23
6.306813522103615e23
3.945235062157594e23
3.083070352937427e23
7.468541682401095e23
2.4956110950163825e23
5.318824066040817e23
4.754477541960874e23
4.746434837478566e23
6.457340280734198e23
5.56788342882044e23
5.196977527352156e23
4.3321839114721036e23
5.4974757312965046e23
4.621077131183941e23
5.3389045611212834e23
6.313829572025292e23
5.4031803513320615e23
3.9226831591122325e23
3.757726740317292e23
7.837577777507922e23
5.608173189925642e23
3.65712806323147e23
6.844767940196096e23
3.645823688504363e23
2.2874354049523865e23
4.487596104361091e23
7.780950280216616e23
4.537361066622631e23
5.9479521218714335e23
4.760469296403857e23
5.9060689839910856e23
5.748532499965395e23
1.348034818469163e24
4.2752199372935186e23
8.905679213227079e23
7.625140930820454e23
7.091751598712175e23
4.8155607875325794e23
4.904787282865594e23
4.7489251200708385e23
6.290129614087903e23
4.227587495561093e23
4.674712782218676e23
6.048847154120977e23
1.0859123807355087e24
5.0444068984177465e23
9.78839605695585e23
3.9143210164108793e23
8.287594939112661e23
3.9598321187658636e23
9.79710926750804e23
6.216428531265632e23
6.268006529740016e23
4.434985016124495e23
7.708021921569217e23
4.9314610578655745e23
1.2183280001811008e24
6.273142576206239e23
5.023019642017596e23
7.892504350132575e23
4.7506759353367415e23
3.671300106746441e23
5.2205514930636115e23
6.128282410263889e23
2.820174058301625e23
3.918719669876687e23
4.8650356390592574e23
4.5460808075905764e23
3.828418327442949e23
5.6465568947638926e23
2.698541226195126e23
7.211394268800926e23
6.661027023501836e23
1.473711790944542e23
4.9955273500978495e23
1.0975906775478007e24
8.048978241095938e23
6.274052415308365e23
5.947797022870185e23
8.427388929073624e23
5.7418854016551e23
4.820307966494377e23
3.3500603274515964e23
6.591954896185469e23
7.77170425392413e23
7.08920891962388e23
9.782798071989435e23
4.483867073925439e23
2.3546342723690382e23
4.515319788614536e23
4.834577562082318e23
7.246199088023907e23
5.735485843840308e23
2.374792525149364e23
5.659000721298803e23
5.537408491293089e23
6.294524044664752e23
9.176653650023356e23
4.3986132130890484e23
3.982711319317609e23
4.813797222820377e23
2.2714122538302185e23
5.429749028373554e23
5.038139353642197e23
6.556144943460901e23
3.1543953032235e23
4.5841004135008855e23
3.5658798916176646e23
4.1963915326478237e23
9.420150985990633e23
3.741701739980477e23
6.075790034656815e23
2.536089273837834e23
1.0155651647391478e24
5.565940115671078e23
1.0055998369590316e24
4.844892908745847e23
5.8881055493598707e23
3.3466017408786944e23
2.647351701432779e23
4.701693850764338e23
8.300455018605418e23
5.0377079914867964e23
4.5370841353076196e23
2.445453670288807e23
4.0572450789601354e23
4.642866307939756e23
4.494830771994502e23
5.0031374669256495e23
3.365550402060289e23
5.2528951783623626e23
4.7261250953419654e23
5.9098665533600865e23
5.9317376628469893e23
4.588228638310427e23
4.7598598314033724e23
4.5503943275591106e23
5.5653652027084345e23
8.011223480381996e23
3.91510081163688e23
4.4653348860127246e23
5.101201362418815e23
2.7364334291522233e23
5.084972687197515e23
3.9538036663594566e23
5.079008090316469e23
5.874127280360279e23
8.095445784045449e23
2.5889347024226938e23
6.286574570835383e23
6.007053715950816e23
2.5633224299537798e23
5.507811672080381e23
2.9008529587117113e23
4.8360844900405724e23
6.532085801520719e23
4.832202726747798e23
6.262382622051933e23
3.114988096066057e23
5.666098839171539e23
2.803450024835612e23
4.6231677330552056e23
2.218817401218294e23
7.221512011307924e23
2.884829227019878e23
6.004535343770091e23
5.678783019261483e23
5.200250048919726e23
6.584597799489305e23
8.277172699455045e23
2.971662093441162e23
3.796106493907438e23
3.193585445166489e23
4.6598979828430924e23
6.750101784893813e23
5.5441378081120894e23
5.842686839545931e23
3.6565542876017125e23
5.02443119101294e23
6.291429080647388e23
4.4601505156819436e23
1.0413517091652093e24
6.133257103180406e23
6.413608512177474e23
6.381608777972009e23
9.868726415774709e23
5.504924756278354e23
4.564952302410748e23
2.548314025856974e23
9.60525357972972e23
4.461427373414313e23
2.773263285346135e23
3.897949937773523e23
6.654742540194213e23
5.5546987794204875e23
6.484356099223818e23
5.037100550090082e23
4.181739129613794e23
5.3403214379590346e23
4.624272602707815e23
8.113802173164353e23
7.979509523947329e23
3.441238623059329e23
6.0349283052361425e23
5.7370164157406704e23
5.268428508632532e23
3.926147214161134e23
5.1300266149277935e23
4.702265955412052e23
3.883338632712417e23
5.041496048209103e23
2.6396126374390963e23
4.189320035730631e23
6.507786836471216e23
2.7486746222645592e23
7.254230208578598e23
5.5909045292743875e23
5.2953542930915974e23
3.41109671258799e23
6.186632345590144e23
5.0834151009018866e23
3.627977589905074e23
6.74478782049778e23
2.5259572439114683e23
5.0028111606146905e23
4.37382334031014e23
6.695136943145167e23
3.739863117538876e23
9.030111832056988e23
6.750700055790132e23
8.419349207826024e23
5.6732530301319935e23
3.39107581511551e23
3.003960272959736e23
1.0330089537799197e24
9.935222404438821e23
7.113619088868439e23
5.3086761183279166e23
8.038247993290239e23
4.254448411758567e23
5.962635357530698e23
1.389665991676874e24
7.597166120911829e23
4.255635396362908e23
3.265678470057313e23
5.519267995849079e23
9.868546506520348e23
6.646559417985524e23
6.195894183160615e23
3.403178805987465e23
2.8847013019182347e23
8.030397957049704e23
4.8585887470835956e23
2.4779892534169362e23
3.645527332184967e23
8.627585652432496e23
4.795379611598426e23
4.249279446181964e23
6.607276754583978e23
5.1562566107875837e23
4.0874051951369865e23
4.80943810257933e23
5.409682528261876e23
3.9962157995446404e23
1.0239655852587454e24
6.615082983227789e23
3.7926708517000725e23
4.481360492348764e23
6.932520267943579e23
7.187548167906095e23
4.919119879518506e23
4.28975922834109e23
2.3999853332995045e23
3.4433177694170227e23
3.092448852636372e23
4.179161903905434e23
4.569934048678393e23
7.308289725666818e23
6.969959769686924e23
6.32863686513543e23
9.775787660782799e23
7.301625304828305e23
1.390014000225038e24
4.8878417010443007e23
9.83681148075856e23
4.822786945151985e23
7.75132996609801e23
6.167190665721191e23
7.12207720652479e23
5.763410553889101e23
6.790123515566468e23
6.371341247788954e23
2.779695805273555e23
4.712488203992073e23
5.679603537913762e23
4.2584383888963014e23
8.56983368904525e23
5.0025662454957696e23
2.3282740350305654e23
7.727790469200346e23
1.0701956062966691e24
7.119268088194726e23
6.077068585098369e23
6.806637901353132e23
3.5583533192272367e23
6.728255388960476e23
4.135969240047446e23
9.692343804445756e23
3.926046244645864e23
4.951098563482717e23
2.9483341920224295e23
5.6887144898923184e23
6.860443093556392e23
4.475867911957087e23
5.683913805713858e23
3.46928871907954e23
2.4402581661103382e23
9.572464483674892e23
5.129623299914606e23
4.6237175553690285e23
3.889583326168051e23
6.137247489596202e23
2.8772560871659477e23
5.379870743287081e23
6.902874826302758e23
5.729877507214474e23
7.75141349213809e23
5.9540725066050746e23
5.1949453414809894e23
7.288231225760842e23
2.972023970151684e23
5.4063407895606684e23
9.6661128718784e23
5.3189209204306984e23
1.003027503329908e24
6.643196440849695e23
4.6693971694145626e23
3.990289313909531e23
6.565660483084007e23
7.723841113076702e23
5.7026961681098965e23
4.7023095409962e23
2.9478942163144285e23
4.881394322639701e23
7.576538091417638e23
7.502010320894243e23
3.4627924892788254e23
7.337914397206973e23
5.7937078107430555e23
5.653623436442252e23
1.8479153284689517e24
3.252440814672688e23
7.300737355660267e23
3.383272826360359e23
3.9295326535880845e23
5.133843972778258e23
5.602614411295573e23
1.1140721348646831e24
4.171206361168034e23
4.2130246775200866e23
4.256650173835526e23
4.1725125861849e23
3.2891576034595095e23
4.205346958586074e23
4.927666521302842e23
4.2242105041457826e23
7.439633864943182e23
4.460576127160401e23
9.03676104451889e23
5.419168414573879e23
8.708691599342168e23
6.947021653945124e23
5.534918650707789e23
1.139763454800571e24
5.256911239121404e23
2.9220206999804566e23
4.3991503313716004e23
9.67335280481283e23
8.738369655821378e23
3.7340376641273335e23
2.737413567303232e23
6.517587034355388e23
4.7182090499185046e23
9.556284654626096e23
4.5435401987977636e23
7.283815909152907e23
5.310183464721403e23
4.345995831458754e23
6.575873688072332e23
5.56617383810609e23
4.9178483259396565e23
4.0771712240979394e23
9.30883152409695e23
7.849249584502688e23
7.624012401070587e23
3.336697596640458e23
3.541778611913471e23
7.224401452533392e23
4.643832048841501e23
5.8362697555761015e23
4.294641518851426e23
3.920157337785794e23
7.346435564780904e23
6.837058857099664e23
8.758553210064326e23
3.4339487839735116e23
3.816218448174229e23
6.950834236164778e23
6.661863496738224e23
5.186846952681012e23
9.312465788153115e23
6.670675437863987e23
8.711968461810403e23
2.6818498656201875e23
4.2293624204439055e23
7.489268781773251e23
4.953587278191212e23
5.5515756157656896e23
4.5402215763325756e23
8.160414627205885e23
3.6096985744336815e23
6.515452006608112e23
5.7238779874849206e23
3.9765288868421665e23
4.4560843885159294e23
1.082862793038314e24
6.239538800766377e23
7.39780702762715e23
6.110363295575371e23
4.213860480426446e23
5.29729243832876e23
3.9885690865892766e23
7.199382651613969e23
4.375540628897797e23
2.893164070268647e23
6.98428480652058e23
3.541149305701578e23
6.86217842876538e23
4.549168873714716e23
3.0111481067083056e23
4.994353741406376e23
4.660992058058378e23
4.6122139794137604e23
4.1956818292283085e23
4.101678291362138e23
5.565414849945993e23
3.78625559428361e23
3.807667398952074e23
7.342542378046133e23
4.8584725628464044e23
4.4415632526838314e23
5.844121456123192e23
5.6171673707197594e23
5.8372447526837886e23
2.75792058351689e23
5.313553797763328e23
3.34434736880237e23
1.3409442263307776e24
6.949605997308377e23
6.660554338789663e23
4.098811343044506e23
6.819064210544857e23
3.566549250862695e23
6.580673431957263e23
5.934583335853693e23
3.095946646837815e23
8.8080943237951e23
7.908177410087059e23
5.838950223247168e23
3.870964041559065e23
5.3045831667653625e23
4.4963402932149866e23
5.5310926887633464e23
4.3085262253289116e23
5.906818099261216e23
5.1688400322660626e23
8.577436895949686e23
5.501314960256609e23
3.603928076652975e23
6.46555471420931e23
5.234473203025368e23
5.6186179559918135e23
4.424719515387687e23
3.7031850518487235e23
4.807362819725739e23
4.555959410532056e23
5.281935415818411e23
6.7736597695963e23
4.4915467758418565e23
6.035615899379905e23
6.445046097015025e23
5.9800054739101815e23
5.214141774411292e23
5.102280379022863e23
5.392092600559949e23
4.398797697283553e23
5.103403154586385e23
2.315338809329951e23
2.341657314729336e23
4.4960678006665155e23
4.187970528335408e23
4.643735610223142e23
6.813883922033503e23
5.7386764207293436e23
4.154151435511458e23
7.493921320247649e23
4.225103452108546e23
9.97109175448805e23
5.954450979805264e23
4.721324233178113e23
1.958882383112514e23
1.0451854434211695e24
4.671527619300728e23
7.217399362950612e23
7.590491382431571e23
1.0445301772381047e24
4.7834090324036355e23
5.487610932620968e23
4.3256521318901965e23
7.752089415926839e23
8.652576431000496e23
3.786240420604305e23
2.1078805047392958e23
4.398860290307525e23
5.0042826460175706e23
2.2706611206287338e23
5.398265049423101e23
4.399537631101876e23
9.658723272104639e23
3.410916868964526e23
8.155856504135746e23
4.397743764332933e23
3.3359216970938786e23
2.4730307880563047e23
7.409615672859487e23
7.310300560908604e23
3.575083494840681e23
4.2721755186769876e23
9.419824254455924e23
3.397137069277795e23
1.0194565474254972e24
4.363003284619798e23
8.311521566590362e23
6.275817287014097e23
6.061112925560315e23
3.794622824661359e23
3.828859951778716e23
6.92357244766102e23
5.176427200125381e23
4.536189338060746e23
5.4406436189467e23
5.9515744785585544e23
3.518490014973755e23
5.507635353177443e23
6.353489190626553e23
5.8128176513707e23
7.011176951526601e23
2.229764401054517e23
2.8090427241475306e23
5.037377421441781e23
4.381699821316094e23
5.041290376273721e23
4.25453553683586e23
3.5070292467087316e23
3.2722839572789465e23
6.520979762473343e23
2.880865184776571e23
6.06899412478469e23
3.187929040022987e23
5.582562980932192e23
3.190761979155534e23
6.1632835186413e23
3.455187919359432e23
7.379592469875903e23
5.373828133144743e23
4.770484713262949e23
4.568053601812332e23
2.8780139438253226e23
3.4120828886924844e23
2.7173738400302983e23
4.9036172148865666e23
1.1513463476407999e24
3.057907625556878e23
4.580413836303548e23
1.0069743045486332e24
2.025104549347598e23
8.123743516658654e23
6.030871954871452e23
3.408404566336811e23
4.0109770134931826e23
4.406535689672137e23
4.269210912767002e23
3.553970525092284e23
8.627805019557701e23
5.670554646619771e23
7.667861091848333e23
2.9611028017526263e23
8.101704014498502e23
5.547355485213218e23
3.992565122956662e23
5.0338112948612084e23
5.243059382634703e23
6.503575676294989e23
5.4240539240897585e23
5.7243610415894995e23
7.15486253099713e23
1.7520767667091195e23
2.88569777350381e23
4.5165744124520234e23
7.871027099476292e23
4.149437968613116e23
5.9018237455977685e23
8.428536967315998e23
4.267592504049875e23
6.580638818266835e23
7.418850194389845e23
7.293469729070929e23
4.818217461572137e23
5.95065585478661e23
5.236850357366496e23
3.65141552133289e23
5.8358613886533377e23
6.618820338313707e23
5.994854037962431e23
3.933910063192427e23
3.130419565702178e23
6.576458804836252e23
5.6760621588122e23
7.369000163848165e23
8.084269542965294e23
4.3893497051621835e23
3.908550259042272e23
8.144376601792312e23
3.4786965397293264e23
3.590332363441888e23
5.424275787782735e23
4.353805260724005e23
6.938931284473655e23
3.266519932633458e23
4.8461075417944354e23
2.9312037522069286e23
7.355555929745705e23
4.607483377389361e23
4.728503751477363e23
5.311326121301174e23
6.417494107629405e23
3.975583562457766e23
6.704850968377629e23
4.545464382268035e23
3.8639667848707315e23
3.777304590704097e23
5.949552543259798e23
5.2371256815896514e23
5.375165441388685e23
5.787505526003594e23
4.700083012696794e23
4.636303874339203e23
4.765228716224877e23
5.5289434280704735e23
2.9965037363697606e23
3.419915777944384e23
3.1884732230361955e23
5.709516816676589e23
3.485642920050337e23
6.359293831562179e23
1.1794326970464138e24
6.745474692638481e23
5.632283770614328e23
6.984844955150662e23
3.589293674249494e23
4.4357005561418035e23
9.128296127866058e23
6.207076570541731e23
4.1355438411052064e23
7.164472445535607e23
4.610026773344827e23
4.105817118164481e23
3.9551137153440424e23
3.8272916940058674e23
3.653888921655124e23
4.23278881132585e23
4.104129156795623e23
6.367470735454531e23
4.737617474446434e23
3.420054307048798e23
4.7151364499036666e23
6.954198013961e23
8.674407408561237e23
1.0664355678750821e24
6.363393058091313e23
7.38247934725601e23
4.114305258296174e23
5.6291006014687414e23
4.54372194670447e23
3.852463708657028e23
3.943446810692653e23
4.202607277139493e23
8.116578282916802e23
9.23969810487557e23
5.2717558623233573e23
4.089185234596331e23
5.905685414438808e23
2.851915043691582e23
5.3562102093649444e23
6.786775097730791e23
5.3982614784831755e23
6.386491964322944e23
2.3026121224097285e23
6.596257124499098e23
6.748824539811854e23
1.0000880966364217e24
4.080561723015342e23
8.076129502112387e23
2.328138602893728e23
2.8863406542661058e23
6.75485787313477e23
5.9442876176330493e23
3.703414432492368e23
8.031692008494929e23
3.051671370765261e23
4.5298916171052294e23
3.38506285924717e23
3.3563494299252226e23
4.468681211999024e23
5.502377092864032e23
6.036788105439859e23
3.2177522947616175e23
3.090386676390678e23
3.8654609057608023e23
6.164510430406927e23
4.5470445596859144e23
4.559943915750209e23
3.536438177476797e23
2.534182336867208e23
3.4470677979759105e23
1.1236806204636248e24
5.1322389133360485e23
7.659343653935975e23
3.706229005591714e23
8.637870795312127e23
4.0812470732227865e23
8.560336810700976e23
6.99081216722055e23
1.898726540674722e23
8.992629558485507e23
7.49116009731677e23
6.167115145340304e23
7.741435145645466e23
6.410409310587472e23
5.8806191523139284e23
3.4386183227822334e23
5.8843090666069193e23
4.0047715787389476e23
6.867536617145315e23
7.653003674415251e23
8.907593615925892e23
3.6331148158118416e23
7.198511129825238e23
2.4561482204127695e23
7.188642744856593e23
8.665102484501586e23
5.851944931681648e23
6.26944239928742e23
4.192668362245883e23
5.9496404476331444e23
9.322524581730364e23
