9.985332745520989e119
1.645049584741741e120
9.744665451879347e119
1.8384972998793444e120
1.3334272978284462e120
5.7825704017583936e119
3.190451489404582e119
9.135582945780668e119
2.280838405491125e119
5.430360539660857e119
8.211806941629214e119
1.5276035834230235e120
3.2995114620956336e119
3.498338397443157e119
2.807248753039521e119
8.125640292141625e119
1.326188533920356e120
6.391045147537026e119
1.6393938167321008e120
1.391909224699105e120
6.0353316485462484e119
1.192648439606747e119
2.4127156237789607e119
2.3913789910555595e120
9.809945636394775e119
1.0641313143395005e120
1.7339914362015825e119
3.5782330464224805e119
1.327959684883606e120
3.3268997897202176e119
9.501694975861554e119
2.299391745545858e119
5.4686788675883955e119
3.0206246741285562e119
3.1676267921918884e119
2.0275604500034668e120
3.1153393931061737e120
8.548740473694322e119
2.96492585614229e119
6.1666480990277e119
1.2438346302800555e120
4.4483864162834675e119
4.2832750861174016e119
7.59976347330902e119
1.9578379874047223e119
3.846804196165755e119
6.989681834704139e119
1.1128315101212392e120
7.828732503633472e119
9.079843072894443e119
5.446836805967769e119
7.564178340701324e119
5.418178243160463e119
3.637623003112811e119
7.846945101244352e119
7.696948248714505e119
5.182077016096578e119
7.727695272914279e119
9.916025261766612e119
8.7289102541582e119
1.948761619566054e120
7.614809065199685e119
8.33128740596158e119
3.268405180741652e119
6.802223845449076e119
2.6825327401206094e119
5.70557219546516e119
2.481393229906779e119
7.46642234010878e119
4.272426246023986e119
4.967769194137736e119
1.7423808340868513e119
3.0135903699475933e120
3.774719287924092e119
1.5485719496899563e120
5.860631370671582e119
1.1224979685976417e120
7.166100993182713e119
6.17956468796008e119
1.403607834802844e120
6.81759662457837e119
4.7105874846245944e119
6.843312707806226e119
2.4382422105150383e120
1.2872030163607744e120
9.602550831820608e119
3.503183600618558e119
1.5540767976201294e120
7.557132693790394e119
2.7912568822532535e119
2.611870858939491e120
6.270243785285687e119
1.4461324583154703e120
5.063908316940153e119
4.923309450354184e119
2.7316140886682135e120
6.45653832098627e119
1.2931170087512557e120
9.234575134180132e119
2.6884930373425412e119
1.358565376423673e120
1.6614976858276596e120
2.291708603322225e119
9.44557092964888e119
1.5473892007015625e120
2.8532259041458805e119
3.788019820869757e119
1.342527597851548e120
1.0898935027401212e120
1.7647081018528642e120
1.5385128277347514e119
4.8014957855349084e119
4.918621017244756e119
4.9636837797719245e119
4.526586706839825e119
3.089333962548627e119
5.389461456886806e119
5.997256346758741e119
5.64445527147844e119
8.554384488597622e119
9.476219579418062e119
9.76911668162035e119
2.131805791033932e119
1.6722388162155841e120
4.36378361917441e119
9.99124719131831e119
1.764215078040766e119
3.4536414088534725e119
2.4195178950642018e120
9.748291156351568e119
5.960126385201885e119
3.011401041597661e119
9.533140671763575e119
1.7254027997444497e120
6.837112649855062e119
9.829440506370818e119
8.071240763257572e119
2.990461407706533e119
2.0391518480371524e120
9.719378905412401e119
9.789081181144953e119
3.360331470394106e119
1.131655926001595e120
2.6244366460430492e119
3.4460603416428885e119
2.604354092938294e119
4.2972577316983345e119
4.206209229964816e119
4.50043854580279e119
5.807076785549593e119
5.586745749288401e119
1.042271714728944e119
1.1153143714349129e120
8.164394475170274e119
3.239575044407421e119
2.585321651286175e119
1.1871696724703592e120
2.073683808054633e119
3.924787918573325e119
4.211924869978648e119
3.645590911940993e119
4.302111855359364e119
1.2769781989967319e119
9.954124961327312e119
4.5056057189165856e119
8.201159680557566e119
6.005903922404873e119
9.82131739099647e119
3.700736123449604e119
2.8494013213793204e119
7.278741563211942e119
5.425796013007365e119
2.7869170298286363e119
5.455291772585858e119
7.476756707820583e119
1.2369335294997352e120
5.931083349358843e119
5.8708124749565565e119
5.188247937820509e119
5.708063862167352e119
1.8840779813243656e119
1.0603431806956577e120
1.1508187750470575e119
7.930250174474807e119
1.1289753349589364e120
5.880925624730749e119
1.5020816543113536e120
3.530178938362837e119
5.5589214171246916e119
1.0737533044572928e120
4.6310144642304055e119
2.9818600761741348e119
3.2708271550074735e120
6.84391158545752e119
2.6534522267939183e120
3.890009068921451e119
1.6218670556212808e120
1.0121786393901237e120
3.242221072558754e119
2.767063425816937e119
6.771652467897212e119
4.978782936083868e119
7.712372850448788e119
1.4097514931766367e119
5.359063011763209e119
9.456627816453339e119
4.3782877069983974e119
2.7816329448760823e119
2.5305063360871878e120
4.836980630580738e119
9.119058490420147e119
4.9690508623242365e119
5.9163207179687964e119
9.026144568914287e119
5.344709839413719e119
1.5676187076497527e120
6.838088367912138e119
1.0825571751363653e120
3.172765989929237e119
4.269905329379669e119
1.3566598986233467e120
8.35012246349141e119
3.6410385817272535e119
6.511615127714205e119
5.561793197312987e119
6.678641471731727e119
4.8185607498608095e119
5.8419487324571974e119
3.17605026039438e120
3.679109873517727e119
4.908526592189733e119
4.2622151056821365e119
8.504321421028562e119
2.7535009946159577e119
8.411105866113024e119
4.8097837805123015e119
3.0977396081831318e119
3.221710642754513e119
8.385429848839586e119
7.306035295015851e119
1.145016252721705e120
4.823304457078238e119
3.245094833966777e119
2.523650155355134e119
1.0661038018665276e120
8.81970262148849e119
4.869355176602472e119
7.912184050164899e119
5.926329428656963e119
2.604167284212241e119
3.9090732748653706e119
1.4817707212662423e120
7.750335160227605e119
1.3981365773916286e120
7.997864607440612e119
1.6928074248008388e119
5.8925499146092346e119
2.9210134417511002e119
6.717369586150195e119
5.419179263443169e119
1.1253752540036205e120
6.055599227289304e119
4.359431465644932e119
1.3204123219745423e120
5.196652094571837e119
1.5077123838518735e120
3.1171592504623242e119
1.1522053565394856e120
4.561882270458701e119
3.891539264483865e119
8.172757414743502e119
1.3522992121819546e120
5.848705658845693e119
8.766950147446481e119
4.7083238898794085e119
4.002354073896996e119
1.5029275711044128e120
4.452261226371651e119
2.2228749767406182e120
2.5051593653644242e119
6.799358569616029e119
2.4753184628473615e120
6.114850245234283e119
2.7306824016581483e119
3.99066056543495e119
4.9688305591402085e119
3.2167924475677047e119
5.560979119539214e119
5.591071540626665e119
7.000298614954178e119
9.133220676917576e119
1.0724949554660561e120
1.2001003457210792e120
4.510296852782257e119
5.619838258205975e119
4.922201753623862e119
5.4010222463446515e119
2.3105742377100742e119
2.317321246299266e119
6.0764406749634876e119
3.937079964960284e119
1.0627686434525619e120
5.307477231494359e119
8.785814759465653e119
8.418100371327762e119
4.736645846700272e119
3.3488802803206673e120
8.776239775438538e119
1.8649459771615253e120
7.833512214568202e119
5.0153555967846876e119
3.7150794741464796e119
4.0723557294782524e119
4.590124647920552e119
2.8133522541739447e119
2.0550244189483053e119
3.2476946113358676e119
2.2613635639568562e119
6.194265021630392e119
1.0312789863821069e120
6.072198519027594e119
6.734366121160447e119
7.022421174384176e119
8.492205433932117e119
5.509538744602398e119
5.873321616608128e119
4.5689787751731686e119
1.0164904547059932e120
4.485499136822313e119
3.376073852616644e119
4.0434328187217306e119
8.00815778092093e119
1.8855027285205175e119
4.741703114473464e119
1.1464019150163714e120
1.7741002179436102e120
4.525671948343199e119
1.2736635863724585e120
1.56683354715487e120
4.5725402221865255e119
1.0832493409585873e120
6.929158725003584e119
6.52189268416918e119
6.62208765261132e119
5.07512143926111e119
5.037302035608016e119
9.087990969633735e119
1.1322817799308148e120
1.0399686785900812e120
4.201527692584383e119
6.634092373212157e119
4.7092991859977325e119
1.6472822366509932e120
5.7233264969949335e119
9.277179264199398e119
4.796487148898501e119
3.7318836893664886e119
9.218989500871411e119
4.791707902829944e119
5.442729358665122e119
5.285507903832057e119
3.8621417050499936e119
6.1994799628495835e119
2.1136230688547194e120
3.941141764332802e119
5.641179466874236e119
7.900402032527124e119
1.094392585371326e120
6.692349727224859e119
8.753945449995053e119
7.827870733165009e119
5.119444826077239e119
2.401416322955786e119
1.8591400072063609e120
8.064491440379566e119
2.002716207322212e119
1.0392165016456032e120
6.664782901240555e119
8.51947959729616e119
4.792905541461497e119
1.0132258822407694e120
4.927012868820976e119
6.0129578840707135e119
4.006404934236113e119
6.311368334202153e119
6.918455547353197e119
1.0171849154769983e120
1.9108382430001633e119
1.74769651446567e119
6.3995403759541266e119
1.6450996107929958e120
5.136029928640689e119
4.616541097154455e119
4.726763836304223e119
1.9135023142979127e120
4.4370074586451906e119
6.4308500276403514e119
5.172031478221846e119
4.0857823322299994e119
1.2751763455399284e120
6.602179660847613e119
2.8399594704477568e119
3.249597105261176e119
4.969945194920979e119
2.4052105551750775e119
1.2637866835911937e120
7.04905388014418e119
1.0604101388716461e120
8.886341191884695e119
5.939418016388478e119
1.6244422695960455e120
6.642446984085209e119
1.951583727205833e119
2.933241217738766e119
3.1940834931772354e119
8.044586118761062e119
2.1111827678646465e119
1.3226931653950315e120
1.5516368604448228e120
7.63177167784244e119
5.195798794010381e119
3.77802232351954e119
6.722314472934101e119
9.892590276518715e119
3.4150916938711136e119
6.824649026258292e119
7.22666642228892e119
6.586896854034854e119
3.393870180928033e119
2.261757395391748e119
2.385525429797882e119
2.107263819636811e119
2.1611370822542242e119
2.8051481832329565e120
4.795612335708343e119
2.8388037910540815e119
3.003959901822527e120
5.361392926700897e119
4.205194613208109e119
2.952438265969591e120
8.140465784396751e119
9.247172974014894e119
4.77256175534578e119
5.760421465329018e119
5.891657857429797e119
3.163714761752379e120
1.491056130339001e120
1.952107955898953e120
3.532605199786053e119
5.551930137248098e119
9.046985263404973e119
7.666826689244074e119
5.5451345072329836e119
3.524131782460985e119
6.22552179108675e119
2.8818513346540928e119
3.062810429968065e119
1.2983819513101256e120
2.570583208026333e119
1.9101482651280884e119
3.4194624856380176e119
3.715265371691406e119
1.8354354940796187e119
1.7786186336416578e120
4.155247980470454e119
4.998396386012767e119
5.80429660825639e119
8.504734265472737e119
5.939986311602674e119
9.751029383416077e119
1.0742375246501123e120
8.005624773860654e119
9.04759553053768e119
6.867619069464808e119
1.9338207980056534e119
1.9225617413228768e119
1.0954387845529101e120
1.6040903588770528e120
2.954996894278301e119
7.495934958667202e119
1.9506947366108665e120
3.980074475920881e119
1.733048639882699e120
6.767578781276218e119
8.608401309584261e119
6.974881989414705e119
4.8967401972387106e119
8.387692787741504e119
1.2869337543553829e119
1.0212884581626069e120
3.637745348354142e119
1.7380269474409702e120
8.366598065673028e119
7.621970768107907e119
4.2089936033864124e119
4.388677107221233e119
4.752146130340432e119
3.0591883586762477e119
5.270228341370796e119
8.479260833689525e119
4.89220443474321e119
4.4928350743449904e119
2.672185492983896e119
9.623899607523387e119
9.336960990866002e119
2.030585117967451e120
1.4425630608568459e119
2.6754236379442934e119
1.4273301016622482e120
2.0247860785498836e119
6.172574002558822e119
4.253162637323087e119
1.5356070529536642e120
1.2377669019327437e119
1.3756139827506577e120
4.7291703623787525e119
1.4276533418359697e119
1.2853870657489875e120
5.9164492442884174e119
8.249123816469057e119
9.119472405264073e118
6.432626297351827e119
4.316924976578608e119
5.9260369553203224e119
6.665792586036248e119
8.125277964753232e119
7.57250229896646e119
6.035671861818729e119
7.17484983746217e119
2.4773582118755223e119
7.85916401494297e119
3.3515082406826596e119
4.480786971707919e119
1.0549875399922033e120
2.96493017944391e119
5.2909974436483035e119
2.498023114435124e119
5.9269234656024906e119
8.893992443780037e119
4.5030294509329204e119
6.728180609425805e119
8.91156325636517e119
1.655391675816357e119
6.203297141547823e119
3.335337483176576e119
5.273109737171903e119
3.9102063553912454e119
4.314198407224585e119
9.106558078681182e119
3.270575160205807e119
1.7566218558509797e119
7.955345529988927e119
3.4889417231116956e119
7.254882755898261e119
2.326801523883747e119
1.1845941248291252e120
5.150726896706375e119
6.57995041392427e119
2.338969703879215e119
4.4799261558305396e119
4.1559626550530754e119
3.2606933055894166e119
8.878561165844639e119
9.437759897937042e119
6.630977604345654e119
9.711860278385932e119
7.062714093200972e119
4.390276792961976e119
2.302436096307128e119
1.696210370273517e120
5.992622036957612e119
5.214142549187614e119
1.1669934224198467e120
6.917575582218858e119
5.679167575799922e119
8.312337232101948e119
3.1191070839598006e119
1.1649146352620784e120
1.0080098839348646e120
4.150462194525868e119
6.445497029627606e119
1.1933592979674371e120
3.379976717675708e119
1.5395363932985222e120
3.3235377356800076e119
6.430116733569642e119
3.751705326239999e119
2.260041204653682e119
6.131045319437758e119
3.815937312147683e119
4.225433292499963e119
4.205427686367963e119
6.55046814224216e119
3.361358811498595e119
4.632907864369423e119
5.645558179805004e119
2.1036766866517178e120
2.633907784115985e119
1.12748993714318e120
4.664960693402282e119
7.468348357024665e119
4.3592493690008454e119
6.533039724201808e119
1.8340252524240955e120
2.1171223377238266e120
3.0446717922355844e119
1.3312425783561573e120
7.082818528400137e119
5.765573312394037e119
1.8231342344500577e120
4.494764052021126e119
5.347259418596635e119
1.426410327076392e120
8.267624894015517e119
5.425005335750696e119
7.198353778324149e119
9.877973344035932e119
4.879441379125874e119
3.864510547301779e119
5.99034302488576e119
4.5571860041819726e119
3.881814309309291e119
8.412054359104714e119
1.0875468766998276e120
5.754470218283676e119
4.452658703326197e119
2.1354329540020223e120
5.735325570534408e119
3.722167701365069e119
1.6570686691032182e120
4.576366374003884e119
8.681677338916628e119
8.208214431409921e119
9.644902611919592e119
1.8800651377818086e119
5.146758829825442e119
1.746824103972718e119
5.890515224561412e119
3.0648846518281664e119
1.0398067101963815e120
4.660971625594386e119
2.633768255116336e120
4.0470878808718545e119
9.58498050334144e118
1.229658639999163e120
7.951926728457394e119
5.4986486272030966e119
1.058856097982924e120
1.0296221339695131e120
8.977938764379725e119
6.717686249764934e119
8.719855503101596e119
6.227266427356448e118
7.31908286598929e119
1.0845965643791038e120
2.9705240375165366e119
5.3372403150366296e119
3.1411836762205635e119
2.142488536021862e119
6.2714311414510856e119
5.06595968479124e119
4.861337652820407e119
2.819302177033568e119
6.411821220237699e119
1.3868474417658722e120
4.227003662289894e119
1.2788268440705827e120
2.3290977009810285e119
5.9296003947567234e119
3.9226755125134425e119
6.569407000992503e119
1.389542127380104e120
1.8532954450191793e120
3.8994603429458186e119
1.1163047223103114e120
1.844458588349932e120
9.536657656096526e119
1.374222532069762e120
3.822119327447661e119
4.564130553219591e119
7.721492131115394e119
1.3919068416608454e119
5.871614874531679e119
3.467362958194477e119
2.048662578729045e119
1.369599715581097e120
4.056329978781564e119
4.0414471661984194e119
8.848958056515278e119
7.226952875401613e119
1.663404987415205e120
3.884417142220118e119
4.676608792856056e119
6.54839687612414e119
1.1584427995789072e119
7.721284175722971e119
1.964641631405578e119
2.2133943364492156e119
4.0439904919250006e119
1.3316874211830368e120
1.1683345847266644e120
7.012490261840835e119
9.005085399131148e119
4.509462470629695e119
8.777260112877677e119
1.2714263697181043e120
4.5175325186130216e119
1.283003301459576e120
7.879866083831464e119
3.747874097047812e119
8.895188886066178e119
2.272412236450569e120
1.3624150293846847e120
1.1650095328962683e120
3.934822603649328e119
1.1654234197661435e120
9.340858068223171e119
1.8977871065239384e119
3.648247350901092e119
3.527670918738284e119
2.1938912737280485e120
1.3043155243298637e120
2.1833424250947265e119
1.0119911656834831e120
3.889665071683244e119
2.4508865062442927e120
7.62238006486356e119
1.5433517726272234e119
4.598455103275109e119
1.437030691063594e120
4.326296191613647e119
1.539122374081112e120
1.7242919509735816e119
3.633173731872443e119
5.077069120963235e119
1.0594647063188194e120
1.4340351382976474e119
2.485709435943139e119
1.1435701101188552e120
2.0482731534133684e120
7.834041412045128e119
2.8730296415533266e119
5.988704206400375e119
8.990702148411956e119
6.96792054263791e119
5.327469589022208e119
1.9744742161756194e119
9.241157826714434e119
8.344683028183996e119
1.0501869320575773e120
7.624280417718124e119
3.370286584830025e119
6.850484373365203e119
6.625140909098674e119
7.822627490573074e119
2.2406180823908708e119
6.715484858985536e119
4.410126270609136e119
4.281334727888096e119
1.7459774020076865e120
8.180519837125576e119
7.341843747257684e119
1.0581035845150496e120
1.4261256316058544e120
1.3025107734056522e120
5.7417415478885524e119
1.0892406479162504e120
6.522538432499622e119
9.198923793897922e119
4.573743017623839e119
1.0950723890889835e120
1.569777846167753e120
1.8788909992040848e120
3.9046283733292955e119
7.70629764570602e119
2.6070369037507496e119
3.132613300142025e119
4.110505411330622e119
4.946440913792831e119
4.506514475237377e119
8.112408783984987e119
1.6372929937637433e120
5.8701424645465314e119
7.640849013705341e119
4.068065936325226e119
5.4349846549996204e119
3.857900403324623e119
6.2406836254718024e119
4.831681667190843e119
9.415847611446739e119
6.395211544504216e119
1.8234902725686816e119
1.409507759962986e120
8.612145440501648e119
6.09441584010592e119
1.3029797520963267e120
6.1617616666817916e119
5.003896856480724e119
3.455540063752724e119
1.0107664374450287e120
2.9336380494301755e119
4.120924949315636e119
2.412236777812377e119
7.78284851106578e119
1.0141428672130569e120
1.8370283590703342e119
2.383231523025373e119
1.6091710450649838e120
3.3466612883221514e120
4.578112509259894e119
4.108236498616989e119
9.633291987516925e119
1.1144471414243512e120
5.3822496575733674e119
8.325839620647834e119
8.543858384888301e119
3.609114749940948e119
5.896391197893208e119
1.1965671784469133e120
5.61965303686202e119
1.2856318430074628e120
7.037520882125667e119
4.55146762149066e119
4.679981860658797e119
6.779436409724389e119
6.964060959632624e119
6.1679177287812686e119
9.013796199457859e119
7.790472581592517e119
4.482712583203612e119
1.3152839077030357e120
4.639516573952501e119
3.264932918911855e119
1.4526132601427286e120
1.4486035979623404e120
7.81806987898634e119
7.024860941576035e119
4.1433864253678934e119
7.894904050875653e119
3.7603473775624635e119
6.006441745212327e119
1.5487804089198735e120
1.3642541011746325e120
9.04042270254927e119
1.5613916602638232e120
7.935134749174813e119
4.752652767682763e119
4.572504261159645e119
5.936361437149128e119
1.1869895423664878e119
1.3472487671240495e120
9.690146915628339e119
8.040337918803267e119
1.577569820556201e120
2.5484109571606055e119
2.8993004353723913e119
1.951472334975371e120
1.0161294056916563e120
5.656406903541467e119
2.166068570627983e119
3.4292380398122e119
8.867841271477706e119
2.491403154377729e119
9.121603186639375e119
2.4940490699225555e119
7.477099417578455e119
2.733153480302166e119
3.245211409785579e119
6.375928434602224e119
1.8035361211558877e119
2.756398359780333e120
3.6346647887870446e120
4.4213505318744174e119
6.426301265048477e119
9.305943104726318e119
3.4385925704167215e119
3.222295577348847e119
9.059408835132211e119
1.895702941437727e120
6.360960029244289e119
6.654308780668239e119
5.966630399154384e119
5.233839722912469e119
2.7941330062216713e119
8.424893181937913e119
3.858514257893809e119
5.803756240251818e119
7.875259887951276e119
2.78499910597514e119
6.6285438992617e119
3.281188035061227e119
7.442936244166811e119
4.690711446650324e119
1.7339998160456353e119
3.7737327444561906e119
9.424389786536868e119
6.0614154083137516e119
2.8790851326877433e119
2.3542253583181287e119
1.206652732788354e119
2.8356561844093546e120
8.373857052354902e119
3.052314649846103e119
1.0162394470532805e120
4.833980439229766e119
1.0537735482953649e120
1.730230740330072e120
6.526182372865608e119
1.4853741874798168e119
6.632132433441683e119
1.1798840284724767e120
6.125982503958673e119
8.0265077907682e119
2.41761130597893e119
9.403793132632013e119
5.651333840661223e119
5.643209581717075e119
1.0933985444256545e120
5.365121201332269e119
7.261165426850854e119
4.863443067474958e119
6.388700706980848e119
6.94012744261675e119
1.656995421681162e120
6.961350786688004e119
5.237706251020725e119
3.177926899854806e119
9.171834409665324e119
1.367384859638905e120
7.559260241353243e119
1.0685595307688002e120
2.6880034812742073e119
5.6578740224721115e119
7.713676068807124e119
4.789598281236733e119
5.152267067030326e119
4.793371434028451e119
7.712111087935571e119
6.936524970220913e119
5.455498592285354e119
4.8140460874441555e119
1.9184841699378054e119
1.1646180464688457e119
1.0251143731153249e120
8.518298782020316e119
4.207397546050956e119
6.1025010986187454e119
1.591224152160089e119
3.0796212206211288e119
5.07603796081801e119
1.618790238774552e120
1.1413186086660828e120
9.367925373867451e119
1.4585371548895888e120
7.496631017999479e119
3.832994500694084e119
4.526735459730635e119
2.7051054329102742e119
4.389508178329841e119
2.897511034558489e119
6.3340628146064776e119
5.494768942330664e119
4.009701121126014e119
5.379230001814883e119
1.3233842446183465e120
3.0244157368842527e119
5.942757237320869e119
2.6634447454903777e119
1.583649170596778e120
7.542015971931701e119
6.818072224768803e119
1.1849575350617792e120
6.891613152828921e119
6.766291181732961e119
2.4726257472857532e119
1.2006046524654713e120
5.199306901458398e119
1.4675896898453943e120
1.458454086996609e120
4.668892926684245e119
3.98659897891197e119
8.488754323647565e119
1.345449111315487e120
9.48964174156794e119
7.679814101696442e119
3.2723261623604e119
1.1924330178958007e120
4.8339260376115146e119
1.9111130996253898e120
5.846041599625933e119
1.0930111527022017e120
5.1398266500326435e119
8.428875000133653e119
4.604290809012859e119
7.757415323425385e119
4.3609027919044026e119
6.185227540273019e119
1.0566337117904834e119
4.149622431434156e119
8.268568391079445e119
