1.4214713895280946e68
2.315024770096075e68
1.0383501016052141e68
8.642027820750881e67
2.52819207100498e68
6.70323774528151e67
1.0928128565230572e68
1.423733125815741e68
8.051386587048325e67
1.1318317209630192e68
7.180822912618019e67
1.7362252667626976e68
2.788305664916465e67
1.7636391422178265e68
7.629503620154386e67
5.762145932849465e67
9.576437974460375e67
5.2754318667818637e67
1.1139119071867369e68
1.6215321203270485e68
1.5235809164460163e68
9.694004043087286e67
8.23248847665565e67
1.6046638355983154e68
9.54760901895293e67
4.0055903500023957e67
8.963171367739419e67
1.184345499000894e68
1.0224641498304601e68
5.715336730794629e67
8.091063102330007e67
1.6948232295542478e68
8.243987534359023e67
9.340992138129493e67
1.5353834236198147e68
9.000227232836974e67
1.260884898562331e68
9.24398447261301e67
8.81238872192609e67
5.463659398056661e67
3.537483600637943e67
2.47207970252246e67
6.684486754943463e67
6.741333074429267e67
2.0817235513446327e68
8.61038037557479e67
3.543879962479552e67
5.558932702402878e67
2.8558222199202473e67
8.152158033453737e67
1.1043705425434652e68
1.0502556713450725e68
8.947216574330354e67
2.8620858580760247e68
8.779252233002083e67
1.9521426760071837e68
2.731745479211141e68
2.0018489767907992e68
1.215328400314559e68
6.537003141034972e67
1.3514612328396625e68
3.6923801828952114e67
4.6834616036874496e67
7.04550222219159e67
1.1664597208560185e68
5.3244300123374785e67
6.076129924099969e67
6.882302392666819e67
6.90519859099489e67
4.61373130762725e67
6.441258481559029e67
6.94092370739614e67
6.053581464850805e67
1.3535343566556422e68
1.0565281274462526e68
3.849499058463733e67
6.462401658797855e67
4.1402973027203564e68
2.1618036928307175e68
2.8827412115834384e68
1.3763080878940396e68
9.024656246927679e67
1.3586889364966214e68
6.469697009685021e67
8.93320744651001e67
5.652024863907531e67
2.0797191420747245e68
3.731028773565216e68
9.955121876625406e67
1.1077587893357118e68
1.304441162061625e68
1.521022720976005e68
8.373201496453903e67
6.144902718411406e67
2.321948057780487e68
8.240187495877889e67
1.411377714074703e68
1.4762981683657132e68
1.6336162665875661e68
6.221860074425088e67
2.0160464041827378e68
1.2535181852567256e68
1.2595260113568426e68
9.909230959523895e67
6.833763397179409e67
7.547881495069985e67
7.856725698560638e67
1.1911243999407107e68
9.166698239783103e67
1.0467501215309222e68
1.4308819352397734e68
8.823688660920717e67
9.739339212066637e67
7.918630963360208e67
6.657316947319134e67
1.0302708063343969e68
1.4431721788645819e68
1.1145238617877861e68
3.117725863972613e67
6.671433355240897e67
9.34050518601539e67
1.8851432993860193e68
1.7468055323849559e68
6.289187161140196e67
2.267158265345006e68
6.947584716338639e67
1.9966433715206625e68
1.9634878979757856e68
7.827266665313573e67
6.701136944866327e67
1.476343616192333e68
4.966070059765609e67
5.403832232471679e67
1.079361255258683e68
1.2143822281735676e68
8.858386357879237e67
4.736047389165167e67
1.5973131605882781e68
6.473382310140775e67
9.135415051225504e67
5.3447782549191923e67
5.0621717483629584e67
1.5319164321381882e68
7.703204883888265e67
7.374830725885164e67
5.850183012613273e67
5.962157410236362e67
5.650829314497559e67
1.1403869220534055e68
7.203761132192041e67
2.6847893421248932e67
2.1641023246661447e68
1.205948164929966e68
2.0699626044671854e68
2.11946906802646e68
1.4917607041906873e68
1.3419522658748905e68
1.090238733252145e68
8.503249918523153e67
1.3279802216419666e68
1.515499052995785e68
2.0726599637727026e68
1.5432927152158783e68
1.8601281669735404e68
6.172813154810991e67
8.9420170090329e67
1.9403382418788085e68
8.958477850428173e67
2.1102892939095657e68
5.753521691197457e67
1.0539751712552653e68
6.609541322593283e67
2.897407846368223e67
1.2904909445473223e68
1.141651787785912e68
8.052351538101248e67
1.3190740100225448e68
1.200666188977855e68
5.963763283047856e67
8.454360914126483e67
5.566989952585306e67
6.679995740845516e67
9.592323182618384e67
1.5605005236626822e68
1.5830556427608015e68
5.897062433750398e67
1.0050847887857678e68
2.69781995049045e67
6.621895461392785e67
2.588182293762615e67
7.707678935723964e67
5.515633264992777e67
4.963985614544255e67
4.4649226181443253e67
2.0386621547078213e68
8.160928490765117e67
3.1333586876988305e67
7.459186255840148e67
1.6271134265811002e68
6.061760325328748e67
5.931774021998191e67
4.6730135557994034e67
1.413023379992535e68
1.6040838471692102e68
2.472442394914266e68
7.83465829971714e67
7.821880643722981e67
4.820803483262043e67
7.341054489135709e67
2.995288468292727e67
7.852830674377465e67
5.212328721902354e67
5.862732498448053e67
1.1572938981057103e68
2.841640751146479e68
1.707118547240706e68
1.360362607834202e68
7.685683658067442e67
1.493741976503148e68
1.0893177616947807e68
9.94051480605785e67
1.3164212611297635e68
7.388449029033296e67
8.799200369759712e67
2.0426767008862347e68
1.4381543347617688e68
1.010731603681831e68
1.2482274555276247e68
3.7866907320233496e67
1.5270839003030645e68
7.579672050425361e67
2.6974834418877383e68
2.7414904379382283e68
1.2329919495299768e68
1.0153069927662815e68
5.0972375167980284e67
1.9404073167052808e68
1.0710133211912289e68
7.702499660462185e67
7.385818682649518e67
1.0524484984229135e68
4.765706989251574e67
3.7233471607498794e67
6.427007221243286e67
3.8592587318419203e67
8.283415136012825e67
3.58887794439179e67
4.4118303391940773e67
2.5301023016285047e67
2.5142480062922474e68
8.385984566071945e67
9.758022456760867e67
2.0093598298015414e68
5.660589286411688e67
6.121217198209626e67
7.39054933514212e67
1.5793957171740505e68
3.185521579971642e67
5.686160371838138e67
5.432634567479716e67
8.114447069517852e67
1.9777270478304915e68
1.4708702285173254e68
1.0782288453317275e68
6.58549586259301e67
1.0160872748537093e68
7.797094621744595e67
1.1304686795366518e68
1.296802843815014e68
6.069725824080753e67
8.26279642370744e67
8.88608293819271e67
9.037031092092877e67
2.373540498481978e68
1.096200481724615e68
6.824762670708935e67
6.339344701323554e67
9.570828430961932e67
4.818513515053919e67
3.4827048547340406e67
8.631247216986524e67
3.4742747821615495e67
6.684661500865482e67
7.628463445497848e67
7.630959108876765e67
3.6762833918491545e67
7.790590520509858e67
7.602666804352199e67
7.27074026536322e67
1.8228989969234814e68
6.551339351942482e67
1.1500876618595379e68
1.2836409014396528e68
1.7613833462979353e68
1.003513811164952e68
1.0048115508277724e68
1.4504108470023992e68
1.0457399532101522e68
1.4218287793701146e68
4.687375825573171e67
6.837002233253327e67
1.8412022179315648e68
2.483528849678037e67
1.0070480951995373e68
1.720417104234111e68
6.966785187041284e67
9.681216013883514e67
1.3178485042388814e68
4.540453467146702e67
8.178546965213277e67
8.423463555772336e67
3.510575556730786e67
1.3647720326322152e68
6.93557509776732e67
4.440368417511423e67
9.499813522426479e67
6.388735759699652e67
9.375271648575012e67
5.691208229978581e67
4.926284394728873e67
2.0931197334395352e68
1.1722265800828608e68
1.7241633346376118e68
1.281788173748201e68
6.011107015995695e67
7.378398691495335e67
4.4521227122510246e67
5.168793315594775e67
7.431654500541259e67
1.3674071364068653e68
1.1576097147481228e68
9.213248070990765e67
4.766517694888925e67
8.003940594933205e67
1.6362960430138383e68
1.6497129841323099e68
1.710194655142823e68
2.4039731241520563e68
1.8444034223420162e68
2.993370659255972e67
3.8662481603697056e67
1.641750956335322e68
7.248235967957855e67
4.2740918571802903e67
1.1291259242374207e68
1.266011773003825e68
1.2845224976071913e68
5.0061239690978444e67
1.473495370242394e68
2.880935394165016e67
1.10530142058712e68
9.040687247360661e67
1.12913543008394e68
6.911768771432703e67
6.519457250869399e67
2.1416986811080037e67
4.940381868835055e67
1.642637768683404e68
1.7819829996107151e68
5.986991246278884e67
1.683550552048764e68
5.649242556400321e67
7.743459031183789e67
7.863141876477649e67
2.2393238250756724e68
2.1023504242627853e68
4.9032808974294796e67
2.4910980340050193e67
1.254292541092586e68
8.900942225802295e67
1.3694730801574786e68
7.305764617078443e67
1.3061697193441354e68
1.0685176820415549e68
5.409542137446043e67
2.0135735123100852e68
1.3284382392715228e68
1.140818453914521e68
4.644245595930011e67
5.773137648047017e67
1.4678290104266744e68
1.754910579365545e68
9.657078179692704e67
6.576776357639214e67
1.056516222836739e68
8.671442280468575e67
2.1992369475019325e68
7.576881240290147e67
2.236045867943466e67
6.657038200538918e67
1.1264423526617403e68
9.516940476866844e67
5.3839934052922356e67
8.821484263157751e67
2.808782292836285e68
1.7814679086063472e68
2.2117131920209214e68
3.4725529220578256e67
1.7483690824439823e68
1.087276854183751e68
5.2266672303835664e67
9.483002794198784e67
1.036503022200803e68
5.927492196962943e67
7.000913628867624e67
6.287171928515187e67
1.3237589994304335e68
7.576303794016366e67
1.2518293434626128e68
1.4364318088776647e68
8.44871075257216e67
1.382631421948351e68
6.348343747629122e67
2.3341395992563784e68
5.93089385081838e67
2.0938448078106661e68
4.975069290396765e67
5.565938807806522e67
2.9611628278261045e68
1.4279043999365074e68
4.923927356624885e67
6.543697167188872e67
1.1378285171073704e68
1.3614402306132923e68
4.267461442396153e67
6.302365802069649e67
8.955825725169025e67
1.3244396743614786e68
7.633877266991453e67
5.766259612602464e67
1.8358417784547181e68
1.743032294059897e68
1.0802617857437681e68
9.313204621356661e67
7.240526886486149e67
5.67149238327625e67
1.8904416626851782e68
1.5880245302634467e68
1.0298432962670606e68
8.551699009844754e67
3.640099478770953e68
9.95631116916931e67
1.1969854081872696e68
1.240786325103435e68
1.3596224870821288e68
1.4356035116480796e68
8.602564582647699e67
1.3924769610381212e68
1.0677399078621e68
2.795970497190206e68
1.0677868694671944e68
1.870196822719224e68
1.644719392945066e68
5.885143791626329e67
1.9415383764335512e68
2.024096062130228e68
6.954573142383031e67
2.174662828239686e68
1.2146786882850408e68
1.2931319024709933e68
8.410442901550019e67
2.725736117680466e67
6.840490281956077e67
5.54472680043226e67
1.1674253807489037e68
5.2417509093211955e67
4.307741303882424e67
3.320048933901835e67
1.0736788523011238e68
5.088041438090595e67
8.468195058131513e67
6.967954181271843e67
6.895481524458398e67
5.604911181959573e67
2.095666984451352e68
2.0130470588830013e68
9.192150953275197e67
8.082648849402348e67
8.164744188164578e67
2.7388667388877497e67
2.4868793923628067e68
8.946859704015168e67
6.775933889554269e67
1.2162741742066634e68
1.2782886176567419e68
2.302166353392081e68
1.1487687778066383e68
6.591211219757284e67
8.324279723939273e67
8.332922549557639e67
1.082307964216898e68
8.199236987939774e67
1.675674559723579e68
8.905532620599001e67
9.202798916540319e67
7.529412483653498e67
9.350349219651022e67
8.4557297854773e67
1.7493679751903973e68
4.8889279925573e67
1.1522601513138752e68
9.73881254194264e67
1.6798420764526875e68
5.050401479532769e67
2.3534211678759473e67
5.71201582300432e67
1.0190224525685821e68
8.945553004047406e67
1.4217139849778066e68
1.20717736143451e68
1.8194100419702655e68
2.056640788055678e68
8.727916556280213e67
1.4276211987917006e68
2.2020791331622254e68
5.761341823499573e67
1.9009993196115496e68
1.191151684414364e68
6.845640135808657e67
1.5256206738667857e68
8.759673223769408e67
5.52220069542009e67
1.370906416111262e68
6.835481479292572e67
1.7025415428268868e68
1.3679451960325689e68
6.264213598008113e67
6.626348490492703e67
1.172289176892386e68
1.1197380662196885e68
7.517467533725575e67
1.4709347156262744e68
2.474061379371463e67
1.2351761120548338e68
3.604976753678609e67
1.2135748917271188e68
1.1289798220462166e68
5.427738089054306e67
4.523027295312818e67
1.471063280767784e68
8.00987020945886e67
1.0260352639127078e68
5.0428362490184087e67
1.9558967363783637e68
1.1372629684555131e68
1.4987782833554766e68
6.981395844408319e67
5.836791296104305e67
7.859616894167764e67
1.230383824908122e68
1.2125370471490899e68
4.0320712307497624e67
8.445572305210313e67
7.608371059638213e67
1.2056728014557296e68
1.1197605640022112e68
1.60370739316683e68
9.024811368097013e67
4.5878159321989405e67
1.2572127674940992e68
5.533549013815372e67
1.3170600646517903e68
2.224749924247112e68
4.7253067192904756e67
5.1492072983154747e67
1.6871298736864794e68
8.0837517848821e67
2.1698843550166846e68
1.2432580341322926e68
5.565389740997875e67
1.2351393378099721e68
1.0500170057162245e68
4.9999578794442224e67
9.685797385066542e67
1.5973240118070795e68
7.667780415644122e67
1.1873838795142443e68
1.3238639734761387e68
1.0707727412204376e68
1.2508699300918762e68
2.0156184366319675e68
1.45407502311417e68
8.493283210251841e67
1.2956579062245825e68
1.171019366929508e68
7.188909663437473e67
7.314935821923462e67
4.9108515131951395e67
7.54139765478429e67
1.7679504619619293e67
9.533528571774659e67
9.808753982931328e67
6.848726507369567e67
1.3855071893918228e68
9.927625232902496e67
8.460437063576059e67
4.285265903680958e67
4.13363157183633e67
1.0681145513882333e68
1.213347100680224e68
1.0860652527945453e68
1.3843559335925329e68
7.698445478139873e67
6.16381128625553e67
1.1130049873222042e68
1.0091864072612702e68
4.334929209354422e67
1.3542546064099923e68
7.788057668959224e67
7.143955528512071e67
6.417071191098085e67
7.226391319399115e67
1.0852989817281104e68
1.288958366479992e68
6.621413922285642e67
1.7524178058513968e68
2.8345982485099184e68
5.72784996449873e67
9.061683767488755e67
1.339420031097281e68
7.36418498491307e67
2.1063950198129799e68
1.3678193847659503e68
1.167950286584153e68
4.2760767292760184e67
6.558346875287655e67
5.571929375176955e67
1.7379482201951277e68
3.052678515342533e68
8.841370532883562e67
1.8704258191178885e68
1.047320817287725e68
1.2261195020240225e68
8.607741914550293e67
9.211732170602473e67
4.269380754489467e67
1.5541265940092854e68
5.677305819454896e67
1.07205190626985e68
3.8722339437282414e68
9.511456912897817e67
5.2034094077704285e67
2.304776834973412e68
6.862197417339179e67
7.720290761333394e67
8.615702635751217e67
7.487184184271473e67
8.010361870924028e67
6.483193897171133e67
1.06795716964034e68
2.0239046493596547e68
1.232440719128383e68
4.7711741579429256e67
1.0041187704504409e68
1.0994784636833754e68
9.980477286558738e67
8.813829429595305e67
4.935558287358496e67
1.3899539218085359e68
6.671751036777053e67
1.2084253308332304e68
1.5009345348184158e68
8.302249490384546e67
2.1244090568472e67
6.346157231757926e67
6.118627522654298e67
1.5143338407356694e68
1.717810411325499e68
1.2069057848425817e68
8.565498089679038e67
8.645869483171442e67
9.164248685620238e67
2.2759748601806468e67
8.994570146565639e67
5.128688404179934e67
1.323534434676042e68
7.74552656851656e67
2.1376967549922968e68
6.094881378195188e67
1.251803386046767e68
1.0895479889279881e68
5.0986884592346363e67
5.620341833483988e67
5.2044694625928805e67
6.404651953513383e67
7.873939633646e67
8.629128891002307e67
6.490182691477894e67
8.27952693702693e67
4.254419440757647e67
6.467214052910419e67
1.2573379803076944e68
1.2335167681971657e68
2.1952724790402294e68
1.476638152261825e68
1.145505242021091e68
4.103030372884419e67
2.4076299156061812e68
6.32756112075073e67
1.2195571191583204e68
7.12606700175948e67
1.356894337036496e68
8.793953346505556e67
2.6199543783749376e67
6.227853796811676e67
5.314654920328102e67
1.0164059454317212e68
1.4445568532017348e68
1.4010852072331345e68
2.6567889560513772e67
6.313278909405904e67
1.1079681270465342e68
7.36686919361349e67
5.795158588251733e67
2.9915215400979046e68
9.236342766103232e67
2.4995048488685688e67
7.295532419076513e67
7.612145065446841e67
7.903490890659938e67
9.214673712233624e67
1.4184906580415149e68
5.307815077106224e67
3.371517796551206e67
7.197246849697992e67
1.6111389411170335e68
7.858610166253599e67
7.19388839235357e67
1.2131922420635537e68
9.787050179475464e67
1.3155298907116876e68
8.959885945063621e67
1.510227378549828e68
1.3535767655983967e68
4.222298193910787e67
7.498983522728308e67
1.0775128617673888e68
1.3388702845680822e68
7.322052284634617e67
2.366869581133169e68
1.0189585685644572e68
1.2406164268236886e68
4.278514219981401e67
9.179349169774846e67
7.414264192427169e67
1.4524534959358954e68
3.1955803257026733e68
1.9801847389244219e68
9.801194585985925e67
1.2470570139815799e68
1.3468099578063526e68
9.994010959025369e67
2.968882874389033e68
1.2168453345839355e68
1.0284800227104045e68
7.730409079371522e67
1.1350160513797047e68
8.55027187946726e67
1.3440853095671446e68
3.13255278986223e68
1.648003638387759e68
1.983454939831921e68
1.0171374701043519e68
2.3530579800582116e68
6.743165667622713e67
1.5316579270202692e68
3.8324957426997963e67
5.909324740699199e67
1.380369931346299e68
1.1552093708203914e68
8.670406898653173e67
8.61708789031112e67
1.4601664116642926e68
1.0168214437447569e68
3.393382185524703e67
1.1700988573798696e68
1.4417236425046576e68
1.0669343639481552e68
1.2839051707617472e68
1.2439082774905038e68
7.983590509164213e67
2.1267092707536575e68
5.516968489445956e67
9.579416036771513e67
1.7782968230528265e68
1.3170488498905844e68
2.843316117356891e67
9.529929564057806e67
7.17910572257547e67
1.2603263441285428e68
1.2521728859524868e68
7.909759323076973e67
9.079819034039746e67
6.064409666060872e68
1.3424480522265038e68
1.115420075683069e68
1.0518774713815753e68
9.938500673137684e67
6.025863168751673e67
1.6758003581008942e68
1.0546104767215674e68
5.128241773941973e67
9.825462040796928e67
5.490060649193415e67
7.28471182018487e67
7.149638525671969e67
4.025349398540688e67
1.24725784078899e68
6.579836948963295e67
1.0345770280318165e68
1.2498357611771704e68
1.742830261368553e68
1.1979927816427222e68
1.20603467872938e68
7.157436621972218e67
6.671721065704183e67
8.733241474083669e67
7.564557757046932e67
5.987322889220875e67
7.525311769301966e67
6.585707689487019e67
3.3350870118290496e67
1.5555179407282474e68
1.1477022152240827e68
5.684550017551e67
3.9618457026633564e67
2.8695704940985006e67
7.331037990664693e67
5.9175722681360435e68
4.61579633161792e67
8.582561984859283e67
5.521857791663624e67
6.349319986583368e67
1.697151882446853e68
1.0035921895400793e68
4.467354498826695e67
1.8876167983346676e68
6.434134798687278e67
9.64166343576335e67
7.398962078130219e67
5.648296656993552e67
7.437601538239232e67
9.750982424416807e67
2.857040364051145e67
1.0922363741785284e68
4.20686593245054e67
1.059731539193821e68
2.1499998520764264e68
3.121772625024738e67
1.2206011113544982e68
1.1020888048120083e68
9.046602760635462e67
1.591551470493176e68
1.3715888203561246e68
1.0120852680577476e68
5.2239950153296913e67
1.4801299190821235e68
6.545682605095899e67
2.425403315534581e68
1.7633285222032771e68
7.816243373872766e67
1.338434074013637e68
2.2984763508540312e67
8.686524351742319e67
2.4118262008593526e68
2.158598997261541e68
3.1524230188399506e67
8.082721868263925e67
1.104548661806816e68
8.983071466222804e67
1.0332974183296938e68
9.883442547372361e67
5.122731730069039e67
4.756398873649426e67
1.133578523176239e68
5.744753615140348e67
9.326230592656792e67
7.72299659206699e67
9.611949527743018e67
8.542532091858735e67
4.051319247039789e67
9.983714384534823e67
4.523296670401776e67
1.106961509714425e68
6.396845184003965e67
6.257899057816134e67
1.5547048645034388e68
4.144429921500623e67
4.4171065644534807e67
4.5722517491038764e67
8.465183345630658e67
1.4878835485072007e68
6.419734162600912e67
2.2689211115305316e68
2.3307137953120635e68
6.820599569345581e67
1.1891922831728353e68
2.1144988461653734e68
1.179565310116169e68
1.577348287712104e68
2.1080086865422651e68
8.847496093990556e67
1.1438957565396678e68
8.324054527545179e67
1.4580829449295047e68
1.467581858303617e68
1.1454824155233923e68
5.56328814022063e67
8.140113152489338e67
6.626296581746294e67
1.926442616156899e68
5.3040553120365845e67
4.184574674003701e67
8.950606804681654e67
9.037201373534008e67
1.838625604686468e68
7.104103475655606e67
1.2056641604799028e68
6.121633476805326e67
5.525364142037978e67
1.9626555940585981e68
1.305558569270698e68
2.1126354821490612e68
9.733381561700391e67
1.0115122435980055e68
1.031239630519473e68
1.2933891710254325e68
1.3254801529362203e68
8.636155512448952e67
1.4343761555177337e68
6.432226055861003e67
1.3208715460122667e68
4.260250420820079e67
7.22165709412333e67
1.6085916759230672e68
1.3578517825691307e68
5.743167823440711e67
1.5046794707438503e68
3.325263576631579e67
1.5467598557277824e68
5.18001415756746e67
4.7472163721519664e67
1.4263583965096736e68
1.1228006790599842e68
9.441958637801007e67
2.6568291867448965e68
2.6411052158733246e68
1.3805976754442025e68
1.3183353638574417e68
5.87219925694738e67
2.765245426324588e67
8.71917656934416e67
1.0761035447724613e68
1.2635452682334882e68
9.456852488283764e67
6.67046705857435e67
1.211815794780257e68
8.791015663479175e67
4.5926123222789557e67
1.1724572612735464e67
8.675175044507579e67
1.622457818381951e68
1.3595782137565869e68
9.25466833478619e67
7.350319215060732e67
6.728474511014781e67
4.9861648354132535e67
1.1588020623743312e68
6.714571674620823e67
9.692914097154082e67
7.850066264484571e67
6.87891539158564e67
1.3185998732179212e68
1.366460196980151e68
9.898572124368402e67
1.020419258973549e68
6.237647170125548e67
8.403317840113208e67
8.045777311406832e67
5.591018816113041e67
1.491307736722173e68
7.568275914715506e67
7.139881379383405e67
1.2288218806817213e68
1.1543051085522246e68
9.408339892523629e67
1.038852150409444e68
1.2128185917083438e68
1.0763931958060812e68
4.7595032435186857e67
5.219145402543617e67
1.0418378003581686e68
8.445312158213995e67
2.018638393502734e68
1.7192126698983063e68
1.1081332405399978e68
7.14314667088441e67
7.770747384557963e67
8.873380309698746e67
4.389416717249714e67
