2.626505151050805e57
1.64256301708274e57
1.9133352391656126e57
2.8079326243913658e57
1.4256866607788647e57
1.0651359698422024e57
1.2009001211608787e57
3.2316713029356846e57
1.4638273189192049e57
1.4317697333195498e57
1.4352876238738557e57
2.493647182261762e57
1.3052500174071159e57
1.922791942087405e57
2.271445535771089e57
9.685989047234346e56
1.8054778221063884e57
1.1933456464202719e57
1.4507902664302683e57
2.0271155146282337e57
2.8887957798715635e57
9.442722230299954e56
3.732278934641063e57
5.833544669077994e56
9.1600883269697e56
1.000109204749518e57
2.192104571154269e57
1.4062126016316042e57
3.117767537155894e57
1.9351179587428716e57
2.9490241911643106e57
2.654737540506729e57
2.1960893023249932e57
2.3836419064940114e57
3.352542806284821e57
5.8199371609296486e57
2.153985182662301e57
1.2233149158601015e57
2.2945894961319837e57
9.692429762608185e56
2.2458290621107062e57
3.18873746657068e57
2.3572337297027824e57
2.997004167415815e57
6.995316987244843e56
4.688375378928339e57
1.3282085726646416e57
1.3018050149697917e57
3.4787500468722496e57
3.9467823769252356e57
1.4950034567654337e57
1.4187484323506912e57
1.698179703918732e57
6.8682685668386e56
1.8563921863116985e57
1.191349176397531e57
1.591676133635721e57
2.1307816472848575e57
1.20431566606993e57
1.2742150122012105e57
2.7985280383240587e57
1.747970991966967e57
1.0259762314617829e57
3.644727258665307e57
1.0755219299893719e57
3.338824375240573e57
2.295189725771781e57
9.141859384171297e56
1.2669569282726998e57
1.787920177443164e57
2.1030778991353818e57
1.6407794013415683e57
2.1543529384152188e57
9.912657006129696e56
2.9815931880723637e57
1.229608560608126e57
2.2716470801222772e57
3.5516986331830955e57
2.7402172738456106e57
2.5549486658263438e57
3.696049515882235e57
1.0726671240867946e57
2.412984813824021e57
1.3772519543973861e57
1.4543672515258913e57
1.0187102714688868e57
7.16399474538286e57
4.768474089867096e56
1.985593281252441e57
2.9645852771079607e57
1.2970606880667036e57
4.261855593326191e57
1.6191519501208838e57
2.9541341141328318e57
2.103035778854097e57
1.752866044642535e57
1.6592448283990915e57
2.5087213805107415e57
1.1927192953500159e57
1.800652412100966e57
2.917172143293438e57
2.340277203224564e57
8.821472447089394e56
2.1006792465516464e57
3.199257361549881e57
1.0346440823805394e57
8.019318889531229e56
9.058177620777233e56
1.822256655580487e57
1.0893268849222871e57
9.588965009286235e56
1.437487009937745e57
1.8294230014260784e57
5.255754861851486e56
1.2451592318628488e57
8.482942749127996e56
1.7368711627109994e57
1.1628536209974641e57
7.912359668106186e56
6.282955168402376e56
1.3258043668131354e57
1.95194114456786e57
3.2275323286468734e57
3.9620864259598036e57
1.6825836261825877e57
1.6785418395802274e57
2.095436226369016e57
4.413226316490041e57
7.244177682325515e56
4.068482099327502e57
3.025630389844581e57
4.031267832557817e57
6.020323361493877e56
5.9957954096948834e57
1.5062758404130102e57
2.7008266478076398e57
1.6457073193042318e57
1.623479161008404e57
2.2691099137392546e57
1.8242523308921875e57
2.9581112105369155e57
1.6041589178963762e57
1.9903126096516364e57
1.83992208380312e57
2.118640883339248e57
1.932058532377713e57
2.7555126245358054e57
4.983863021405692e56
1.6111724975671623e57
1.7020129953267458e57
1.3905553259840173e57
3.0724815427241727e57
3.3901015373865344e57
2.1287616221768824e57
1.8873066439362306e57
1.5789926002349877e57
1.2053677510873456e57
3.9815708619030036e57
4.927018243244478e57
7.157190480891784e56
1.3230052900178922e57
2.3207837749470283e57
1.2646700181902338e57
7.917087648063423e56
5.028385519416434e57
3.162632395871103e57
7.13630748895859e56
1.5004403285882497e57
1.5969765764289976e57
2.495470050389227e57
1.5008982052512327e57
3.369194165086951e57
1.5020450456762603e57
3.196997563832351e57
1.797505687794771e57
1.7618905332119334e57
3.622932994117918e57
2.3746760623846776e57
1.1216247950707789e57
2.753295477807037e57
6.95905015655854e56
1.2981533758871144e57
2.2718984696282566e57
2.129828613585369e57
1.3612643615524614e57
3.315386813616229e57
1.5979023580004517e57
1.8890029433453866e57
1.3058321305999484e57
8.17049471499571e56
7.457232630417315e56
1.9150265864306443e57
1.2427494611499178e57
2.049704802537918e57
5.33158488756195e57
2.7231694615998933e57
8.07795177257339e56
9.489848498639815e56
1.96360714600674e57
1.054326650617406e57
1.5953522901934843e57
1.3478847109773864e57
4.64903631480348e57
5.982968615312545e56
7.488515316390005e56
2.3877743538502534e57
2.2633369071819542e57
1.755217869354327e57
2.9321452930853257e57
2.5148887926482824e57
1.3099482618907862e57
3.22395980331496e57
2.6986528899519548e57
1.2835503294530928e57
9.026509766741472e56
7.917833581351675e56
7.258995370452665e56
6.989137340520854e56
7.659994727376736e56
2.3633309736430152e57
2.5549359328458964e57
5.240533640587074e57
8.9692684675486e56
1.738689204796884e57
2.6544989636316187e57
2.521641956983372e57
2.7926091318182024e57
1.5142447881897209e57
7.67127006906602e56
3.200959419829785e57
2.6627622541929848e57
1.4320876228802946e57
1.391649561170562e57
2.244014954769367e57
1.3066139046638894e57
2.498058120641722e57
1.0900399265392027e57
1.0943786210789848e57
2.079693619612313e57
8.899804260693287e56
1.2773227162071094e57
1.7193552074659884e57
1.8183502446417148e57
2.567832958862491e57
1.093838472854916e57
5.380539678721942e56
4.265723241893077e57
1.621370607421327e57
1.1006771368081994e57
2.8181223418167253e57
6.997815641675093e56
2.812434413130525e57
7.76321933932998e56
6.586225692797221e56
2.2332424759065834e57
1.0637885251825522e57
2.2698537449240375e57
6.299882320347733e56
1.2853957788591996e57
4.293782528030019e57
2.1419794938569174e57
2.8195387640357334e57
2.3595155915282005e57
5.872874833538526e57
3.2198196463058726e57
8.666713510958108e56
1.575882654238929e57
1.498360218446336e57
1.361534698007236e57
4.411706086651612e57
2.0862469251505975e57
2.7808656062845928e57
6.651429095017014e57
1.6407076150191887e57
1.1427862960180514e57
2.093721647250128e57
2.1495634001269184e57
1.2589058024269892e57
1.5046797848529972e57
1.7719447999247814e57
1.8900370088961678e57
1.887312676522284e57
1.606865054130223e57
1.5814705217877987e57
1.595470914281777e57
1.971777432612906e57
2.01781305219925e57
2.738171543602855e57
3.129277598825941e57
3.0872262478382932e57
1.2879360091335797e57
2.6441133925863097e57
1.077287423801449e57
2.5825403458689015e57
1.6895882264185295e57
4.186537608523649e57
7.188951941044448e57
1.4052292207698303e57
1.5142099385146748e57
2.3244078485865035e57
1.8841308057498843e57
1.5647098323768831e57
1.919081033413578e57
1.996486770374158e57
1.8720713749664245e57
1.861934032061229e57
2.3770457783484965e57
1.9466623169309343e57
7.2295260304171644e56
1.786627269223218e57
2.6284881717871796e57
2.283888578213743e57
3.1443804294966e57
4.686219899834454e56
6.1818545113500335e56
1.5435208783812311e57
1.18035063851806e57
5.402792936798819e56
3.5175828580118466e57
4.177338571782382e57
8.419415113472326e56
2.9484926777971175e57
2.2912036211153862e57
4.4567282789712095e57
2.6293929079462356e57
2.6643523786578076e57
2.6390237196779006e57
1.0537496659060586e57
1.4414504766933584e57
2.542358020125858e57
1.0160442865454014e57
1.3134234775844193e57
1.2308366622795733e57
1.696877881059381e57
1.5390204573383941e57
3.189083036377892e57
1.37764306493432e57
7.708511460823499e56
1.651393578375945e57
1.1000330278369866e57
2.718818043070379e57
3.852505291277797e57
3.574100589205396e57
2.3869758200250557e57
1.3905203418823018e57
2.882841504413171e57
2.9664722942137165e57
2.3138479117133115e57
1.3725114062294962e57
1.4623614583079625e57
1.7268127826367834e57
3.0383795449021162e57
1.5477063330881703e57
1.2501739313033479e57
9.784390873306389e56
2.0123010845642127e57
2.5893678014272817e57
1.6486798131947005e57
2.0250841436273884e57
2.270599813300526e57
8.312759605905892e56
1.6690575853386892e57
5.930669119725498e56
3.055239212500895e57
1.5161824361160571e57
9.31256466414464e56
1.2667059919815373e57
2.9193869676160497e57
4.470946702286613e57
1.7083640210836785e57
2.5199571982788558e57
1.880560945847917e57
4.009576529424826e57
1.339162557627791e57
2.5727961366430628e57
2.034316733213173e57
1.4788444410558972e57
7.250011139424935e56
1.1872101370719111e57
2.8229257773242347e57
2.4021874315758082e57
3.904403066804571e57
9.777535472566938e56
2.0518864805611286e57
4.461624770150344e56
2.003125875479243e57
3.9071515390912075e57
1.2955126051643405e57
1.5246110499531657e57
1.4936668185055857e57
2.0034543725769538e57
1.386613108479603e57
1.462492808259389e57
2.0577823099720305e57
1.0325989592010694e57
4.499936868231897e57
1.9422288957429558e57
2.280194655279239e57
4.576955191353726e56
1.220717502516262e57
7.136558646697036e57
1.0545019252904646e57
1.30366435533064e57
1.7577029076520856e57
5.1817288860490115e56
1.0233258365977935e57
1.3232126717689623e57
1.519026357930012e57
2.079035851181144e57
3.5921398272922925e57
2.9423835052246784e57
2.3453037593143775e57
2.3152213833925923e57
2.9414999831053877e57
1.1016094725348397e57
9.432011563330827e56
1.334011621243793e57
5.428333729675893e56
2.060525599645316e57
3.190582017219261e57
9.813099772411339e56
2.3738641234147632e57
1.3922140476201629e57
2.289914958917235e57
1.898380401327061e57
2.848250230142475e57
1.993600418538234e57
2.3256051397845247e57
2.3565703485656755e57
9.597964788348268e56
9.4260294060824e56
2.1837963222289882e57
3.2995588767317966e57
1.6115259593343326e57
1.0920750591693454e57
1.276703657045708e57
1.5087654835446551e57
3.0743523760663174e57
1.4884142959065814e57
1.494934011868838e57
1.4380720774683823e57
2.0752370644127432e57
1.431334761451285e57
4.789415087698552e57
1.0042696388431128e57
1.6252014394743715e57
1.3963658866537962e57
3.2253461259373e57
1.2841749521495707e57
2.516566387216507e57
1.6423733242817144e57
4.87636870633132e57
1.4237599737092057e57
1.53234933180912e57
1.0337960101620852e57
1.495021872976982e57
2.2354791257037978e57
8.320762278517247e56
2.027229095524341e57
1.9566173690983386e57
3.951297379056618e57
1.6233072208180096e57
1.0216891553579723e57
1.0018920393655268e57
2.485522605044099e57
3.272470190403093e57
1.1959799454236369e57
1.6204925524144667e57
1.3303020976099332e57
1.3844654135103933e57
4.0448957558725934e57
2.3689713466734616e57
3.657160756235289e57
1.099981609075938e57
1.0799432235175453e57
1.946447167235152e57
1.7535192014557998e57
8.68098959739808e56
4.587801461829535e57
3.3644183465429465e57
1.625899914261126e57
2.5277362500138683e57
1.3208796760414647e57
3.9639035898526935e57
3.036243095678712e57
5.800720766615433e56
1.226603852727122e57
2.7241767578916654e57
9.687404799123415e56
2.647137453058213e57
6.043346163514633e56
2.8359397856404167e57
3.0770035700641367e57
1.9682888476747173e57
3.3159402637185324e57
2.5646288268359873e57
1.0982903834724321e57
3.366807480134971e57
2.7376334018883104e57
2.0073594640929223e57
1.929469437060304e57
1.0108834131734428e57
2.1417957871212564e57
5.695404378927659e57
2.0972322590599036e57
1.616380348319097e57
1.758016608724364e57
2.2298714382515317e57
1.5449345610876263e57
2.371383549876327e57
5.0451111077469996e57
1.804732275754908e57
2.5616398534696695e57
2.25026339695393e57
2.0958099256662295e57
1.5515319779295491e57
1.2143290724552626e57
1.218943747928191e57
2.0130004886928343e57
2.2171445518857567e57
1.4250965788284476e57
2.6406228388533204e57
3.688954247417502e57
2.566748009672264e57
1.5069823776586377e57
2.3039417178587537e57
1.5562139648433241e57
1.5179461738040377e57
1.3562724666102532e57
1.3009096058447874e57
5.181265446221013e56
1.272379829509394e57
1.725375461425443e57
8.454102224216802e56
1.7613964236710166e57
2.2636611906702228e57
4.76139208367463e57
3.026832418928531e57
8.412295789308573e56
1.5946156048725443e57
2.822987050291716e57
1.1702599552254848e57
1.611945566259693e57
1.927919805957053e57
2.6760236586176065e57
1.2413219649484452e57
1.578350859186499e57
1.1847473213501134e57
2.1877231443400302e57
4.01820494064557e57
1.9256821658457906e57
1.775819833994548e57
1.9805367119890545e57
1.8826159749997393e57
1.260870550108946e57
4.113804855096515e57
2.6732768294660046e57
2.080677440955307e57
2.094721592493058e57
1.244257690635859e57
1.4970259521328675e57
2.009541724083932e57
9.667310799254843e56
2.6774299396159226e57
7.605779940560466e56
2.0647447264744882e57
7.318915063250612e56
3.319982280984012e57
6.462056040145218e57
1.6446417168122615e57
2.5203853073461644e57
2.9309030344021315e57
1.8360863668799346e57
1.0427395724328002e57
4.6422928120704164e57
1.4325804317904113e57
1.55022354627821e57
1.7387397113560434e57
6.92274780574016e56
2.6458608989013233e57
4.203216777459276e57
2.3123208389449204e57
1.0244740974653673e57
8.44251682876676e56
1.3821715206632532e57
1.1500824075885619e57
1.5672735112211156e57
1.6738381813895346e57
2.3542549641512826e57
3.0661589656878623e57
8.211621166298485e56
1.7591611100582864e57
1.3581320677114153e57
2.256594469490012e57
9.86689786155944e56
1.3800614278223802e57
1.6986277802894413e57
3.055055387469583e57
5.3633378359818365e57
1.2935640617173587e57
2.128695838800483e57
1.7613655093836538e57
2.1470890880980746e57
3.6015464220077314e57
2.4416270427971396e57
4.457055637220652e57
3.281542293220728e57
1.155958838668199e57
2.8479984613493225e57
1.95747867561697e57
1.7515184791748646e57
1.4116594256048305e57
8.421182609833003e56
2.164413263184008e57
1.4187209558697683e57
1.0266820070542355e57
1.1553780446745345e57
2.2159863210787777e57
1.2487161960708703e57
2.7481600918946716e57
2.6312710674563105e57
1.631718934094265e57
1.670899459261848e57
1.1102684621509427e57
2.2910605466836845e57
5.751779064900446e56
1.211695780769369e57
3.90801090094816e57
2.7601614694478047e57
3.676955071667088e57
3.0387347985969875e57
1.2101918251456805e57
2.1375072405975973e57
2.347323562553039e57
2.149384283134856e57
3.6051569716962515e57
1.7299612647435132e57
1.7022274013222128e57
1.1468261459860852e57
2.099535770937722e57
3.8565740992164304e57
1.3811662763964539e57
3.68154088318739e57
6.2956289677766875e56
2.508433329923981e57
1.1350687484462296e57
9.302096867533138e56
2.2098338926852566e57
1.843770594877148e57
2.6196219741023456e57
1.0698902487215294e57
4.951315004935843e57
7.96605887015485e56
1.8516977517383885e57
1.6769707642382867e57
1.6607085527847896e57
1.428583874237226e57
1.998751403397175e57
1.621858966332855e57
2.0286877313554027e57
2.3632683896974384e57
2.4952475584344993e57
1.5565935214944444e57
2.5602070449970224e57
4.193545179701086e57
2.293434996038553e57
9.738887778053762e56
3.8196518562598734e57
2.078965993377236e57
1.1704236643777607e57
2.1926483872255968e57
2.344827554044852e57
2.0359356942747473e57
2.4480519221619496e57
3.682599973874064e57
1.4940879056608925e57
2.3467782207344186e57
1.4915010414627835e57
1.989383133667389e57
1.4800594814026084e57
1.5403985769783642e57
1.5263796004994217e57
2.1570212879413922e57
3.8417765095295156e57
1.0423040424921942e57
2.418815382571134e57
1.559937692214994e57
1.9149998769459934e57
6.571503408871902e57
2.2451187056195118e57
2.1646953419207654e57
2.3687647689766697e57
1.4054530798329864e57
1.1188593475670496e57
6.2271023867520786e57
1.3727947988098468e57
5.7797340708415085e57
2.5154807556318226e57
1.4517999338294944e57
1.2269380726771371e57
9.733740314360274e56
2.2633997689093255e57
3.177894070643137e57
3.7288851394327446e57
1.6196729916459622e57
9.909227529049803e56
1.4998742287712777e57
1.359994913034497e57
2.098279923262234e57
3.073266511896557e57
1.8964374075914556e57
2.4447661721255913e57
1.6993192678464422e57
1.8396584953796913e57
2.422907701406512e57
4.631794305468061e57
1.2115805445208898e57
2.3156637545009736e57
7.738004798504782e57
2.180102425540921e57
8.883608888473372e56
1.7688251422047174e57
2.498333366077703e57
2.9425234588981165e57
2.4193959229130635e57
8.67883180756995e56
2.8182894844298973e57
8.256444108105659e56
2.5898419488241323e57
2.4364129562939465e57
1.759214658007986e57
1.2763895109157968e57
3.4725076062236674e57
1.5826329146133733e57
3.243907566173318e57
2.5702066422941246e57
2.5934597198175816e57
1.916548866409419e57
5.7936507701365e56
2.2713544786252187e57
1.815283589753393e57
4.128590409950731e57
5.770434703051959e57
4.894420731016724e56
2.4895130600624156e57
4.538111936285893e57
1.4575581158938798e57
2.1909943929937236e57
2.024393638466523e57
2.178123197621465e57
3.0591581350974505e57
1.1354028156411144e57
4.312375608346096e56
4.152530621796447e57
7.322218766329284e57
1.1405343823032237e57
2.124291859833304e57
6.832421803227197e56
1.6207788479065538e57
1.2625688962745402e57
2.334225317817325e57
2.5867713501532693e57
1.3863497398127486e57
1.3385555045027748e57
1.6143091264342814e57
1.5597124940100973e57
2.259282314907073e57
1.417171423052726e57
1.684328194193303e57
2.5546333321306846e57
8.58033940240397e56
1.084878470609854e57
9.751082959097918e56
1.4650001617452638e57
3.4141820089840503e57
2.695404820839144e57
2.229760357342373e57
1.246011018962498e57
3.721927972183227e57
7.733746918603544e56
2.196499150408954e57
2.4553647860482216e57
1.104304111408635e57
2.776449380762356e57
1.8082213793977097e57
2.4990573541346324e57
1.4976564004832756e57
1.680976576943635e57
2.8366978322611078e57
1.8161279664917368e57
1.4183002607354268e57
2.3345644124546412e57
1.7329002906224623e57
1.0797510693252861e57
1.8639433731461027e57
2.936544943430482e57
1.988456735537036e57
2.8183323977685947e57
2.7321673675973517e57
1.971257902265523e57
1.3974059976263012e57
2.7697993752902973e57
3.9909455530365186e57
2.4502631350966758e57
2.8942484525841385e57
1.3307331608881979e57
9.657030326019234e56
1.3326373655692986e57
2.5632385793447597e57
1.5624752936706388e57
2.2894003897503633e57
2.2589750169248573e57
2.792288190052526e57
8.586141746061159e56
1.4272601324394038e57
1.5212184751691027e57
1.0779702668307362e57
6.219690568339671e56
1.6051522221339328e57
2.6751798838430864e57
1.2269157621351413e57
1.9986207650450603e57
3.3029408749157474e57
2.196066361367778e57
1.3547775610770725e57
3.1661038791609706e57
1.163964358534867e57
1.9104802861185103e57
7.114538886072424e56
1.297224033648111e57
1.6904372142172127e57
1.0812455706635407e57
1.7023097402653967e57
2.4148679780189532e57
1.2990057718753147e57
9.930167182895512e56
1.750382309995138e57
2.4374157623889984e57
7.70589117742264e56
1.8714881010533097e57
1.3300290143385732e57
2.7270046672445115e57
1.569711182805307e57
1.9998684653110663e57
1.4361600453862015e57
1.0029005093605393e57
2.3615848418632103e57
6.184024591369936e57
1.2618593075829984e57
2.1237436706641338e57
4.131369412612093e57
1.1323146475115246e57
1.6439894179441193e57
3.5784698446816616e57
1.2463524347163918e57
1.1645580355238605e57
2.0161372556008647e57
4.038600392350479e57
3.310321140368603e57
3.0916439608871087e57
3.0988473678468556e57
3.081616755256383e57
1.5175453361537067e57
1.9929038229521185e57
3.812119804823103e57
2.5236161242879178e57
1.1146084973000854e57
1.8918180463898088e57
8.961499684566035e56
2.998415564922244e57
1.984282553509907e57
4.518070130788295e57
2.4229344525745887e57
1.2720317611424404e57
1.6179928289822387e57
1.2975446699056386e57
2.864412276395441e57
3.7747651234633e57
6.813265182422668e56
2.6569528262524847e57
1.7660676775274996e57
1.0844887914994674e57
1.654762798267449e57
1.1625850976337076e57
1.0393573574484329e57
2.7457353768109895e57
1.5697592266291993e57
1.528375230007524e57
1.9083817652463793e57
2.4366897064812505e57
1.745606163129759e57
1.2658372684305522e57
2.2085020088306027e57
1.7685271615272174e57
3.362635530902447e57
9.058845419901279e56
7.432922304686838e56
1.8574663512192314e57
4.226987991315682e57
1.1742402622651206e57
2.6959815096650314e57
1.7791234357745683e57
3.22693246163511e57
7.175335253981421e56
2.126717275610291e57
1.625102917123171e57
1.6350465514112076e57
1.3014779304889693e57
9.56639487594937e56
1.3054929433917727e57
2.3380175320535136e57
1.534029203522863e57
1.6895732596506505e57
2.7185532243739208e57
2.2392711248683307e57
1.0408572597085892e57
1.9806919738492358e57
2.849671805242562e57
1.7283494580224494e57
1.698963106525174e57
7.4727775420650815e56
1.9785558705223968e57
1.3294217032435784e57
1.4063203653568106e57
1.1719782747198559e57
2.065120758591166e57
1.0004110853219769e57
1.3554233185324462e57
2.638154097511944e57
1.1102018869870594e57
2.2400986302079463e57
1.1712336314462894e57
3.6291335871398946e57
1.856900175261067e57
1.7206035095736778e57
2.3334409944063006e57
1.830110333530454e57
1.2781846472797693e57
1.8900329403409956e57
1.3760066994406976e57
1.586135391057813e57
5.240051189512575e56
1.8780447966472957e57
1.763688094986576e57
2.2440183227090812e57
1.355523756617922e57
8.058825320716439e56
1.9714005661606952e57
1.9304672333230562e57
1.7345322605004957e57
3.537947335164127e57
3.029536111256651e57
1.619521828940163e57
2.965604577528008e57
2.42751813552994e57
5.376403658973796e56
8.909246224846777e56
1.9742641415468226e57
1.466200171154206e57
1.0022317759040301e57
1.1011794732951493e57
3.0968699898525623e57
1.8206671030449125e57
1.4153248452884567e57
1.2173272918416592e57
1.5034949199320828e57
4.09487343678668e57
1.9526226466948203e57
3.7607757791060584e57
4.892616627411797e57
5.852664219351383e56
3.729756440182717e57
1.1083846782158627e57
5.025894009038076e57
2.644840641541368e57
2.0662189923515584e57
1.5464859455194577e57
2.643216988500125e57
1.7465351201423092e57
4.1833238059650346e57
1.9279816565082375e57
1.6469522062990705e57
1.0790218928559527e57
1.4494242603358699e57
7.425156893176074e56
1.6231403280820578e57
4.116926785060041e57
2.221306608160834e57
1.3113960360372892e57
1.2372213259866805e57
3.779877552084294e57
1.587937672533145e57
3.298655830238172e57
1.3495287669420496e57
1.7724696300245975e57
1.828108736998503e57
2.8607321097739232e57
1.0112495502553035e57
1.5042732834880909e57
1.8263737769675593e57
