1
144
9790
418220
12605095
285336128
5042436754
71393226972
824771174978
7878155295948
62831788827614
421455338269916
2390359529372724
11507560691433200
47146555210962580
164648501107878520
490478057528985379
1246267967684303040
2699011534350225368
4974951180049029716
7789072779030651782
10331383199107554068
11572091013322882284
10903991396745436100
8604682800069973622
5657109294078195140
3079744552140616666
1378336296860407488
502708689096871156
147798847676855900
34541333148166314
6297874958344524
872704473223411
88408846145944
6150019045016
261577588268
5109144543
