1
361
63648
7305240
613859609
40269324564
2147500025914
95726217156906
3639736652346172
119876498636101786
3461457325296584554
88480341574757112256
2018065031347924046908
41340936849994885152913
764866378116008839719898
12840864490425664738153550
196407756746428589499016952
2746578146337945846722243373
35221568356927878549370468750
415294220890662636616927907958
4512717640483943974413549588465
45283261696843957118975814902299
420368875917288900884837922370778
3615763023101630662337733888144998
28856748380121394573667563224280119
213944813373819728860855885349847163
1475119263133545004281498717096876732
9467367911646815558723006503386041900
56605820467001097963663466605958298476
315520480264237926216225922571554673164
1640550349665707800320033019851106517700
7960998065536663365212966623296628855432
36069847923958937976832914378446589686593
152639849299792946625595421576644925070433
603467246134429103410286964001846054914248
2229391134936004515441001629157485027869696
7696996009631316044850108548784735811865305
24836293405193986305301205182534908795520693
74900493934686664095480832423044429945523686
211101666851832356928531034263488161702746472
555981354896609564129725996070971430443083077
1368105215057096731173243830238962552903535483
3144676030060516614027144789058816695703742370
6750155849983471560978944051038213496753068400
13526825767321325505512017245112760881453311744
25296691300105748785295384579618428157721221498
44130405126182261828401999776314635052859533858
71782484060214550320410930798524335361807029528
108814052857187284701082522089290809375698809232
153637297203911537952322384076723901534802090822
201926110909019968459299213506810077813004483788
246883008634889037015471095761920511445173658654
280602354704520362695294852836562396429322371433
296258612551251412028000829707665820904515720153
290327374088909508322819547486912378324146991178
263863642955683486692294112596744829453419217650
222209320452338311172680267249533204336607363549
173233520852815049823498709814733864215323914249
124900284212263159489304468670672906162611772474
83197573031615198212364623585309746092977062400
51145393605270633096572553763723660732318819310
28984313086220112513209901484277918784979180545
15124165577128381983344714999974728557502794276
7257763991877943028140065344680324909527541304
3198960586297163629854558472926105110760821815
1293370330199258546128384347236305899068093138
479028767267930677055464230129958856529933246
162303369172894226417577483950281260460912876
50235682890392345162837563855406572334103127
14184069178147311224256069515513086087892760
3648184601336981595376810885966505706416542
853550655428579698682868640738851226883232
181409744368982261294761392148396394059704
34977982374129822070981091040132722406436
6110629990442390520743091865082639489326
966108668867019847776434285087094499986
138085367691087515704801744505607181941
17824737882402575549643336835108359579
2076121737675487032694727628414820614
217993072881619220717136980861679306
20614301723188603645691829994738698
1753586614147665415825085187528560
133991106737638238057812075154474
9178393172042790244140325666994
562181203230195246273949496635
30685921475430407902398024110
1486210579219353306210704174
63525814322961613519935686
2380431204794271962757103
77567867419406012121339
2176692345434349459004
51990662726910950846
1042239229698863145
17239800987440079
230417635173976
2423277470928
19366169277
112024785
435600
1000
1
