1
289
40560
3684080
243516365
12488282352
517314078210
17794428237522
518569625849418
12999197522073908
283631426534134042
5437823324697115896
92313527680257370002
1396453235495732788677
18923548997866444078870
230740647387977919912930
2541122816205582281166399
25357029929230564723578520
229895156731772535643882898
1898169948832947837972085170
14301500792644514266205957554
98493798149324598058080399673
620932656659778133758585266680
3587709117145678364442816049548
19018126475739302185187988955337
92567282325160429823238883135585
413977065242277803019534679019750
1701955313347242753951976318626774
6434826500349418106704054716554888
22379481143359732924720267456823709
71604934067954660464473479649536680
210776224352513649066431319646640094
570749142016441575408189580572211962
1421440042239545614218573767952707859
3254942410802592592387817880380411020
6850465279385327126709473783796311212
13244914982669502835117080244840444404
23511576143957854776602449980212971583
38293968999431325992089499454756054508
57183364552297276468936794863316099312
78223402343116599177605971671220185630
97933425243319586512656420414928360326
112102341145385973170517991100652424384
117196015046026200334637065955401447636
111766841620999593417439871486308820369
97110272151173491763114714140813393317
76768315557410510133664665030862068820
55136432761888873579612560179560794146
35923047298769825674634712616576735597
21197620196034342438583362028421294430
11309588837530758638109557576272090462
5446097983279089781354351400780348118
2362686816891009376093879370028313245
921694117719684509799517256771237138
322690924080116651177434924459165846
101194263352326991414035910080946264
28369173933087709607362814961771952
7096247819011329553422701666230202
1580904893713573293299612460781088
313135506316026992484656141276974
55059024995808098121801279631842
8581944967553719119198682345674
1184288871046081321869862785958
144520331728200295030191247392
15576009008158185038908598210
1480404989941647479627972847
123827762271983486234103418
9089449154468267991598278
583226183057905652523944
32540377771972976303412
1567799519122414810954
64655187862156749680
2257081439567420152
65788135623255725
1574008363259054
30262122949068
455088101602
5166116782
42136600
229140
729
1
