1
169
13596
693308
25175191
693331146
15062292834
265069706646
3850985758339
46838274976147
481992723228798
4230727873504128
31874778970749569
207127434998494421
1165175943750658424
5689945761772018336
24168333119862524502
89407730498984411781
288274477960207910354
810262236174672680554
1984778747108348854191
4234024205517423442510
7857009466090348095034
12663701441895321405620
17694372245373712733695
21384151640303534601790
22293912795401386325282
19990414578490173338642
15365931410821398931374
10088525056868615956586
5635734072931647255912
2667953588716370951606
1065971310955241125131
358051831708822025367
100744748430104158046
23672792648726569884
4634045443332544876
754143097164509823
101796042494493720
11357296439122190
1041265830876718
77727848077864
4659635311050
220020348874
7968140007
213424542
4017252
49196
343
1
