1
529
137676
23500708
2959442131
293228534478
23808409699242
1629098314287918
95882921440720725
4930376653867517889
224226093826948383350
9108574478243062608936
333197754430760437011771
11050742498077631783531689
334209454418992199603907268
9262470772124787795062185300
236249333884148559318699532019
5566327588365554705804658164436
121547057206539047211457875249828
2466928522482646314924400047641234
46657869460236160126103287690562588
824233530149625727446135083779570288
13627962437781438764131508690275518468
211288561372470540655508650435589961124
3076923139619532586857723569834425780298
42151740418756551942683957461092642353287
543969366935636301943729076518638474930418
6621269373146572669303456066629025075827288
76105387542844064843807432820165977282982288
826899751669171405212781704117827901765565210
8501006945911716167255813739927583977131737066
82765450001557077023843872362888774742356206950
763726301259404046647067492222185683518637777846
6684293730950488510437972866063614281737536174263
55525749011371136849515624807135209011197624448060
438047766092480822755133491239882162223244139261536
3283829592263935866506613100116988520706867557359778
23404234099240774381833177522584461742339440574043905
158659343689137424177470425453009265105284938941808210
1023477922725512943943834151381344338677627583128089524
6284920810514973031023412769721753440167437185849695502
36751944339289628351967682499534016390077664042100214979
204717716074445980605600484442161350658470147818526594308
1086541125549539691116472917075720099674593986363932088866
5496167819958554900864583375671940080004125715934102042334
26502780006107623404195458185181518103265943169327746435895
121849238932253512555288927044238079452953416059843894346430
534225730210441538260987200821789493927639370471377943026700
2233864786297593585707329384973294032550295448457924485568279
8909799038215065495389841318906095651971924902387558596363681
33899749734481109850795421337570452005630757585522884800870936
123047104777778968919292511803864296888542675384914893342743114
426100364796733742422760486086605470671901751926781715902525711
1407758355614623418450193229556113579304817587640286911050301940
4437325013669422422480721715144973089079024588761583976973488034
13343933755415283506283072109413754164164952505534622012650883064
38282494421952001823905358479279576926395775056101512147171391349
104772260515320105060864078372744670958080309232808293400761618691
273520679719309473851789527683859906213855291013810997217829772676
681070382852418975490807445219622509407175268511142049891841808796
1617351191181103472982819167997742395299200470545997964154278800180
3662453965597022333430131386837188350462799431173697450087057049022
7907388733692134447773058226826326611145943582756100692695768365684
16274862285923924762519971384773992766856002685045664159651315106448
31926247786596023497213111417073438708511366432023036637819347036856
59681620274556807656954750277043573354614735237385119378104882477620
106292895300742563245435347161925018921687724671188179141593630178150
180318572214228584461198740367794440282375250839928701638339685352794
291302319120223337226483118924545819624387033109125160782486031932609
448025117709281193370809729855993266421459240544178193464027799142142
655837776916818116052673811893027158680737399171135602781678783683326
913481771329878717758721467494459384389261579529511639946967338883740
1210262321883327939821756522663120009999136718229330780187296345421253
1524737634551735551491075561841797215737388709008275043972489373660087
1825994753715266315443167960697037921524093043031627482469647003783914
2077966467268040432560699269425387117982349411128071437659434104935230
2246212861193829512403165926142208198343784242703778934595225096442983
2305516995982483216958132855146385316068817155352350398980436358296455
2246028918433039022703582142076596874918790430503560660035720015688150
2075913887341085643272912674362683161751740226958796486954160103501382
1819535146671379845462270897563992716832875912312656220313413212856508
1511720664542652590813180667424990211965425943105540182812788478533733
1189975854569194522174826961559144482847180796722793628601092186976672
887050504378203342922199701383047216142396427949326631284579202140012
625868023024070585177584326202912580440268263780180902888239887701555
417748088286109631889882469593457975996780193333889084799459085743866
263638562430376628969623112564238565122927456928889707134303133476298
157225847864978943896323705514930033885676185533981009965299495059610
88554281983375712476418882258804900862659319693799619260499258331165
47076924767137082726676578841709451295634492630834469020925448099112
23607716651669772594565648459617487667594897663827787444387939211354
11160249872766856891439667256638932894222674886073222973314761455118
4970347239147719957519084052942818361883998746431901293500612955858
2084027708639013893110524550748555969298609966602137617511450006707
822105534456476411553704118824265762023418924473502454410648034774
304898161533585536046474939386846129877011413637538535085183633614
106236479646925355634892178904507518536906865637519748549372001165
34750863243114454274703862843805019614419987727784937950470363791
10663637268668517514434515512453811927735220508468475832409380190
3067337993534481561559553969527378822423639774761531103774273800
826413969379288055373264785768883255611479527133366154053176573
208387716171205924891872586825713796598249258896240037022539839
49140582702786302806977076596151945598425081297441384923198426
10828178508665108892168207255646295052908493793822875774580676
2227769124896206089495762645867285133150362284106578812882829
427601133810124007503809566460759043720394437039448407286877
76510193824969094960681700635472921697822721176145179813804
12751918770250187632955785503416746845644244543846172554480
1978245704710732141773627093012617133031032576577686616703
285441633676100743119551629672890757445667394860704242707
38281092478450233922234419940919256363830008451035909226
4768635380801035693642044593545449500023434085092465178
551411283381910437725084530126262844937312773789349369
59152502850681143898296180467596497792652462199918406
5883598361851246998656701715449519021702348957674914
542310865795045726697732879348140408376199875743110
46296634235126550419026612820655985018117213570326
3658403282504124653098150761599987032286997616245
267416687515303189916751814442432989697103738332
18067699053754522519691464214332851708409043518
1127259777189772926406995017561857360727837730
64870059255416440472031528531325573230311373
3438225202439862638336033722650303005977348
167540004060022013518293277743309655368528
7489472163872997742138841577490835111735
306332628206130215556928922458116171524
11428495505242065671333951866121992084
387474466584188417118703695748513448
11887618501455355256043660563705532
328390768953638578558969221680075
8121794269567092214857832277308
178661985380780202053689444244
3469502756910234966069293023
58966580447530308285993058
868392729160401340791356
10953508598574441334814
116726381907952209194
1033775997662536207
7456868302263852
42700958909246
187650696189
603431565
1320176
1728
1
