1
400
78318
10005324
938008287
68817690624
4114538426818
206149749502012
8833161922947702
328726265508168780
10754832937513676198
312361402579857132108
8118308000541840507056
190071833722340303154928
4031362506060837707079706
77829939868861571500750092
1373381728320215143569612583
22229861874131229422799245252
331082954296052722932236442764
4549660304277547833691223220136
57824201125787566041674560880632
681168004108339375086648312679464
7451324619659364449038908041752218
75818781038282971827648914870727396
718676445661847196038273581911152550
6354503488411304950056572340736116904
52473083681530340112202343134264129204
405095025416771852860895931102977159080
2926511648261209814626645033088569372036
19800591196875960987004552093255346307720
125562552103244673446475233189150165304834
746753508507625026378602717104565087268124
4167497107778094682667920903495091416179260
21835710165059982097012608379615403163417580
107457339687352761337752597028955693850771474
496862374947022794531532278844724504404265640
2159212841809902082753777391623208582750744914
8820989178521767293377317713700880441698712804
33882956302347724946879124377852774602214832458
122389702691735348492864705122241905911428200736
415761475642944398753918104934318015415975280630
1328297437317917636410277772551865407570562333892
3991118810972792469625041971979092881113316643272
11277686214809460503948150014871321645894340434772
29966160570291854245318415981997112011063308338800
74863500051715534294683520164592753267294680742804
175817544180190061933375631549204516181565582670394
388075140744176165596121922103842887543460561529524
804865179323697185601982938358336223573135439762448
1568051445447854170174277005447542269910324820715484
2868716950527415971355944256213480311253673568323396
4926631714622086921929671809754001920632725358990052
7939201825694134614280977583029402211117684095856105
12000019046984468176745597846300850595157468962008876
17004509663685033413478555690141666584427113843742970
22579113148461670940557325079635765858282476847451816
28078797720632225464407557159753336392399646425338634
32683759882726693118474059458060732748267561508685520
35588123068736540993916440019202890151026103658757536
36225969404446492009538980430641843091183897870153256
34449552072050759457300791195056980161962951840313846
30583478878875868960062981194393287963056534842451752
25328251673475247103957434087045032578293736564143192
19552298129416836082293964439280575569299901323313496
14057485896921687829951236739352101999547651336899006
9405051560340722353905049903466215316091985175188732
5850162587663577783173288245818591169865209342477436
3380027252846614195342226809501028091715559445737856
1812143157284222905781266814075745973502770753128155
900618820402478564994605219070937112944336022317288
414479287555289810410679673274916959351460166021906
176439167400151497949230666302624675314315818816224
69392627378943825560194343801578014925345371256772
25184355702762348787092225610806733246935529541656
8423561542675806199665560701741393902729633268386
2593157341516299531551929204767783671787225708964
733702923963627805449214127103471829349296723502
190513121274751977166773872447314057174520944588
45327024916361065990574120827780906738709258664
9864703622288338971920234950126294848965906168
1960269258045766576306001306606969325779109884
354972732765639200578525053170462233166782496
58449785573002630702230050265486482507215192
8730547674732582775961904001343837925372168
1179809076871070492003270298988846536750960
143809134226710140119142167476052538454980
15757088734241017817798966523001621364010
1545839809639219341949702075504521291648
135161902648371759492090495463754025658
10475936115207311274792886370531723216
715114244122033420480391547389472822
42659155093613157417503741705451764
2202626695260057627704915552423074
97264032762016092131344256843128
3617193675482451811612064995824
111015463572630527343929436544
2734394181235231351080566847
51897704176129083146131692
711617476237864452027662
6265956641703521787508
26568150968269086211
