1
576
163438
30456140
4192607119
454728957872
40471667780242
3039872964135180
196680354278525342
11133888421992534908
558273441723876812198
25041716205242064638860
1013070032806453382848232
37216521914693805873680704
1248722016797866117698119194
38457873901600112086292053068
1091848119949525641793780128011
28683286509009109400221904288868
699555482636858338107429296016068
15886015323437712122018568940201416
336776305275270024885252670894825028
6680628971875210973740394713106765208
124266980079453151896574463498838797384
2171607008660457784236904284133176356712
35714187372813959646482016790911993975176
553621661669370489375466232860553675546820
8100587164302028155002530056407340093643046
112025201886552038135918063068524290671864968
1465978173272337054259132109602480127881223130
18172951416793031305246201783525703849194634488
213621248165919368499735045009655090773413100482
2383329699648990976340980281667653347526632180008
25258770969825258363199208796266089300126446977796
254487989010790814590726805700656712678727595268700
2439277664274124483245114135526399675128959185580386
22257759562338455579646483929891526093402967266653944
193460683765688132506391700346254388165066104181953350
1602651129737853682081517820389981351697800085298479200
12660325533439409573704012821802586129119859741901816066
95415070779137148216572019248912532143607736196819403360
686349263879197927340042756624334039991829670327463042460
4714152918732025174606202797143140887374642716480538404112
30928011175284168314873211378017130705911531663770736690250
193881293209205524165458699845224496615471127096253555297124
1161684473373128824930487246339096505743860172198482444500270
6654713318258254133878644567806056506358975189400517844949640
36455943621425974255460285060406515210674681262551284178791484
191030675265334196606729506122275279015591440506032901195113716
957681622537106371727216106207513130697406276587347221124820660
4594095554951038065337232442971166511543791256154229145480380704
21091514970048784539728961896789713039350336009065260955191532114
92683702375058656047433944160722053076042692600738735235767710024
389885490123746986655851513450404237998766999373441427094737941939
1570184753061177387725752946535098581028548342136302569506147156400
6054499512406657227486580351757497181698809002383290234045788417942
22353503641280077835852450394277566898779967568862292433246713956764
79026247255790293031803598770123356716331780831918500667783975084564
267526481864243172494819501025336621784100158480164536909300640984600
867233535044226550098876671617143264728268348390300094791727736799750
2692009270131214671457123883468252469666486273590799986782986370231744
8001637882164112959337538295325900364546007711870204829592882092393838
22773365539458391875006554544107909618084729240889481297351490156057608
62058213924915581205506537655994622634264288772477828256226080200007478
161907349130953971123937586341404606928116159277071169707228572226435368
404384466268773102405856692670332890591914422481261882861382911905716827
966812676118516328320045700498296628862465016476038332624096162680540368
2212399784772846715200242987885716427332123693672434581371269620272244864
4845134852794197955315027614109889232735338132519028624245418315453524424
10153387059482972064297450281027217864371583887105154725883045385264745006
20357054773621179910948269191443837639081203208076911390272453259188081864
39043464432472523540984913998002212996530660931441606965152281546657604566
71620279955537104257042172485397937031350582352883962171209539756600255444
125631125552504164978223111713689972425134174981621303056350474425024002630
210690923269704372924313827420575141499755262244427392583791540817402810340
337745834577563060793266758970766307530414809014255638056630914068591829122
517407291153760373821621352440908783536106921097927174730332486403837760056
757304852480933222599633107785075995601119956118658008160522859575087136068
1058757240087922930190902897714595833175381800473936469642691000591897396740
1413500055640715658087772147044896528519915848179849060956757398641263521176
1801564791700682094801683985495231586949519572457548778123479938270065339740
2191461748665247194931739016236163674973202794235956783285355534553104567994
2543417586140055097179507471090870126946112741536970871148187958490956588948
2815564504137684180315603689026931982939696803006851302799305811466805843360
2971912561095460185733836579915484955287124116985539772353936454925154252612
2990077208243836462466766082296477034028194236914848766589477928752926828143
2866500752275885121377797860659504589706576397420434531202998395697985650752
2617500492594838314525521698780133415109243808892589263083804452512851930808
2275739692389915732460676706485122586583596679581160167617619461735373386012
1883171043735843504929137361694059380820855385798217892632388642087843003026
1482561663219125065599367421080863906621912853539018785816591129869395931164
1109967183072993945229136858937372645430262894737324225991888702720993098996
789940724600427559205201219041769953880766590807710714946412770226616761200
534161363803056951423727197504701780218173310545709659223519803210624811734
343039854164641682200790729291161915576889680193581210787724063361573924820
209124643959061564260558975239476714682372650819305173309097156579123112594
120960213373236769979101628048487025031695963614736156347876085002365542044
66349617932470180063425144582665313637742126452172206769438515284488567353
34495966796751196784494408002800121410601970741902929303706207631702066716
16990305620711070228321133935665206745425955629298378461275316869752474870
7923177571559475877571365465232024319106986041332550616972414659575192624
3496379253662108183138120618323410658112831839538851537397473520868331623
1459174953424794978346381120538201195179087434590285420378328727746534540
575582494321560807445889995818129538488266790541171802100194864055156124
214463610012545140727796035224431117058206091570287451009414843986634688
75434920013852437920338860744909996168473738337578444252931734843291660
25031290131467389998354861582301666785043877641892472815882057828056700
7830636799133957721402108713264238015268828769752820576667459087528072
2307897376272200779616831389446053817203549624011672009833137641626744
640375799712896630578765169755059254882306436661477624970389261638808
167161417555317980418631566516573690165402960966061514601904038619520
41019756421454970868007841239248357028317001415281930529105392602244
9455133679863930777125266542779996883467376892001357115991729974060
2045543776597775539926364342950874027247526438089094031694305017647
415002904186750232394771389726980862704551419919161776254012471296
78888462543742170392051385581372357738726331603481894906430331926
14037714768621191005007338933096749590741546609969683135064005944
2336036675015740043407959289918555271659764997579734137110451920
363177559214050485248063190705763540209118945480040250215426936
52691734120930096400109418160817417718593230218181576755178834
7126001171269978847351648059440435261251462165756656183501796
897196076459066234227905942443774760720708525958813087845338
105022207607923747630450871729031719934166503543725950373440
11412742021638629545452819184859759894759167820660691035708
1149519649525646207390223208455822369267209357069152240200
107125279469552526657431838256388453778800881429370598598
9218600514348089377881730413967807434573476482425179280
730946324818256907525780495229397780069753936484693884
53270549373578150450760784087157802398382885107790072
3558489412090429592286800914277699980405212696427974
217195923630432542785803210562795910309186145619972
12069173302431556819158715121006969173597792561952
608044231068071876779727262051206246148541985220
27638978456611705951112943578292958791419612567
1127119233162916555379657717737908452861112856
40959080221519163372584882193876137801743338
1315658843105889100734277813338815343002068
36987356370379188772346338523444255805068
898952129409182328650698362526578836860
18594535576579068595541849223887228334
320667077082248636802607787799281796
4482232447490576708782880715805164
48745518659111802655900384495204
386611670712986978645063945506
1987276555374418734578961592
4963704194366362387891227
