1
441
95380
13486580
1402264459
114333609854
7613150953522
425731784898894
20405252721413369
851369417500529061
31300688890208043566
1024016576308046321480
30051912460841009564175
796460752044208127883377
19171132515244493874293684
421141636817885359718890644
8478565286830109648731876525
157003789867653628822208071486
2682715154131995591829066120596
42416371230452689038605457353034
622106370014064604830236062661626
8482533083310136945423605365811584
107738301433874886924389790336005528
1276914809908557437561184988028484248
14144428401045546085682190525912730310
146640910916799505917852763889962486525
1424701040522175199303093434521036556930
12986387656248687720156245188521598261958
111172268331809514805170719371703380945888
894644757328712134865062983028868644622122
6773492956211686228620755690245959415761242
48284464247091414569526838302813304234595234
324284083137475110947723731364094102725235655
2053179558572993842654173891314046199616733408
12261457752412197652796046387402535645287806250
69099554443459577869550184704020829462250102726
367625478545807860697841227436634318678537794825
1847094938079585145465748935314218399274292273467
8767189311265945547399004521981761592203445755724
39321757958130756812290662495355201114191674009506
166686849595519829741384571906069849829944357431511
667946696102403887997617461888267451035179496347600
2530539368942123765448224020755145440973125820008766
9064782174942202871513543292504439716596611342772288
30704419109497310221385341006328738869545859622051136
98345529915912371156204571336100152542193197050576763
297861841395325507371776280672173154477538695877994008
853028789366530252091189910954749590636012885269542782
2309773393863777992416211735169640572831664887755967735
5912713453018474122952328567587943773453435220483344582
14307307664144778402075732653795612924790256178410869638
32719881520171816294309445467477067078890110914828086820
70707395818212003718765970610307760673843121176028697506
144351592569605962041395483695968984708936531871119904110
278339044726139812935315675502493998863975866380155980432
506760485826264028887613434459861661309249083062043667588
870915107701699084656936732515395478385080960002499776084
1412375078940337806774391296457920850006743060046796787842
2160580301701022559880315834971403265321499712380527066620
3116522770311634325241639674183984160640277012478464731840
4237127231489937959007828156688951921396790031866499063798
5427304686453208700939837613070889759752177825545230631988
6546466941623877137504447392834811084655492157548494366420
7432360582004447585119544404744476883232741827162662282802
7938141390603587868664866269472178614465217599935585567894
7971621212416566749721330534728245533795237384665620346797
7522495147393776877045072637681852505439189010272323896372
6666599690774940714591701522576639648349870062934732160336
5545003126846478506878677879973718828719771768940758931870
4325833720864068394101710597434376291522241206326457451241
3163092595478067167293441713335558945112919386370909675454
2166302961884388235861380011361147510046369668497445239816
1388578516440541697127878484594338330624789071697792409807
832399753321961719611942022381935162193349172725506320320
466291479303266991967399719401659763034547779535652916538
243886811965855024401068677766497742857912955812791000624
119001722830379335738162040356450970123399016057777486334
54121362680834322920190109108174275022735173681749265204
22921290386410668421900366008087966484715026421469878918
9031436496421947214859747561895983637498526800994193514
3307526766776507316403525853405632714992959578731951515
1124733261764612507995104867806447696032493632677098662
354778091811000306746946132207503179164226307012450294
103699949292012769022531324750479520778411934611066274
28058339908806193786775852123864337655611559092816117
7020213474678097530745824416013509316006046329926329
1622503769965627813992484958936584660071747328706330
346029069690137416318126562971438370125737603892424
68027044784258453283845322475155302898496029404448
12315558168623983300035974664052167397562481281430
2051193656724125322835543737047098580439478605730
314004294645084975768558111890478533371835468596
44142858646948988057094226873265912598347581452
5694112528690323685995878381143490862069958081
673443891088969264551568268901327876768546570
72975128916164459170435315512478040294937892
7240082956364191181303833576343050667709049
657198578725519197795753314767050903483927
54537057387620735890434258895414261980690
4133564748721883325825544814659606899198
285821343985626736231869452596615472933
18003813171727527164474125008103985177
1031148476089625047528095466238062478
53571708164589923543920701694006956
2517229289470996492693739616408291
106587174660160729288953836163485
4049226091967496769699613957222
137290860037956332729587716422
4128701900944430291522892974
109323950955016321209340063
2527164496432241034880186
50491905346607931373886
861733825838373470530
12388974045828087403
147547850258243104
1426042946769032
10897616130309
63623474560
270472566
778030
1331
1
