1
196
18408
1103440
47443474
1558986816
40736208186
869583076752
15461577137802
232322652402464
2982908737810114
33011123949634716
317050045744179986
2657132845480669752
19516867860507198208
126074141602767648988
718207733100413444826
3615791003785368851304
16113023571976549509902
63630056530066237699264
222829579016158267575652
692249818582046837822924
1907835747292313602013596
4663168848132142713902964
10102546758888395518710872
19382852323844745323008252
32896807250096034512235538
49321815176138812193588044
65217373407768058055759150
75911320323560762621071496
77613695658951598672588734
69536922510441817064161264
54447388813153134880116728
37148142709952311713289864
22012638362640771966308014
11287613839848131676491432
4988412680721887712343168
1891299920012562466298400
611947095277718474938090
167942186967717992162396
38808196316215335909928
7483897815558800295320
1191000517793648942012
154170192625848150900
15922585051511126402
1277269317303374792
76491365658277468
3209630077875532
83957861615022
1027533353168
