1
729
262600
62316800
10959122005
1523348800880
174328483746922
16891976721372402
1414664382391900838
104013343799080890408
6797425423072458506666
398791606877110074688088
21176736428940544096144478
1024874554664655857766399461
45469352178310884901948079134
1858593894007577961823085920562
70301051266590759423363713082297
2470070901684467688863790773919042
80889307887395865967129788788592858
2476323551034506620258071088839801646
71059217875113947674755665462130090930
1915906563584452809541138483282505649781
48642010091766082223470672172811190283906
1165161746270960876799612894826015207533190
26380053495342239991151124521703563875793257
565443839091078864924125276108875417486504289
11491520344061791206306285419103241249902031082
221736163177764081982741192875558439228573027172
4067392511652035912949515598914291096320152760640
71010610845948353504254281597337509759756324176619
1181209561115734578671564892930736791080215673263966
18739658318842472850440001549727739359445966712017978
283811908601169351781329211841858976532336605514310177
4106847635327446109463485932122939882601698414016658886
56825655774911298228144179564228546557478346805543317492
752425185106918414274888147811379418961816653226775566620
9540442242265335219332573653183664990883233613878771738954
115915963510837589170283807230006619204118724958479889161726
1350368421594009055571010958213762978740947282914183727474002
15091873612057146766034657804350927933637265353903136465040894
161900276606570370994671725777879397079510152506244515352354190
1667947857904715024255407237354592355779820378803419415200162002
16510146570161972245655417198071597368770227213827781107801845698
157088083214241007884766175420820060645762313791872204459333259188
1437267639445107860654795255849865782243468937273719484334634775115
12650308386948895339302058862787591355645728807900010913817628598315
107149464594536485554675197625682175356937714114375880787788813344416
873676638764951535291475042602514323795981917866898839809228289215804
6859939179138174067951763949119163800240419643639172655663234457994691
51883199731072923992067261756192541548477793149153917592307309230230689
378085398300694513225473535890490408859656730669269643614868777017968764
2655348249215922296758478136270710187701333682419934431731789026876538956
17977351232486043001971246403900252846419857166067057675658717786331203172
117354454110815462800642524043325915760373511685095549896163766978544889520
738810894180304770837946437148199922796994326161699402556671261733558149690
4486529211810978172017794816122409837203569582353467660470244553824098856338
26285039205837254536220496703796791188678158754156304528326952151541833525028
148593270224448406783475818285111410913936968235606599702037940668873578627063
810676873816827718157738692477301236059030243830034916473829295178681137688788
4268888660889821522762532784643720841237588084543553663314772407063390633588294
21699777188477331330738472838598371444807198295729739223754102869045243917564890
106492508997692178702631253890466296955598639023287314332414191291237890022790918
504604634092024966013156452753607071474776291788402247440939315294518535348238818
2308830984437936946377777346314811502952320182086871982376842664319854103324355970
10201817991859619165149551288947475120131712170590039339839893832968118105404619419
43535035965701671877344826722202075712493056630570042315215650290732948010080064537
179433393407489067928638744913125983302406862236668608607370396973826533785091036432
714321365527848875685293226809165219386562049912916062977336058136112005847322435566
2746812257551712893432699387321837568167542078933669685160781033822919666390998551710
10202916453402270385281725784528963752170623774286800711321378456110547872070787455197
36609259457612751528292952700706007290719471990253394092443430124445094358320889751608
126892615003328225386966179559358089164442346280019397736472444107370972900921021311130
424878198273153111676751544466743878717556723866914050638764033047648843718336493659118
1374281199556746384444701962815366310096583315716301674071805105976139461974187973685897
4294046267656876895488494418208179943389998863780876055950776519998148583211164600396256
12960784493082891872762502608883731836259010639521494398905347541045215897092673814757652
37788485163131571824857478408748117266376937006485861052331120253314370626470614818454673
106423661016685394658674754321025915175184629238644025685506176911886379395355167011339523
289501690620291320824583502290827682419217132093981876596073214933817852509821262900176148
760639234106035306800177775788883447813076024324817963904292268142492307947512574728905312
1930182801311420745127196676567848489275359777603938050180306005240731067537774698189866923
4730255222905337213453847508520917089811814819489380685769893728381295014849574827732656217
11194595186056473131292817292924559310525684551089692243792550060520195322279104628721661100
25582216448065139356741209537876251227299452221301434118282892126223473885570749947179806778
56446783129982059331216581574786536586571137400598675200604146795711940389440347879043486150
120246882885898982498979302128710886556197597262295469279613225662047493861351750397749626039
247287116845978743938141086177986420699587509771651119418303988456204184228969161673459782440
490883824625022231009043290328709119379804787677008875336083692299420169135131643078070523840
940500808730135346280490589634242703887217076720457401161509048576108034540643665823669637906
1738976201419055762836953783280577756206857421073773243974663164361118746251351440575202317940
3102630530203773943841267054990652560878677421876702607077442780021969249592032311694778976850
5340888979289471127826915873354517567728614842173998527216718151004420910055862468527320617358
8869239546888874788214481454672022946693144108152898762475326457085682453099740274890400560258
14206530365987021349701245836652833300917078568567094939758337490497000516479124670973549461338
21945986645156420503730031962145090424290408615310596640523541014461447137405871611210307080466
32690493235481432690960942393005098524385044024500082516875177707752280996387575530989590662242
46948111452670713566589831595091595281927333859700486157165583680264172329223761330277752254358
64994000715644280382231942553052388691267902460069879421693606612016147630945441810894437596728
86718605502372256603683747876100397767665985237522144044188661354414184656553018648997935062006
111495599416513717059006979465838666860866834981857216204128325313944309417186494551223774405052
138111333569608147742080171449813790335927662932396464612470695331089952182921268170453645900682
164794967558125774215356969654413107216388568334358413838535945427333371024359572295101536869673
189371944598628685538726285487119779072768270754650872680454675743231386746258247600387559585648
209534513832152776904224299974271253773591934655503851223787456592665395931882340395080895891898
223188609987988224697428966195080929590982988626800803344002510288290224752780368556612652071969
228807583951415208751742070255825511620982172622629906970882750314712855809832202516921367454572
225711259528488026447983067405586907794568284027242650599327251874806794179010917536889260653692
214200272965232647983827508491335914344583943443400777491350904820403118292906794147520680849026
195509300817033042916784218675791407823548162836809786565589318739666047264984385319072996656528
171588859169826171207879557215578692385471514580412913858563477844574865175402452643025066702367
144769035197235931807866901589490024158508298285824855395135177391806159424719971716581240339892
117385609852209823745482895465365220878280119189952756350528982443559872581746221605837333567444
91451588510295330103743345273130373749140482353144244145559820886212045148457639003288157712108
68436285153320700996189746493356935512799181404995891545438789838993448345382972048148580127967
49178906476984984917836962396027526999335462057642346373962272330392070660718699404546173146090
33926882407694117646146828750912673780083452261656772531218468653999058732497318807546393411514
22462284791025296292592350932523960669943100540932443711335346090834612171465720438075375474682
14268485525260090539864428011962403121612537788355691415381843921144895725464377873667762618814
8693240607045916466285862828568981696268420265783032581446028707311414959649904779561651028422
5078413683398954510048450291547014682131409671883630700623586037339666371383421523215814389334
2843652001632798068881776293343706346476642161833068752177087448452236940835153086432541869182
1525748645211081594385672395552928256877934838382745342665349579156528268857220059420829076949
784152616638505903986632737791120074408084786138559243539611051899848513806105772767599142430
385903595531022904190021124277659819875469052677527083218386602807277429300339871031285312134
181787455195369895187581236227600962265342511920725180725105552291808436731858669231573953344
81940521336423551557464694564164289905039766313386077830941240627230910545071090015738012565
35328301529278381849815694126460344834134757833786958107604941612968444953534459359478100918
14563713363740270799689174118599354573341838367413667901604516098008634662897940436859604114
5738250752872075310533981468707783318093730312840246142501064623000330552615076802350156399
2160102012569655859775856400275152722660578374009821743926305110397851844087424689199743456
776572927559923135233786771545059294144645453328529381907313654354103312573852564816194010
266517663412517891932558941341395243285961820615335566558081016491968463887709083682058582
87281996609792605136244327764672383089485890817436701577565541072058521110016078106129025
27264284562533933187341179372363091911825626866165678409646810441832460916765182570153669
8119828573117781921389640985823756659068737040029409265409891259618626742272526241172306
2304582716222577467673107885372374653006703045345801989245498368174510992665869051670190
623069782060070856874778929208870355923808757528773250866785335121399734486085257732043
160392225482762273857472226432997623041004606540047119426773922657235669331050886011302
39294579193648121688519154133154856041329536045850975131771530227030916321283246312046
9157618033583268934200882945516416486402365939196614033451002053766776930621745726446
2029216733259969094534385355694995906518661047012974879657714603834920713542547488086
427330377005609944849546215087836808363849874744932790425049793124781439195564114478
85483085639647651708170284903540229082381150775626908720176083891834642939082677234
16235590281048099648170002772835470578806933632364048034928068575054760570765789528
2926287699448168199640261120538000174130033322168604475030337330769415293245566935
500283715497320517447162743440201270387888557610586953181563568217510839258683901
81087875691444502811536615134738591444995866144001436743486483549419206349351368
12454511246097747533020114980740080068107547520787274293608108777338198650886906
1811847658897814656685861272043912786597500192354987160540791865009416929773586
249538070605736478259372149330693979806502418066032350511344156663626317482309
32521595566607221730027630470011239729248741599299369064402612089359430017476
4008956074380448184897016094546394617175435496929847387102686444999667152086
467224220913148820189139785716167062480000281671648578450428874673881764943
51460095752024369342848127999901692604645219290452590155262329486451331633
5354150552466728701422956087839557469110509212009920669765319619835809056
526036706310448771086470334257708221941431414485013000563724791758113554
48784814462148274436909096445722084361572595829315676381067362657134704
4269137005143760660062777497094626007261382423031477195086832067345958
352395541008276462023083992547900578342944872303756267728867533513312
27428709834489817120298267180680239959069002320635275437996438711214
2012393161680201173716814619179951219124509525467348905675537236578
139121328459918195825902908645754323975770169146022999262366230019
9058911666135310343047016519009598328901084409517139480679564508
555350963698685202714450208020317823908290573457287848294044854
32036677249653336250959451572184414957054711575701734598327572
1738030419807460483156018854558839759020107010359406287371134
88611754998634007365041249525645706555880810272547381281926
4242148836508560296290517955879133288743559221401627132878
190506541460391603755717754213843092572030814788955001082
8015938513829526167320143243098379467613734437132737899
315589724363851588827358702318747928306749975836424718
11607046409083241261604671744757820541132671004005002
398062209177981486718929261142171566402924611365491
12702664020623066606838597244360830763702903547719
376281124067787011558417963377215388906149209902
10318768090037934825051654770674120662252164656
261167551301669942236202806816945753268770653
6080042900185392317349480248593225709013261
129699456502842895275284915258991962395286
2524486070395754273665801472958255756470
44623251071143655110456600961098950355
712555300804175169295366560077208579
10218672849978286609775492223996888
130746738044496797889709229679638
1481521304219958578426813057128
14742516653407321549309452700
127595298558987457695240514
949811948314274423799166
6001367260317000264840
31679426231197693036
136996009973253368
473356480962196
1264076304166
2489317181
3363360
2744
1
