1
225
24388
1696604
85152487
3286192514
101489568538
2577681275622
54912339921707
995789500001315
15548436178142582
210933929907697168
2504313915865725113
26173452645157147909
241960031244135591664
1986288643031862123264
14526344085748624545440
94891937691645198069617
554867138755120872294106
2909225914779511311306140
13695408176797403914530737
57945428892734896441671168
220505785996227985368265546
755043243348113962630333846
2326822931326349531726801905
6453349962578870398445843146
16104101290687870278351570860
36143440902314362282365189874
72911123139676044827866364531
132092816187574300541925768249
214712883094308418903499748190
312771437157609621211236151158
407763269937268217997920832772
475060887758358357790005180304
493770853706808882658069643280
457023718358235803411854188122
375940655950879650320527794817
274237415708287211115647965665
176991559371852282245893533582
100814928399040458372733131568
50549321791915154452911600868
22251071836420395884394562146
8574930886600546514175876684
2885021342577959083753620662
845137040301568335001845033
215005064930002978292057181
47391131642383158639977506
9031961862940245398590796
1485729307855854257921659
210612518063716153470967
25686009393801329098610
2689356731265324760036
240978940763745815487
18393257657814545488
1187831537338592532
64299412422771868
2881297272836782
105151903917104
3060237245786
69112457432
1168192250
14053977
111552
512
1
