1
676
225600
49553600
8058725534
1034902881936
109310403430674
9766610069637984
753456723675958944
50980092223750126104
3062820697947308052458
165021768449995222631628
8039303808773228754378938
356560969163278155824491640
14481659920933970920255152052
541310644841478864568535722476
18702748434856199452377124065417
599579258970555732879270788567812
17894794348104134953984061484127596
498699498336437319609676902260953252
13011819385160693361733154895311011216
318610829647341956304782153136907779344
7337382725456394525642081133386427563836
159230528926378415503019351033833601678368
3262009970451423412774668064530952803211118
63185800384096361346483092092306095444921816
1158965609055308016740667345445564439232161188
20157044488293535951830420654300933293102769348
332835260473541330548332829913472748218664349924
5223677230606179385257521660593940000676037666596
78005983163003838757981941088840670464479871487178
1109454478525771430956549675127456950374467351825992
15042328047494908065939730279307636427750099558708670
194585299982074856372845529150016718940451338448224936
2403442298667729942271952249209400543321161166745172128
28366218405842530035502369272947299027322659931962313500
320115456505095710420637127735408163357954957743973048582
3456387610887274466038220671241049493115251315366215490600
35727551161921293141509042638231738370442625453099346362468
353741619968940892877490562145417630938098299715319639068036
3356542577380463607182051825001789113506022773847712046574950
30537062370893548657618645634519216907884169718554417524968652
266491569058964278631667784983240286321858087422877858648050948
2231720330283783490659102329742190514775640828987212287407238184
17941669457225553028311389395961487197776093997545319318535179304
138518546275193086901023593800696030170260748448561470255789786272
1027352247909914524217601127420653717222352455954195018573068593630
7322027987393826029562971085360577778524320583480857466386624871720
50161266873973210467765915542183944776038197367745578049738503580836
330404637790225973687295389575976383254116322965657912923389120897728
2093008899056867831203425962561783654631549836075062776785370850229974
12753866840163613560795938935834721792142577730759528955015938876748996
74773772185465366554615533435704313536084280461772829688326717225509956
421868021897247610910477631467348845404951083351273411032388908438008524
2290867696558482925943410494389714917044619798496679012620747759408254548
11975368154277680554977980816161577190124723961989173433612466525202258736
60270676011140000376828991885410203325691552216968957919900357197498758042
292084277971712178714907110576884104267712621520698402774427991489696996920
1363156824794323002174126040114817049989590910475188968263890700743350235980
6127224514926391376421913692563238258111772164974348107249878675244759169216
26527805465086996638988518111178994437948363100856802327089561666015539019990
110634926554531746532431829673708520240167266864416258584747418288439150704148
444493286975748623907226619241677801981542223345223626117771544453364971548446
1720456788390849990848179552876161160943047112838519815496998784010425783068908
6415738085100758529810231185370027103953157669511615951945874290002595267436397
23050890433073760436526780179618208079826810552262744195385587646540435586011896
79795116354385019639319347162516234387847453921857543157514640260647742415574220
266144341932250431747218707487821491386253137849723856117695104046108304062119620
855285044848170030075091375223221828896069187262483499798597146920451008997290972
2648215553055295859329578043201792423278962342466242384204397139917881175659245096
7900171017545499045529276548677249511787216710910267317122252803112813881622987824
22706392249686813973061472462639692030936137091111953084656289377454631164886785208
62874131123414926701985139522441756868590435012837791598144321659114496079660565804
167721153413615389580495740159464948495898500865652212039907828861103445907207042052
430994304036616303252349887743689208615265832656684885029065566013362152420535351052
1066829672165782969909118064834559815427900372832951751227858669584662032404981908912
2543470688449029913709179295943070482463011527900508723559775587769112241460050535628
5840243717913899098659249127461575976579110647908287691071949678895893392130089999736
12914231839468367249048739858884451132479365704384673723225215906627248044455458255156
27497720454211240893579150137613434556498513486443601791989241769944229050026687730676
56372697977270675038067111064170893023697606402717927309032290596262920855914889832362
111258929385583641487805595911600812473325454683329576644407781168778139050840724097580
211368958110435760228251313410358884072530795333330032889451749496700270685151249206156
386483191799100646918336688519344906856160609080804705140598765108223061843105927497832
680052376896088595644727454258270217658014879033819493160142925109945960190566433068944
1151362876627304003287259894500941975286261091871281939115278527045970955033999111814416
1875307322109069440240918461221258567203427995923077945752212626727387445216369040477946
2938000130273001392968877272175381087936695049477982790741222663886396917460450068552544
4426654087446738924844987108700473787005447073205173011090230310322528137299961558466992
6413063941685437364186773226430188643185011409915121624401436734338967613967111038226936
8931822232428977409876955893699905575325683262586071991300456266797981423791733950031990
11956770886573738729420350921848065747440779172975701818486885471564260415823764432268812
15381489856866324384351334620145510899829576688629147581148759954205334598548449037663598
19010843125930801288398924567059840680193902358189930012748055369772161475760628621323184
22569770122958787263292642775462531753435077445768135299645253614926124967305738297329806
25732172358321681609777548940577142067338587159592034737090515960022054243169222912854368
28167386774073832059978745704665724536952074690238647572849341190907778280319273024141184
29595870699623036422198914900016026761782408470673221589812956666929724458502743420886580
29841471230559576064030516178272642412720344089273150439553722830764798702419808371257688
28866914666754411802224111001202298696438795180050524431479458758076253380023710258504844
26782702015370312876160118605959589033352968502027811607600959373040503048063529925561244
23826568247117723590377730339523883929946459157407547561032673944870844340799346703826264
20318760280950090577944898974847612878564874448506618658294037496524244099202958378052932
16604787970342489469766615896774748927193823606134903699259674177406416339258433894321208
12999838256348428253237021484915986369165531239305904987157970327941561656655236692602168
9747098335369260165490253219716152382409457352468437748340803261155714546504711517135352
6996905711513576105808130713189212877349949657758219298379692438400886627141961328256522
4807138337321660031930258704997367500859577195318637177403762537308024717373570305605844
3159875086760583600057889882068804459138409640934019440622048687522567360102239695279928
1986574059587342129998853262106315379144056846060944879717047469349433081159516756703968
1194087233576541546647141347651712779094542008390249189490542068037629822092668825225356
685969333999327443485146009422892801761706973388698170409257511437192263488669423399472
376484897372020757730344071099640715024809228283646354158855358244008875587640973765202
197331948698183003021988098098360052522732655434196723649799711383923337258655574155768
98737671078105853246360886279336246925457089368776062784513069665288515373753537313576
47144218497426256081925222162402782085967510496477065482391405145294872872160640864632
21471100688165252203578799388277297961772199591170352271311622689857293981544976121110
9323444797862882855357646828158606268081500455686268418935921175692345117332999211876
3858391442630707540633133247012390324045254561674069871402341941160166444335316327268
1521076576774632264559403090657572085185087079716683018526469570874117003292729179108
570970132244493135346672664850695996719702334027548028960547184431463162398347487084
203981706230446748948895224116864926598908991980325669120179945957187711387613245988
69323079602597460729872565348620586959099967807410100298184462526591283572158628158
22400706090946324186488080770856878611416524590221001161141330949061434312897831116
6879014749573436299046909533097545644013383704570376876588542122744493363190098132
2006548720402019094621955875325096097108693326238789622580513345975750166264271048
555654690544487812082380569273367838193129128484980828533006113105523446184433052
146002161543264580871698204835283096218445366063869445739665152132913626065657884
36380935328203233797979515822666467361403606300145229272492199036758418413205169
8592184745943479616343563241232276427518159667913118128350650410731769835948376
1922191298913273902438976120642106006504151449695938629473088143450354822879378
407092939771139763863858593975405577360912224699586216004962254658166395295348
81569379004627196033495499433723580071357007653765252608574345252377923973924
15453297352717013661320476746982770387208692564274380393807652547547732501200
2766238042759351326664786894002150084863452035127302908709346336578053742880
467557779089273589686861410139963452656721099997551171909869520526091340560
74567393197810286131796924906597010357843811144180564665027918341044719638
11212621000718788891771296552219047702657603610315674853336143276490092212
1588438696280147776148810338249470419813462486629532438213343872472213934
211827002129703752018614838787680163871686475803658047135044233100831096
26568147351683160095896913035144944587276724396311361409955560564585868
3131178976608650160125643727684376206945247641760036373159591431907616
346410618886281084433893406023244589776002986844905346696825934869448
35937631132051745341546995196302896512313753030152895178061519158964
3492080966491296484738780925497476889269796357766604608303825668339
317435286592064088292668318430101327469810825123633484842454494992
26957077529657141621364999229817218404959509752101321846048592788
2135459920021823809041097936119183142592182918441695307784952104
157543362214967341639428104762940800642612018508737759208459156
10804688493299645918892627438830332289989449314354382836515048
687469206946048963791210583620560174703346939621920416532102
40489821660631600426361770165546342528644463726331184715780
2201874555295841357197303120622607971484931744744307478438
110243798493782571149727940307924657117348211766535573292
5065512789737095025917278977616768594553841271811995304
212810089293024306626412009864417640848720209664873576
8139730258672128490764893389922264069259814137030592
282052697582243075346978465889528738355525716713208
8803189331636037007908595628988964204850938846024
245790828088465594888168110150571189032799317168
6088952919695328248525016398506689510496915738
132504621807736033221326894020716836998830292
2501754419870194466328580380611738881100520
40339933948815368464601473046791243382088
544150845183440930096391243503525188246
5969156700476948452763691426373106236
51111041090904147713880489165887946
320182849662618325911532557334084
1304024035729212605788041968570
2588716234142991968960920692
