1
484
115080
17919440
2055382210
185205015936
13653752767866
846919172059632
45112101115679938
2095844298671965728
85970160257669637986
3144382888927056530940
103379901976170553381650
3075988136866216477864504
83303893687644128054979632
2063501329162568176489746556
46950597783049312458292489932
984863757699921356871529820080
19108009373984615708305537847104
343874514176447388654650408735500
5754812987352306741473146300212750
89761710451189143219281010688745936
1307551051697281633708952496975996914
17820635155581423959082677182281098792
227612242835889112445191000318407179434
2728461227792586396604317041573950617992
30737620231042533190595095557703501347448
325820897162830215357734207391888506480420
3253275975094614904544964180557823277203346
30628740744659569486721485022082946561331352
272142762746411949394814704125748806481978426
2283919525962334231610639456509374161292212260
18117784488986794220331583524364939849995597228
135945030499040924624174995987923004072716424692
965431336186351086861441097541816393563570825958
6492611693855102528085843532919191813775071202252
41368887710206279372834119654065085472857323072542
249849749676171999269024741331598112626040841726328
1430896815965168374237072074717306901268531582899822
7773496522674309358997924140202791049071451682929668
40071854991410339842974099369471469570558013490955520
196063444545894292558945660395508953335263500227599796
910732915928321119633964928928357088764205154176867466
4017079941607563792336156636437958636886922138830848192
16827835370347388097564428519073460145403814718261467932
66958211851335531661591731855199288694018690480481798676
253094966200267528935084559301067836383982404479622916708
908868019579668972442398694021250551511333324507156728724
3100824594040443017943903228468313087246006908090685583642
10051301834525389625771332856366788579918795925708272215180
30955263150704957879093303699420551411688521785631956109680
90573490315822654896465273968725805652810280251466003791824
251766998413642569305943603084498113074805654670047790786342
664804394701220116563412443417958775190674834122763042218504
1667410328377424494578741464460828570254904229168791536258562
3971831738773929893046014883242186631755187238774803789771844
8984117814807887323150606468703452256389145036623183612695600
19294041449020476925412416906428333749705753381242932916095560
39332509779298121720111098719910090218869525661041736745696680
76097258268986628344848533529427642781848473479605423114170080
139692882509940456706975413252988103602131369199965359591074572
243252535998121070854316383439672696519251920657375632809977784
401697535702462295235653803141117444060584372167532917319809882
628885411542657871968251297479461843333675583565177217212791744
933119665909868575921759738650108643764410616576595236202323583
1311748566460756961240577924130017671584463767011405661863876716
1746450637633599699975770531573489608334429306908678438386479826
2201357490004699716587281057671526161533469579364425149401184684
2625913997183357135243436283133065860491937995769448842481472276
2963085647350225728069477670914169574912128672485141942865404580
3161482479513442281222579771580201849560289166803031679984938092
3188013953227834903490193644259204078328373665468099223680916704
3036850019879522450635936854344370149233161365735921716600246998
2731377824193612950945848927949497269078302379597875802321937928
2318290284833961503572981406083694597595818204272649771538851468
1855856296432424657059263762315455203372183653832341326283365100
1400440791381357171629171489729927917704424441875539780034500808
995572292601292603945087168199705124814224912626623804493053908
666350164271523383245558840149279364577640789417433032650158146
419641089479143618200997309361755533695750408638780568635302724
248492554299793309930473732019286370436568958573947839308882440
138265078023596971978915129050515204348480460596628059184365072
72238517656129192169376078824995280030827265891310127547879736
35413197885078728314025482916513412187915106812429777344855612
16276961401933589002061440591659195696034809391648669931238612
7008966687252573720088992709326625482804074030166325772441276
2825244753355457894052919432006248888194371953802110163665594
1065163709944895303277517633576636670360976070207649654170116
375282970110807002188642731845823427990908771032489294930402
123450832440492900869366666701903712916723815330211865217336
37880682940613992688422969658429325991355836207953614291800
10832043447223642953604294847411408951803139362186085137156
2883598123026908631576221781789218125824289009769138835570
713895356481466109132941005015941287000356191793697935608
164184437589108614607729791208501734251899696721366811582
35036809486883960993875719638439245782067467379672330124
6929173505170312546504838325858525548785137266216884492
1268349440706005927765792745096233042051750896942482348
214582719414951756469441889654909276273152243824886398
33504352139684400516055503231452895046007048626788720
4820109434600438860747788367646053968844669278032750
637817413705588632506406933495001423154726792582000
77477931620897765845403350809601391442544833170840
8621226547082854146400226070486553069416418979740
876652389322602024738312189588355239455849527736
81241807284081957242554503218496132478728389468
6840584640468745444270252382810702657484726254
521486768533765743502576002056764744755185932
35848344535100028393782785508826923413561206
2211665223337931184261505722852221572181312
121781274093099581445195867098924215546582
5945392849832057542117266225579045376692
255304087462603943398867517551201414666
9549367443529172258698370048529084744
307358459214920066060202912988419660
8381426694989641939151680231185012
189714955441268302562622984883366
3465749778700107809274645010372
49054665456595546989537097720
504302548562873810008877744
3346623165467240334608512
10749154284380665611224
