1
324
51136
5239808
392004286
22829958032
1077720399538
42397762374912
1418340918023792
40969826999523768
1034163399690010346
23031184136379552620
456079089511808085242
8083000151214089042936
128905299824177095424308
1858362004035169632844172
24313864688680438047562881
289670193170476637977356132
3151672341378566296926684684
31394798457307356393760801252
286946661709523166739975002286
2410984340287218666600619801088
18653136139198032287996561002470
133073928477132102073024497604892
876502050033559777382972239216308
5335705149078382117583356203575756
30047076918587239396093049941273158
156644682020269258575336251803635200
756498247481027370195196466629565798
3386131225167125682700912665843716692
14053380594638151768154924746336616684
54096946078269434998356128582921255840
193184549342875298716399712043142154402
640079597256346391943060611936404224920
1967774587858473552214067970902317247470
5612800861297868093754268223938871599660
14852407337387495698462210010513470570780
36453996296877652288940468821302190281948
82968239052526103367778854957076129625536
175046930813538940730635065244042946875544
342216809984993345443374063211367605912462
619658099042061253669738343012230477346844
1038672211027003330236886893786105350342862
1610735973198739364136849221798836134657372
2309436423522346285840740635037543585004040
3059232064652186430098477425079301859126532
3741150627089730338196868661912727991254736
4220059105163784011972163369905668989592320
4386914036921302104292350211908000619120744
4198613603269502592606655810348771275717744
3695811201870481607511870987197221858144988
2988774560382771052543699760686341140539064
2217938375245197272153333118382719835876338
1508490086350223348331670610956957139729464
939085761048016773613321416419911176188758
534366529515672113151891201338435872730024
277531660862694698590230768336352373812804
131358410670330685156215444158235300739044
56567894907842086963086389838542087794948
22125951007098194687339175297557902821632
7846212925842460267599043907253596912374
2517663725802418919854734223880260136004
729468049469232057038651697725217430654
190416167022895800118668243162963177436
44670412123402887525308145043475465877
9392389783330412446592982510229384380
1764655232524758991781400782914549284
295251327773901665136028744542097936
43821041426386743179833392034972584
5743504000813115881205765576470988
661270673490826062783923624981954
66459315483335182969749350623212
5786280015431705137187084618466
432354033958352864628856697416
27400957949202621935978590656
1450796640054781437949696924
62899989286169210368682928
2172075872381443424573624
57375028620002970982624
1087150251924443866368
13136803148585529996
75925129079783308
