1
256
31710
2532460
146608359
6558317232
235984235970
7020477731884
176153338628674
3784235129731708
70420082692285198
1145707426306893116
16419723899651415412
208564384546826695104
2359951850810353430002
23888736972210312715516
217094567491104327256049
1776483248969689274144756
13122363075307997374702934
87681261535625214897540908
530881341181743093484246280
2916774019876525292224293508
14558739392165488279641048412
66077939839890886751417230140
272899330796272666888094488584
1026070530048093309628501376424
3513316302036240231680436507296
10956854660992520914570617951140
31122755297638991290344902464338
80505210901972127136985035655904
189580092632737805488951089265074
406250989607858914460351259304548
791739882390466870149387950345355
1402346280424816585649645365184928
2255573333182486562375092038106750
3291385164801236623260149010080344
4352702751303385097816881848380141
5210553601922746941405614802169216
5638800212769453122967605477791672
5508684949783955937048855474249388
4850585175705536909153450913656546
3843233916564416101550258171445960
2735083469341455276685503981029440
1744899766178978656554891132808176
995837003835563813062035611635126
507279143307452980730354420990568
230087810850150661558779312575606
92680441656993864553326367703556
33058921031203783778424622603353
10409527986010632182766708048584
2883365984552243252967248186198
699824831643955335351809486708
148166859141093357481379480997
27222062649796654260414933712
4313419369139950509060084062
585094305884939993619178000
67323178089528623237589624
6496015208854307824068340
517886703283600569484460
33447125936041843850644
1702718937767250536554
65641190893905365600
1797608857689901744
31098853929762768
254977173389319
