1
625
192648
39043144
5852283537
691968517044
67221351226098
5517885107638282
390649178433111712
24229156140191379990
1332815346033632366634
65674127933004258300128
2922551851238826859872144
118262293222650433434526977
4376927653411360896586861858
148900994349989750251180706590
4676376277900866282933011963206
136096802860880736876920765435971
3682653295077227293205999996572142
92924954046725562627459932240883334
2192340902402463404137689659713244951
48474710385226554411166123673896086759
1006651074799181819476987406213588473800
19671432535003199086069858604680252091116
362364514367761109798604981196976706490165
6302304351590517811456318257043138701718105
103640243217379677755344070853161109471732752
1613655127760947294657119325855480760309727840
23816420786222283740177351271414797192984396988
333590130927478537323859401122309467026073315746
4438842548895134716713770519216066285840901595356
56164281122331499103784691592386757283392838152216
676343026459533409240992054108279711195870371981640
7757892907909220237410451981322040627301354404993574
84823804418794644775146341903301519876169579351776914
884691798936056943552572890915228266761241975515657502
8807393419619574533191963798981653016011405928293476244
83742182451813493757595842400902912231207868406622712157
760893730280716482190425277450939538724931236659396147514
6610135369906351344795356393369557284016088958583591655260
54930140999903415727880983364332154047902960189264640346563
436834788106353773192199693172823569476123439951089866654081
3325888816079283780295257241160050944463821669316390475312466
24251954333812123558370806480182870416171714545964238767770794
169428400322995025364786467986407866677969068468495257670617291
1134400137416957200437715932294411526293926889921034154248889834
7281417294499392312435215483766074943149497428793103852404447030
44818119852634349768995213441254967542226697506333191023691531174
264598824132058322911926750254826105354191554021755058655522241722
1498710634547001573240764921189347991502719848997550083361522711265
8145791938148396254288434585819215171933283786144019886365617088146
42492858936592265589006092736872922192117415505379527356478943116418
212784010874284782507985642152293294547621777463124232010263555432599
1022981760577955426882308920049979427726803565706972432638579406633495
4722376513609972696083446273348039447910960500933485134839216710358668
20934756358742601604866056870642713046958558203755507983814082936780610
89131995351163347455412723536998294570763372697486322745596941497095728
364497816057533494936759912762095552511907255224288754122166402156302131
1431800611145727027198403940830514581427462353505679218580692245342339170
5402825874433147388627094008740241833013923426863082895059162812898984540
19585230548841033963292630144184427450228793732693180038710049875360758256
68205331113277515137651990852114744386730005402307343816976047203886198739
228190108438272754160592713033194096582880665831863321971901711131074540736
733441668503634420518508764331653733658517165011673202096436927779398005238
2264751913798149054834163369032185399315163375227973242037157468998292540359
6718197007052303171357558877527542806073743869999604224563648386143033841493
19144652246080658687725477413617397078994031195430855298959652280057296620266
52406533584939590433511094730015826742895501222727604244113183636411793090784
137797773977198909362565073114242008778541545635547329988717052505407773928470
348007442949020359009109436726856036135051273052149509331611249355372305549721
844093178007696039228569789275543782291555230755286787464246894891032556856788
1966115499237880512613120924217058083777749607452439198874800886458939277019180
4397451348676843124404754238912000594596448428831110321337349079893046555171150
9443183891013098615678157544384616836509287794981066378003151377777480315804662
19467433506924185717849145492362773850420192088258579820136800420980510393004100
38522526507310459469438338571432777254608589800597537724986008763202820099116840
73160241467945681117317851231519230491163875425350854342770047340262567823939523
133328767351026788085966208358966480435619376574486973377764857127902947394082172
233125949215927692441605839151074754450841049066756765809311174864077094816099312
391021517498188777195697098224599592392222995189430494196069745355946958928305564
629035095896636663598997386752518942047740256540916899346149207786849762231901066
970353131929570271872265683848895718695460964535286927957275530953245517461644549
1435085059515388444616098940871685912402482561309304758863102863788847043889818842
2034352467200300267480193577831965410776004861234791034588756263294983783879080030
2763624025061788580981266615709695253796605174798181349314015961695874709276797880
3596955295077603659875799608082464408585192924608995407976612283103890501064066959
4484243559348865327788316225916061306545364549519857855396168230401367491554520524
5353425811134092730232396705848434917518789733783422819051770166199581063857195280
6118554044938425705320965366171817916921845001968518923157367770400206547586034097
6693014822753999148050736164625299887551372847471862562312744199013830857609115882
7005318198244128226358750813775952879568225385029123576229551554634283244589084268
7013579039673801018851598725101976009168821270036078344068075750080509684306889456
6714681798027562317458005360213518280948625816339354744772736191548387750688567002
6145379826939207491091531806844480861155225187815644435595436903054358560403529973
5374878624922462882362398385375166815258834142868134256243057492580237492135939690
4490965548087401541548130345378758679907547399527241175423716929593719391336595378
3583536081862242501262117717024825665944459921007260305444404459541411360926226192
2729795002880640892106130614474797184014123248500072806934890076954363693129822131
1984426293207299645166004771268940135209298946026308631414956115042217018530324888
1376139113440291900129284716835036167929056371181667220439054682545313280624451092
910003545298656340693926262501322766612965314403946855752460013233735347990517319
573592320100162052934706845096370144911670026566913229278810896870622765604393150
344480238664597701589545798629771563877969738502627548297379768841459961242043322
197034542075772994737634608032094756002991637366374970765706793568115500206650458
107287436314828353679738076840301964371669347267328331793009934298694758911719931
55589170318961775630681244511288181493008015250745653201539724044437362115924094
27394772682914810965761876900117115758580873470887274125118968121916241617727100
12834463040906954602098636342526731034576525435207898247184046755293944517379674
5713621144483438118195459365578915389257705218806794568701114152863868704283376
2415767152969036229048525081235156644274150335369010529741286988855380652889961
969593478486817337429460984754955920550154153373997144277537625427089407285056
369225181182126642116789970007000167615572947839582224711095287047372102380758
133330947639098426563215587433591034641466515670658595946046965800769551425385
45632546978325223404174848724949458075769381951485777556431432551269202822064
14793936562124345962439750624097407658147480969916241737933738970235939953438
4540613990673061586479717103135816128573371191599098771182886510639743933172
1318618474921776393033942631203268423739447487349326172636057431466570503447
362113846188418695904418148480820242542424444733852398387731256503548780576
93980160642627026616600252490348885654814685258916309048907203140573306634
23037343319954368432029924881192938424332424191067878051786566325205940424
5330534342674911596451031933720080358706849764433677407361755111685453157
1163551774665732214628077016734299935218054763836063635009566164242890376
239447327552812183561160799932769218037420419261321435832446054769365588
46427508016077494500013288046295124746386152139782388121719516581380272
8476444688773155757157875913235349725600115451523793964765036053492388
1456324694268538706435515676726176292144352338200422961465588643013943
235312246960699084129136581841670394335753787374870039643569593496648
35736531669026688477466989984494294307543064900794902116013218588032
5098084834864764352609279582089914166204543056465665484187039065146
682779986525131375689064069968056359487123690182959308261482412129
85801391928082144613543390650744678886815001277126190299768573320
10111559521703217158263868608853601710065685253316542094293340960
1116948320978253774920245207133851604687235681718225512880685444
115592734620974582070356588171604137928501737584622741380207659
11202412786023001258215383148810573984451156279876468045896290
1016213044729842735686592782113821911549846097484104892567854
86250683608973236161814648058698526777945665318191035194387
6846295757424245446239248830917083108975446952484843434593
508002240671004182395633857231441796488915387632942145444
35218851135729325866096660001736116897945301442170756808
2280009741774761756139102811122638720689059114690030643
137739651767096597378579901825043446984957214938903536
7758767665047024882065982342154952366401032706108990
407113383936988475427001114847439466476671745053272
19875374973483459329699071466076482929440876040573
901522665416743889777937496773818242507874888173
37928342368907969755852228874763301175038164472
1477091019455330732148925667212976999507901302
53123717184026276231118780798554484060363346
1759648594385282144135574043324563786421293
53513100750110939302882808970793637386298
1488802634972598769940457756796307588284
37739040451590656826765161960542283969
867604509839845363654526082245748591
17995823001456127712367467115034964
334805042185996565360285951089216
5550133033330028867258687774019
81366073005359504741687846386
1045912751652174401129473728
11673276961179549102638014
111836171434866966287400
907463527846235174023
6136578588371898796
33903606545015064
149215817167208
505901994324
1260353576
2145962
2197
1
