1
784
303966
77702508
14732207351
2209636977984
273081099965746
28601092358750364
2591293309448225338
206300588942983414860
14611558406525520952590
929900442376538988583036
53615561418915182736016156
2820021192144740712468433520
136101913997964889826016076594
6057777998814925773194539835644
249746449624464374970513147941501
9573850573698301878401534505183476
342408878862856601950686107677608296
11459901709469104675351885964302050208
359884008239849615403557296977361594154
10630171420661277691013951998594959844168
295980263667557721786979458859743889578772
7783781230794064953916680966706606776861056
193690179679201696938002350425487789156346972
4568040006778046301986741616394399962204401980
102261953361157228516016718724649100943963509664
2176024596988935742295684274330880354187565006348
44069232038190474235533474856013620817983068656200
850439218635178331948841129007062922949012599417604
15655368879417079835043853871341543997467012905685276
275192965321028279189289501546677649130863050983509488
4623554663902530827008855937479005855114858242637692415
74312464237409821382231963163794598676646049175458972396
1143538704953732330913730847236173670947305033924784399412
16860736527374555943074328139211342841263079320444929312400
238369094534807503160011964554366134317916512453428164484293
3233422200644278522578821951909761039615570295305922241412184
42110160750895620287341318536492200095687949370229872803905188
526840739467485305682806082154333384677443655997544979204590680
6335486529373317115120232446437249739489420343656278706118737032
73267999576578588787331845476028147158651930601768229505716087676
815256726272743056526009437552873469294720669464893482755658558154
8732113886713278097894099787544431622744326348451510838715364435072
90069284850261383582946303465275594949725964422774695757793297230938
895040365155137536761800538498893556976797100530725182941391989776528
8572015473805350240954466445073210068972966867371886138171741539999818
79150510387593197200262178614036707503874966322032857163861252747922280
704858184119325774892329377401798674474046554885433543037250890584221111
6055710862254078372085951451688040029392866594860902659106243703745900800
50208096591633621668011730830787599097943696596736365476068980508140084894
401836826208179249718508482986975512070118266608296050703328244218221689828
3105330331634787265324649676138360432675713606296412843769627816249332285173
23176919810116510009168004536778129570697372729661667830041364224946584032580
167106975289995802417153161412068497666184675978655456165001786387539612275004
1164177406457865829529718876964089109928419887275277213870358495786237871233964
7838234195562971819626886456304580963819486207051457115228207898294102400681588
51012285841454529587839794208959175580861736919699977209740955150192350410776972
320971383737557748854708844329904637721442415302741415246681990611176715078852790
1952832811846204630471683073667753328563762261480297564794305748614354481480408624
11490481466815260524900036588033780290435175294505001983601476472884200532082115822
65395544364716655680654606684379577967158633147002003286389418880461762921193466820
360041504332922303293547284256352658212676391382413466717107384838182751531177228730
1917806051001533486174698289862035065375635702788878319944235518713832769287217931896
9884471067144076873797992956437775661666883961310608538704496121414526004615462069772
49299621681511195330094608772009831646448700531050072045538077700638065007873273320884
237966540763486868272770631936036475581159794644086087849473889772727768896745824909616
1111750273411502173528637546766903687936986313979435787508031569839898040012366043922272
5027484636758403946424097633758876419968203300457492381524864249312044522328255602298483
22007763167450855281840478381954913489711133610641464987951854593487533495231693332217148
93262843974570752033943326720974454100109785566937861980043890969177939706820238096963576
382623403960652375599227285588937271279976345132107312470797683480919047148595617556735540
1519790496486515064975904310214361897756338810964920206929027509109083568802467742447381354
5844685958978735088075713435421467091213374290005596372622902802729692617297105285541470840
21762895826746057837225616995710557691708220614637711026246591284188730576816601893341231586
78462099862293144436919510248694102868741385526519333365875848200237144260405686773804410272
273903507086834617648743400123456232533043773474611302394821441127003824212360430870816541508
925834616479183328647596450309799019460344491811502860449063023077612727336575115005226740588
3030178689668770142326260731662060581403406820274450172670117821311346398039305385907005087472
9602848723580994058842744090586503881097037010204805444901763885081402672703123321650660981956
29466204888645724015951440036490000355751466221661548637017637288943173472810562679886314323457
87545356056405414836262731197597944267776410934011726949681016822160954119527897470890804289640
251835331878868068889569102919573168746214619801721321952351285618074995660211608193065821576706
701394018449696073183851940442597354071736432466525624964242670788722615979247330610133755059104
1891271698745613752474919044632694268300951528430960032831992060335452164365890161822506482761338
4937127232604685698174897644097626312870073824914867547715537417347549009401132081558773221560696
12476787621601599934816274465752797709127317951314123073000839777422867721956057247642215965921142
30522236931551505661061332544873036198284856076842149215906914989812253946320580406356312408849580
72275254779846223169374837321129339460386905093000981813587736646414661650183181372586989544082016
165651259691413637792067130998152903581772855868746292243735361733071331203674610769416514432992756
367452683692803258604322799158036703535860508350941926329440917118543095564151154479424921855055736
788818359638419081994694551730652182696659932035391083493446223491363672688842985285109039015326748
1638650990745294641115679693695739819250575956185493818682688139433441948097517043938086884835653948
3293763348488595288089333804279819913048745930814792334580914296382762393456633549381061468168516584
6405529794958157044296137616160180986223280627688507095279734954439457339231530811315248147433861326
12051258066228397906462889574680044531710842321689258012096714151340610881998848163270389755362375876
21932088983576503216209982823497283950035533660552479578835000917166368020893408415390580634743916587
38605679246889577053283853427957215498622763342683758611830774739364031124463149683981645815244067748
65719913810250297174194150023150874108004980359934333251859797128463969531567002924069253282997706346
108184755198370311654710302581102290348719711972353890838335741676480322646847038199328340139703157180
172188782941648375767082223612423322765339339869582315161471958284589673956704672689174679830313846656
264946068006413185834881544276476371842576448773133200458804901975618503678471901745713321536160388508
394063100005980103762189369039589639961406504372565477748032920163622362409787517106951698846851540912
566460036885460235968165145852451955061758464339026271562503544623686000960702689964669383917618089172
786874109343831868004508242197502204977594831718159639092062035426027726960382750917058282997259757668
1056108824928414120155302933387490146249581038455726833360867116351528891030840154950956980831497244560
1369342820206625301669224537268201689991533592035884802361656360605254458311186569839765748963701247062
1714929100565802123454635386712376568860071549453728572539144633726091640400717242477219928539681704944
2074142859681258041565082672611851145665168289148236960678027454709670009455167787597636389289418198370
2422230171128900065838386917039197494496366692051425445695322241346857971801570170315836417095978855680
2730862324259689923321980397963439207678514940047078512566134171592804828560347601340888483529187331130
2971754453258927325544410315268702859895997972952208595468565945802075267490430571962164872764471634788
3120854172020800736551563814591839136460976895979658426280266232745196312565198387719553323623951773690
3162261805286340142109201264997589490423250008691027323476098527187784165991459355776609839381872409560
3091006671592261508426830947664545985147667149020128364416811648758966927551393461320781668395394893076
2914012605636233609079852817706814550668380903101419733233393508156926836417297958532185873190499730700
2648996956066793887141842076919926835516721016582535077968558353739125206037698424415036627995172456618
2321543396215530486778607927130192867302133045351512283339371096402390480085373029025570465713788464884
1961018964111838012833643386752838053239255903596990084133417921276154392855165869391785356900492366344
1596240374857422779278057485119798641417275083047387685545076918896444741618313095653708489684176650684
1251773335325691365671081963547068465438095286787028511400732009697360748897727444828442211676032458042
945498642582926020399595495438046894173985708291555440200017579947650577242198900536404247652790648316
687698885396578404717922361158978680107376966826457435065576812957083498920531212313643300942406059522
481537132770920870623671444253491294189768080698158764593142690625127507088566081667174880211995726804
324522336493674255753642376304133838164987561969658747404726991424972796306301452507537297727964046588
210440573227337058067295880152856366823598207644381631701914244031839546185374829362152629503025103592
131270926076488073763825869428862254349612008150708282927028895106143784228838026593742868827285450216
78748685026705596440895965388800265594459305399332645731116682206937918198320919997794697583427507624
45418481612294219635179702428165185612330573924845147961601032705230803532836676457585226936438863529
25177501517986314178267433534811691602665367531000282859153993800205253282734462652735680790906113824
13410866928124234135353251610673870483547903456268463941434245958983407727892102182907476677587892038
6861768162196754172995849151873360053623725968188636314251516240009788659724409653247091376651110692
3371461520242205251070868998588904497900343593168113118262658387432606331712047414643325257014211213
1590261675202927452521316611597511322687068675470736735244787074289517209900893996069824673838467848
719862636223085218535289212337428980412540755276939996863975282235519282814176443441979966697069080
312623001925168610285425257672711290428700916480213522453250507822045734416814342991295890439695108
130208465223673381698230007297364414891444748231421472808946231633807000321996615915819218709825514
51994612314746632712111297279166633795862269744430338154782368596271913908439604772097683908479904
19898906311303824372933790846545689417255366038035071783385102736267162303448768049494978820008812
7296250556928191662119004856946160359666341154826557643904369474301870740990287966813917988191764
2562210780234273924121760820784541638017766178541252462580286745845066066314632036496278511285106
861422869988040086041697144694392246340307608120564199744723475702508574251713344963457949094580
277168004195802794196744609639522363437880604006997418058049000745207874769096282381110675615094
85315999568822867984241440917440907643136994692413633596201294663893510469172699988662537328860
25113708140335321004700739913768848056075435429637526891768417362345427594996373044846403235132
7066642249105400876361214570940777055019902750838262297372527004144616237639593378568696578028
1900040055944363604268877071551892034850950147321077707729191373194652184491180611208373207902
487957179862473523012156321176574414509524939019720125602681120098270901147249630690297381776
119643243555206424775515673800083022406395945933867011004809900646903734212654510657446544607
27996031665741635153116740623143793473213539984474451221128962349213004662449668937400147272
6249090893394839671645702214102992872381700556212085879027013965266710237115518684342836400
1330010839397736633731144690142733200753072136743578209680085569676539429245363497149789380
269781880513810073606813334089858136158033773244483584826322963662727122627304586046435450
52129787093864650295224371385501773880477827373943556779185498763115157366296619553714860
9591038652117817080223326641385958951957665902285061800972720495056678386724249478307790
1679333384789557281559522485201275651663235463497223928012397894213836595955013576460604
279690956944372848344946469297976907143332509939822487696257502972407181080181203980736
44285511151370134635107922685174528363297428120867801914884820963533068037708663138256
6662699501835056733026428799383308077487175391125748577438128016943060361552861179216
951916520377178383866631978633875572507481165041626818926829325650506683522692370508
129078047299728012548101157026703551841378954198513271776997241588812728831364157640
16601388559626146492684805772624738549286328753114940160720822625634086443206234008
2023932010215504855678585864441618789886330114899364071483112116982754569328008904
233729509461778740698638447473270499019368114005090361119595252889349968766177592
25549811093934465957702386700540226485501153917341514290058904307679162674259294
2641741320000569790245505122350217663587383073786243447429750781881896260140416
258150089591998624290642205541386684906687792187358597094479022263083309706498
23821041299850817380743204034695317786453894024725008387733531234811785361420
2073746148022938694925855369823056243065830740852952854083583860792353420158
170147604460011976825074952413705516773767356667894599601111278221314778504
13143326575719440108264016564852956152523727410050256670562248849499723214
954745680854525813218697846418549580328420025209024738265687791148465696
65135998677495164370195258297460504914972590608120792368534311286147022
4167746370060017238633786511683728597062455945308548520215533223309780
249726446476072277499868061671742531830162976581975234262627580630902
13988743768920630416712095775620790927421101988299917257931266698224
731194886804343869762320585108947286965865726321897129877544674225
35589883622536544015565183064089051060324059774750862469182371212
1609358382197845264656015864800804211553674424197804878814919998
67434675493507918979641181336130269366545982531115490011426880
2610635818583058554213993858397584024302031682929024049322792
93068075057972744226214979590595664443320616978201446859492
3043713095573565947688480838666970083669542773819817600196
90922080465024627946430297352173070290181177511066147216
2468400479644417789649063284683573701421929493566405932
60547225564290393417871468548388961544431772487776896
1332590612516336663808119759945794305450862009929024
26099049869382324041212524238776116518700948170844
450303800839105181318500682181829056449652994722
6759619993099010366584018800275521138620305872
86895520623818616154122395359860672314469862
936960410049219802901024752952605272548124
8237326026545654608397153252014643768937
56672309450579809640050440109351729856
285978042707211568166727579384517988
940551950874970233031549570031156
1511548995678989691821551648635
