0	0	0	0	0	5	0	0	0
44	205	16	107	2	228	70	14	110
132	170	60	114	11	763	98	17	190
735	2143	312	1959	80	1766	861	173	2066
2560	1098	1183	2251	368	5938	1320	407	2331
3352	7379	1591	9975	418	5392	4160	1017	9821
15492	4642	7816	13303	2645	24801	7441	2914	14957
9208	15362	5368	28594	1343	11240	11587	3464	26922
57976	12339	28313	45928	12185	67547	26768	12832	60018
18751	25478	12451	58072	3463	17784	23264	8385	53000
155326	25415	74658	110566	37854	144493	68209	39594	169974
30457	35842	23368	93914	7113	24694	37988	16069	83982
333720	43751	153608	209579	93287	256970	138516	93295	372138
42876	45695	36798	130115	12335	29944	53014	26055	114845
598337	67606	271743	334006	190229	410058	238464	184080	673538
53269	54088	52161	159777	18807	34676	66971	37315	142236
940644	96379	420814	469499	336730	609828	365701	317494	1064526
61423	60661	68140	181219	25409	38047	78185	48878	160143
1323062	132623	592159	603288	534231	861509	509695	493491	1501417
65617	64370	82469	191177	33015	41092	86408	59670	167921
1700815	175334	776708	720670	772089	1157512	667827	709111	1935687
66428	66876	96013	192422	39511	42971	92680	68223	166066
2028114	227699	958897	817561	1045320	1497725	834050	958413	2317286
65312	67528	106278	185619	46500	44754	95206	76799	156411
2283675	289070	1131034	890681	1336263	1862475	999172	1230583	2606505
61335	66663	113482	171882	53023	46893	96806	83040	141736
2457790	360698	1293930	936715	1635761	2227165	1161521	1520868	2778035
57377	64705	118228	151972	58595	48632	95836	87655	125249
2560248	443291	1441961	956130	1924911	2582037	1316677	1811663	2833023
54063	62725	118595	128954	63841	50884	93024	91434	108395
2614596	538282	1570102	951667	2201910	2904828	1461901	2098867	2787106
51298	58796	117146	106427	68657	53162	88835	93723	92493
2642716	644482	1686922	928481	2462101	3199486	1592977	2363894	2673068
49554	55212	113668	84824	72812	55088	83692	94913	76724
2664141	766580	1788933	895850	2708365	3464443	1719189	2605396	2513937
50293	51864	108636	66683	76470	55828	78663	95945	62481
2699307	904761	1888073	865360	2932809	3704472	1842664	2814973	2342221
51352	48286	103486	52256	80171	56588	73300	96303	51360
2760161	1057156	1976169	837997	3149450	3902445	1973388	2988893	2173892
54909	46227	98014	40529	83544	55383	69253	95769	41144
2850591	1226088	2061086	821360	3355826	4059108	2112130	3128965	2022110
57944	43924	93921	32141	87089	54857	66664	94322	33852
2955929	1406994	2143839	819912	3551317	4172851	2269310	3241113	1888977
61891	42221	90068	25903	90562	54096	65221	94448	28742
3064126	1599619	2224674	832822	3729035	4235258	2436674	3321801	1791291
64146	40388	87342	21177	93820	53625	65270	92845	25361
3165701	1796659	2300454	863831	3889935	4242280	2627743	3387673	1723059
65800	38926	85289	18204	96290	51577	65409	91570	23585
3241897	2002963	2372809	912386	4031785	4207048	2831697	3431118	1698400
66452	37879	84752	16449	98958	49802	66860	90481	23212
3291237	2222508	2441641	974221	4144759	4118948	3033122	3466514	1705551
66162	37118	84542	15431	100713	47226	68347	90039	23417
3312865	2469692	2509630	1055212	4232651	3998096	3229285	3486476	1753474
64367	37640	85714	15280	102197	44214	69161	90412	23525
3301984	2753482	2586954	1147514	4278273	3848134	3401097	3508160	1844396
62990	38047	86367	15584	102527	41637	69431	90988	23763
3267846	3084530	2664776	1257229	4290533	3671810	3537616	3529397	1981131
60625	39012	87397	15832	101754	37907	67999	92809	23949
3218387	3474084	2770328	1381074	4254709	3481821	3625635	3551580	2163969
58372	39986	88903	16297	100475	34565	65046	95236	23862
3163955	3909117	2895130	1525072	4173646	3283697	3688479	3585970	2402031
57255	41266	91114	16987	96444	31585	60678	98418	24926
3122393	4401954	3054841	1694349	4042394	3098402	3707444	3620975	2697116
55608	43242	92539	18481	91619	29554	55205	102784	25530
3108417	4914089	3248283	1907658	3871217	2924366	3721327	3663420	3043618
55686	45404	95143	20398	85941	27727	49147	107264	26468
3136487	5433451	3463005	2180071	3661105	2773853	3728596	3688396	3420299
56969	47595	96602	24356	80341	26592	44036	112665	28062
3197662	5905567	3709343	2544850	3410810	2618031	3765692	3703203	3802756
60114	50053	99351	30117	74017	25215	40694	117577	29617
3263032	6295304	3965201	3024754	3143042	2460635	3826038	3674140	4167152
64916	52380	102549	37543	69005	23719	38713	121412	31644
3300474	6529549	4213687	3653563	2849979	2296613	3906305	3599565	4462720
71008	53525	105913	48795	62995	22224	37714	124120	33268
3255610	6523593	4419352	4442428	2542626	2107849	3989341	3454539	4642386
76700	53365	108392	62817	58069	19968	37135	123325	35345
3088730	6241261	4553519	5351453	2225172	1887132	4021394	3219131	4653479
79954	51361	112069	80242	52508	17190	37038	117655	36418
2777034	5657725	4558343	6339369	1892285	1644421	3970754	2875939	4427017
78841	44606	111610	100707	47511	13943	35998	109320	35415
2326241	4813944	4401243	7270357	1542615	1376667	3795628	2432858	3948510
72307	36836	108956	122677	41945	10582	34662	94888	32268
1798444	3786000	4040526	7968390	1186230	1104056	3460613	1914000	3240863
58934	27307	101180	144996	35313	7007	31576	76383	26828
1257049	2704119	3457453	8141984	836184	838367	2943637	1361660	2388577
42720	18667	85483	160066	27899	4458	27188	55264	21048
768966	1706322	2693231	7502085	518498	587974	2272117	843905	1536589
25409	10845	65149	160524	19576	2810	20378	35103	13872
394450	917813	1843825	5989036	266169	365858	1522492	429137	832379
12392	5364	43818	138244	11359	1717	12516	17482	8034
149681	398280	1054347	3902439	101466	184450	813066	164789	365421
4166	2093	24886	98605	4902	916	5932	6709	3682
32000	126408	459333	1846633	21220	65819	306313	38790	111433
619	683	11407	51053	1062	241	1887	1637	1137
0	27509	119969	500302	0	11956	60877	1	15447
0	162	3324	14617	0	0	292	0	65
0	0	95	0	0	0	0	0	0
0	0	0	0	0	0	0	0	0
0	0	0	0	0	0	0	0	0
0	0	0	0	0	0	0	0	0
0	0	0	0	0	0	0	0	0
0	0	0	0	0	0	0	0	0
0	0	0	0	0	0	0	0	0
0	0	0	0	0	0	0	0	0
0	0	0	0	0	0	0	0	0
0	0	0	0	0	0	0	0	0
0	0	0	0	0	0	0	0	0
0	0	0	0	0	0	0	0	0
0	0	0	0	0	0	0	0	0
0	0	0	0	0	0	0	0	0
0	0	0	0	0	0	0	0	0
