0
0
0
0
0
0
0
0
0
0
0
0
0
0
0
0
0
0
0
0
0
0
0
0
0
0
0
0
0
0
0
0
0
0
0
0
0
0
0
0
0
0
0
0
0
0
0
0
0
0
0
0
0
0
0
0
0
0
0
0
0
0
0
0
0
0
0
0
0
0
0
0
0
0
0
0
0
0
0
0
0
0
0
0
0
0
0
0
0
0
0
0
0
0
0
0
0
0
0
0
0
0
0
0
0
0
0
0
0
0
0
0
0
0
0
0
0
0
0
0
0
0
0
0
0
0
0
0
0
0
0
0
0
0
0
0
0
0
0
0
0
0
0
0
0
0
0
0
0
0
0
0
0
0
0
0
0
0
0
0
0
0
0
0
0
0
1
0
2
0
2
0
3
0
0
0
0
0
2
0
2
0
2
0
4
0
4
0
2
0
6
0
10
0
6
0
10
0
15
0
11
0
21
0
19
0
21
0
27
0
36
0
42
0
51
0
49
0
53
0
77
0
75
0
102
0
113
0
121
0
140
0
145
0
158
0
184
0
219
0
240
0
264
0
308
0
329
0
364
0
464
0
450
0
552
0
579
0
666
0
745
0
780
0
856
0
1005
0
1047
0
1185
0
1297
0
1403
0
1549
0
1666
0
1804
0
1958
0
2115
0
2275
0
2412
0
2674
0
2887
0
3110
0
3321
0
3571
0
3801
0
4014
0
4375
0
4600
0
4933
0
5281
0
5617
0
6030
0
6248
0
6691
0
7054
0
7461
0
7957
0
8354
0
8925
0
9312
0
9637
0
10230
0
10614
0
11292
0
11958
0
12359
0
13096
0
13436
0
14024
0
14950
0
15089
0
15798
0
16520
0
17045
0
17887
0
18216
0
18842
0
19820
0
20176
0
21320
0
21710
0
22344
0
23154
0
23571
0
24764
0
25275
0
26358
0
26712
0
27578
0
28400
0
29170
0
29723
0
30550
0
31310
0
31742
0
32382
0
33529
0
34115
0
35226
0
35877
0
36581
0
37139
0
38014
0
38690
0
39609
0
40191
0
41056
0
41642
0
42721
0
43108
0
43887
0
43845
0
44955
0
45531
0
46498
0
47476
0
47935
0
48547
0
49576
0
50039
0
50809
0
51272
0
51828
0
52424
0
52968
0
53851
0
54539
0
54530
0
55350
0
55579
0
56801
0
57282
0
58037
0
57934
0
58851
0
59411
0
59554
0
60467
0
60554
0
61453
0
61432
0
62629
0
63531
0
63364
0
63826
0
64847
0
64985
0
65557
0
66344
0
66308
0
66490
0
67338
0
67436
0
67633
0
68553
0
68662
0
68953
0
69644
0
69963
0
70672
0
70795
0
70679
0
71418
0
71854
0
72012
0
72214
0
72893
0
73736
0
73729
0
73519
0
73870
0
74663
0
75177
0
75657
0
75341
0
76396
0
76296
0
76645
0
77209
0
77550
0
77316
0
77750
0
78802
0
77989
0
79247
0
79140
0
80166
0
79920
0
79925
0
80553
0
80916
0
80592
0
81451
0
81255
0
81683
0
82408
0
82480
0
82915
0
82803
0
82794
0
84026
0
83708
0
84175
0
84088
0
84243
0
84610
0
85114
0
85064
0
85357
0
85050
0
86303
0
86138
0
86128
0
86638
0
86537
0
87080
0
87695
0
87760
0
87993
0
87874
0
88489
0
88293
0
89436
0
89154
0
89441
0
89406
0
89807
0
89467
0
90094
0
89984
0
90286
0
90878
0
91404
0
91267
0
91299
0
90976
0
91717
0
91981
0
92014
0
91849
0
92216
0
92680
0
93062
0
93145
0
93160
0
92709
0
93941
0
93314
0
94250
0
94106
0
94128
0
94874
0
95533
0
95069
0
95526
0
95422
0
96129
0
96331
0
96140
0
96458
0
96493
0
97002
0
96795
0
96642
0
97346
0
97507
0
97240
0
97489
0
97396
0
97994
0
98301
0
98445
0
98780
0
99050
0
99152
0
99184
0
99132
0
99598
0
98781
0
99361
0
99498
0
99369
0
99286
0
99894
0
100054
0
99524
0
100100
0
99574
0
99780
0
100281
0
99998
0
100809
0
100457
0
100765
0
100272
0
101315
0
100030
0
100926
0
100351
0
101051
0
100674
0
100814
0
101070
0
100992
0
100424
0
100644
0
101136
0
100718
0
101070
0
100348
0
100232
0
100723
0
100801
0
100371
0
100012
0
100534
0
99765
0
100441
0
100267
0
99797
0
99291
0
99616
0
99804
0
99401
0
99279
0
99638
0
100174
0
99538
0
99803
0
98919
0
99193
0
98533
0
98592
0
98469
0
98764
0
98431
0
97954
0
97970
0
98120
0
98149
0
96866
0
97255
0
97855
0
96955
0
96407
0
96820
0
96697
0
96172
0
96005
0
96430
0
95860
0
95330
0
95515
0
95333
0
95126
0
95499
0
94989
0
94610
0
95013
0
94336
0
93666
0
94611
0
93560
0
93806
0
93801
0
93321
0
93326
0
93263
0
93431
0
92544
0
92342
0
92731
0
92687
0
91938
0
92047
0
91692
0
91712
0
92229
0
91083
0
91766
0
91160
0
91054
0
91208
0
91311
0
90969
0
90714
0
90794
0
90704
0
90888
0
90504
0
90457
0
90206
0
90364
0
90074
0
90225
0
90499
0
89951
0
89825
0
89976
0
90011
0
89485
0
90105
0
90153
0
89984
0
89472
0
90080
0
89954
0
89419
0
89910
0
89750
0
89550
0
89779
0
89208
0
89242
0
89696
0
89360
0
89248
0
88887
0
89822
0
89388
0
89878
0
89398
0
90135
0
89252
0
89617
0
89603
0
89960
0
89997
0
90105
0
89695
0
89794
0
89987
0
90153
0
90000
0
89832
0
90181
0
90543
0
90347
0
90028
0
90539
0
90524
0
90739
0
90237
0
90477
0
90312
0
90843
0
91070
0
90797
0
91613
0
91226
0
91395
0
91350
0
91643
0
91778
0
91647
0
91645
0
91322
0
91847
0
92421
0
91905
0
92782
0
91698
0
92420
0
92585
0
92527
0
92392
0
92531
0
92471
0
92797
0
93486
0
92876
0
93439
0
92859
0
92638
0
93116
0
93108
0
93522
0
93047
0
93535
0
93151
0
92727
0
93881
0
94019
0
93753
0
93298
0
93322
0
93611
0
92908
0
93589
0
93545
0
93566
0
93315
0
93762
0
93431
0
93447
0
93765
0
94014
0
93132
0
93750
0
93645
0
92866
0
93369
0
93363
0
93276
0
93106
0
93773
0
92984
0
93500
0
92352
0
93011
0
92823
0
92547
0
92741
0
92270
0
92674
0
92355
0
92225
0
92195
0
91830
0
91512
0
91193
0
90979
0
91075
0
91231
0
91313
0
90675
0
90257
0
90552
0
90537
0
89782
0
90272
0
90063
0
89728
0
89908
0
89838
0
89310
0
88578
0
88909
0
88910
0
88692
0
88541
0
87828
0
88052
0
87494
0
87992
0
86854
0
87132
0
86669
0
86419
0
86130
0
86124
0
85260
0
85500
0
85440
0
85832
0
84700
0
84066
0
85130
0
85092
0
84350
0
84219
0
84149
0
83880
0
82558
0
83598
0
82908
0
82697
0
82571
0
82178
0
82481
0
82165
0
81728
0
81686
0
81106
0
81185
0
81026
0
81506
0
80649
0
80572
0
80247
0
80053
0
79886
0
80193
0
79876
0
79623
0
79004
0
79366
0
78998
0
78660
0
78677
0
78775
0
78306
0
78121
0
78663
0
78340
0
77900
0
77923
0
78030
0
77881
0
77716
0
77285
0
77322
0
77153
0
76948
0
76975
0
76970
0
76643
0
76965
0
76413
0
76616
0
76751
0
76375
0
76926
0
76310
0
76207
0
76529
0
76292
0
76250
0
76610
0
76268
0
75941
0
76875
0
76223
0
76161
0
76409
0
76702
0
76498
0
76776
0
76647
0
76024
0
76378
0
76025
0
76368
0
76044
0
76299
0
76403
0
76543
0
76519
0
76826
0
76464
0
76572
0
76665
0
77340
0
77001
0
76334
0
77003
0
76970
0
77225
0
76781
0
77698
0
77339
0
77129
0
77823
0
77059
0
77220
0
77095
0
77578
0
77857
0
77903
0
77621
0
78096
0
78213
0
78576
0
79008
0
78582
0
78267
0
78988
0
79339
0
78741
0
78683
0
78816
0
79222
0
79264
0
79567
0
79048
0
79429
0
79723
0
79347
0
79716
0
80092
0
80136
0
79500
0
80144
0
80031
0
79686
0
80695
0
80022
0
80442
0
80708
0
80372
0
80013
0
80569
0
80693
0
80890
0
80745
0
80999
0
81265
0
81167
0
80809
0
81073
0
81298
0
81211
0
81031
0
80669
0
81245
0
81727
0
81664
0
80973
0
81308
0
81598
0
81468
0
81568
0
81433
0
81473
0
81166
0
81579
0
81942
0
81454
0
81668
0
81288
0
81244
0
81559
0
81570
0
81713
0
82171
0
81725
0
81328
0
81875
0
81599
0
81267
0
81544
0
81339
0
81193
0
81613
0
81595
0
81307
0
81676
0
80480
0
81414
0
80695
0
81214
0
81015
0
81968
0
80740
0
81074
0
80945
0
81420
0
80610
0
80839
0
81231
0
80979
0
81053
0
80818
0
80411
0
80711
0
80432
0
81039
0
79829
0
80419
0
80339
0
80586
0
80441
0
80234
0
79717
0
80340
0
79506
0
80747
0
80458
0
79826
0
80006
0
79761
0
80199
0
79711
0
79026
0
80005
0
79783
0
80267
0
79541
0
79907
0
79592
0
79692
0
79901
0
80326
0
79468
0
79692
0
79884
0
79863
0
79672
0
80144
0
79452
0
79810
0
79377
0
80020
0
79940
0
80184
0
80582
0
80480
0
80439
0
80328
0
79981
0
80504
0
80383
0
80338
0
80813
0
81292
0
80731
0
80577
0
81340
0
81561
0
81674
0
81252
0
82198
0
81480
0
82412
0
82521
0
82443
0
82117
0
83081
0
82871
0
82629
0
82730
0
83204
0
83536
0
83776
0
83599
0
84310
0
83995
0
84796
0
84417
0
84826
0
85748
0
85411
0
85536
0
85479
0
86361
0
86203
0
86891
0
86197
0
86729
0
87766
0
87490
0
87688
0
88405
0
88624
0
88915
0
89157
0
88986
0
89771
0
90379
0
90245
0
90640
0
91585
0
91085
0
91413
0
92348
0
92402
0
92904
0
93303
0
93984
0
94345
0
95085
0
95273
0
95195
0
95509
0
96135
0
96287
0
96639
0
96886
0
97582
0
97782
0
98063
0
98229
0
99329
0
99450
0
100320
0
100246
0
100131
0
101392
0
101822
0
101847
0
102692
0
103192
0
103784
0
103720
0
104211
0
104431
0
106116
0
106490
0
106718
0
106954
0
107408
0
108068
0
108749
0
108153
0
109461
0
109581
0
110080
0
111182
0
111802
0
111844
0
113281
0
113286
0
114046
0
113745
0
114962
0
115054
0
116061
0
116389
0
116514
0
118564
0
118097
0
119465
0
119163
0
120002
0
120890
0
120893
0
122374
0
122546
0
122738
0
124288
0
124679
0
124417
0
125103
0
126148
0
126866
0
127569
0
127873
0
128087
0
129357
0
130138
0
130567
0
130779
0
132645
0
132796
0
133087
0
133578
0
134822
0
135211
0
135672
0
136141
0
137127
0
137406
0
137829
0
138423
0
139053
0
140153
0
140265
0
140842
0
141634
0
141823
0
142339
0
143303
0
143235
0
143961
0
144682
0
144628
0
144755
0
146076
0
146797
0
147572
0
146524
0
147963
0
147916
0
148569
0
148930
0
149560
0
150539
0
149590
0
150233
0
151126
0
151423
0
151703
0
152115
0
152110
0
152148
0
152348
0
152566
0
153408
0
153984
0
152964
0
153648
0
154153
0
154613
0
154321
0
154104
0
154632
0
154241
0
154388
0
154302
0
154230
0
155277
0
154608
0
154775
0
154368
0
153746
0
154576
0
153830
0
154131
0
153073
0
153729
0
153782
0
153942
0
152483
0
152231
0
153250
0
152031
0
151447
0
151739
0
151100
0
150892
0
151335
0
149707
0
149796
0
148536
0
148116
0
148563
0
147727
0
147181
0
146539
0
145895
0
146721
0
145538
0
144664
0
143766
0
143846
0
142936
0
142591
0
141255
0
140751
0
139778
0
139473
0
139400
0
138295
0
137356
0
136527
0
135574
0
135023
0
134551
0
133641
0
132915
0
132263
0
131748
0
129891
0
130036
0
128965
0
129008
0
127242
0
126263
0
125500
0
124442
0
123082
0
123254
0
122213
0
120513
0
120559
0
118698
0
118573
0
116787
0
116357
0
115127
0
114339
0
113643
0
112796
0
111553
0
110271
0
109581
0
108446
0
107866
0
106842
0
105505
0
104593
0
103633
0
102387
0
101839
0
101673
0
100079
0
98901
0
98250
0
97508
0
96229
0
95386
0
94350
0
93420
0
92338
0
91693
0
89988
0
88819
0
87761
0
87320
0
86553
0
85554
0
84486
0
83683
0
83137
0
81430
0
80865
0
79705
0
79377
0
77466
0
77643
0
76157
0
75141
0
74655
0
73511
0
72332
0
71868
0
70416
0
69769
0
68963
0
68439
0
66944
0
66281
0
65263
0
64985
0
63178
0
62987
0
62222
0
61200
0
60212
0
59379
0
58539
0
57698
0
57017
0
56321
0
55915
0
54645
0
53630
0
53130
0
52273
0
51586
0
50637
0
49647
0
49418
0
48303
0
47663
0
46978
0
46132
0
45762
0
44357
0
44004
0
43535
0
42738
0
42045
0
41327
0
40585
0
40019
0
38985
0
38644
0
37825
0
37460
0
36691
0
35938
0
35509
0
34940
0
34462
0
33565
0
33221
0
32507
0
31655
0
31363
0
30775
0
30228
0
29478
0
29095
0
28556
0
27956
0
27751
0
27129
0
26443
0
25783
0
25720
0
25306
0
24737
0
24487
0
23785
0
23494
0
22707
0
22420
0
21760
0
21244
0
21284
0
20541
0
20321
0
19995
0
19823
0
19318
0
18959
0
18505
0
17944
0
17780
0
17384
0
16994
0
16516
0
16668
0
16070
0
15841
0
15459
0
14817
0
14979
0
14650
0
14303
0
14000
0
13720
0
13226
0
13041
0
13116
0
12771
0
12437
0
12076
0
11978
0
11868
0
11451
0
11282
0
10995
0
10724
0
10681
0
10396
0
10215
0
10094
0
9816
0
9812
0
9555
0
9293
0
9085
0
9135
0
8747
0
8744
0
8354
0
8429
0
8130
0
8017
0
7970
0
7899
0
7602
0
7578
0
7432
0
7318
0
7110
0
7005
0
6920
0
6755
0
6553
0
6454
0
6450
0
6375
0
6285
0
5958
0
6044
0
5834
0
5737
0
5796
0
5522
0
5416
0
5427
0
5316
0
5216
0
5173
0
4851
0
4803
0
4825
0
4811
0
4637
0
4608
0
4457
0
4395
0
4358
0
4259
0
4228
0
4111
0
4049
0
3884
0
3805
0
3862
0
3877
0
3636
0
3444
0
3528
0
3433
0
3404
0
3366
0
3218
0
3266
0
3193
0
3028
0
3123
0
3014
0
2998
0
2923
0
2919
0
2781
0
2762
0
2706
0
2636
0
2547
0
2593
0
2454
0
2311
0
2428
0
2284
0
2316
0
2253
0
2188
0
2129
0
2169
0
2122
0
2073
0
1977
0
1947
0
1934
0
1915
0
1773
0
1738
0
1688
0
1707
0
1559
0
1669
0
1573
0
1499
0
1507
0
1496
0
1444
0
1385
0
1404
0
1298
0
1299
0
1251
0
1232
0
1176
0
1165
0
1148
0
1150
0
1086
0
1052
0
999
0
930
0
932
0
907
0
931
0
858
0
842
0
866
0
794
0
785
0
767
0
769
0
753
0
710
0
666
0
707
0
670
0
647
0
574
0
576
0
565
0
563
0
531
0
518
0
539
0
493
0
481
0
458
0
427
0
419
0
414
0
392
0
408
0
360
0
360
0
363
0
343
0
336
0
314
0
319
0
312
0
269
0
266
0
297
0
217
0
255
0
247
0
208
0
221
0
196
0
190
0
223
0
198
0
177
0
163
0
187
0
168
0
144
0
133
0
140
0
128
0
128
0
147
0
116
0
126
0
107
0
96
0
95
0
99
0
86
0
83
0
68
0
71
0
63
0
76
0
64
0
67
0
53
0
55
0
48
0
59
0
46
0
49
0
43
0
41
0
52
0
32
0
31
0
34
0
31
0
28
0
24
0
25
0
17
0
16
0
18
0
21
0
15
0
16
0
15
0
11
0
14
0
16
0
19
0
6
0
4
0
11
0
15
0
4
0
7
0
5
0
10
0
4
0
4
0
4
0
3
0
3
0
0
0
3
0
3
0
1
0
3
0
3
0
2
0
0
0
1
0
4
0
2
0
0
0
1
0
2
0
0
0
0
0
0
0
0
0
0
0
0
0
0
0
0
0
0
0
0
0
0
0
0
0
0
0
0
0
1
0
0
0
0
0
0
0
0
0
0
0
0
0
0
0
0
0
0
0
0
0
0
0
0
0
0
0
0
0
0
0
0
0
0
0
0
0
0
0
0
0
0
0
0
0
0
0
0
0
0
0
0
0
0
0
0
0
0
0
0
0
0
0
0
0
0
0
0
0
0
0
0
0
0
0
0
0
0
0
0
0
0
0
0
0
0
0
0
0
0
0
0
0
0
0
0
0
0
0
0
0
0
0
0
0
0
0
0
0
0
0
0
0
0
0
0
0
0
0
0
0
0
0
0
0
0
0
0
0
0
0
0
0
0
0
0
0
0
0
0
0
0
0
0
0
0
0
0
0
0
0
0
0
0
0
0
0
0
0
0
0
0
0
0
0
0
0
0
0
0
0
0
0
0
0
0
0
0
0
0
0
0
0
0
0
0
0
0
0
0
0
0
0
0
0
0
0
0
0
0
0
0
0
0
0
0
0
0
0
0
0
0
0
0
0
0
0
0
0
0
0
0
0
0
0
0
0
0
0
0
0
0
0
0
0
0
0
0
0
0
0
0
0
0
0
0
0
0
0
0
0
0
0
0
0
0
0
0
0
0
0
0
0
0
0
0
0
0
0
0
0
0
0
0
0
0
0
0
0
0
0
0
0
0
0
0
0
0
0
0
0
0
0
0
0
0
0
0
0
0
0
0
0
0
0
0
0
0
0
0
0
0
0
0
0
0
0
0
0
0
0
0
0
0
0
0
0
0
0
0
0
0
0
0
0
0
0
0
0
0
0
0
0
0
0
0
0
0
0
0
0
0
0
0
0
0
0
0
0
0
0
0
0
0
0
0
0
0
0
0
0
0
0
0
0
0
0
0
0
0
0
0
0
0
0
0
0
0
0
0
0
0
0
0
0
0
0
0
0
0
0
0
0
0
0
0
0
0
0
0
0
0
0
0
0
0
0
0
0
0
0
0
0
0
0
0
0
0
0
0
0
0
0
0
0
0
0
0
0
0
0
0
0
0
0
0
0
0
0
0
0
0
0
0
0
0
0
0
0
0
0
0
0
0
0
0
0
0
0
0
0
0
0
0
0
0
0
0
0
0
0
0
0
0
0
0
0
0
0
0
0
0
0
0
0
0
0
0
0
0
0
0
0
0
0
0
0
0
0
0
0
0
0
0
0
0
0
0
0
0
0
0
0
0
0
0
0
0
0
0
0
0
0
0
0
0
0
0
0
0
0
0
0
0
0
0
0
0
0
0
0
0
0
0
0
0
0
0
0
0
0
0
0
0
0
0
0
0
0
0
0
0
0
0
0
0
0
0
0
0
0
0
0
0
0
0
0
0
0
0
0
0
0
0
0
0
0
0
0
0
0
0
0
0
0
0
0
0
0
0
0
0
0
0
0
0
0
0
0
0
0
0
0
0
0
0
0
0
0
0
0
0
0
0
0
0
0
0
0
0
0
0
0
0
0
0
0
0
0
0
0
0
0
0
0
0
0
0
0
0
0
0
0
0
0
0
0
0
0
0
0
0
0
0
0
0
0
0
0
0
0
0
0
0
0
0
0
0
0
0
0
0
0
0
0
0
0
0
0
0
0
0
0
0
0
0
0
0
0
0
0
0
0
0
0
0
0
0
0
0
0
0
0
0
0
0
0
0
0
0
0
0
0
0
0
0
0
0
0
0
0
0
0
0
0
0
0
0
0
0
0
0
0
0
0
0
0
0
0
0
0
0
0
0
0
0
0
0
0
0
0
0
0
0
0
0
0
0
0
0
0
0
0
0
0
0
0
0
0
0
0
0
0
0
0
0
0
0
0
0
0
0
0
0
0
0
0
0
0
0
0
0
0
0
0
0
0
0
0
0
0
0
0
0
0
0
0
0
0
0
0
0
0
0
0
0
0
0
0
0
0
0
0
0
0
0
0
0
0
0
0
0
0
0
0
0
0
0
0
0
0
0
0
0
0
0
0
0
0
0
0
0
0
0
0
0
0
0
0
0
0
0
0
0
0
0
0
0
0
0
0
0
0
0
0
0
0
0
0
0
0
0
0
0
0
0
0
0
0
0
0
0
0
0
0
0
0
0
0
0
0
0
0
0
0
0
0
0
0
0
0
0
0
0
0
0
0
0
0
0
0
0
0
0
0
0
0
0
0
0
0
0
0
0
0
0
0
0
0
0
0
0
0
0
0
0
0
0
0
0
0
0
0
0
0
0
0
0
0
0
0
0
0
0
0
0
0
0
0
0
0
0
0
0
0
0
0
0
0
0
0
0
0
0
0
0
0
0
0
0
0
0
0
0
0
0
0
0
0
0
0
0
0
0
0
0
0
0
0
0
0
0
0
0
0
0
0
0
0
0
0
0
0
0
0
0
0
0
0
0
0
0
0
0
0
0
0
0
0
0
0
0
0
0
0
0
0
0
0
0
0
0
0
0
0
0
0
0
0
0
0
0
0
0
0
0
0
0
0
0
0
0
0
0
0
0
0
0
0
0
0
0
0
0
0
0
0
0
0
0
0
0
0
0
0
0
0
0
0
0
0
0
0
0
0
0
0
0
0
0
0
0
0
0
0
0
0
0
0
0
0
0
0
0
0
0
0
0
0
0
0
0
0
0
0
0
0
0
0
0
0
0
0
0
0
0
0
0
0
0
0
0
0
0
0
0
0
0
0
0
0
0
0
0
0
0
0
0
0
0
0
0
0
0
0
0
0
0
0
0
0
0
0
0
0
0
0
0
0
0
0
0
0
0
0
0
0
0
0
0
0
0
0
0
0
0
0
0
0
0
0
0
0
0
0
0
0
0
0
0
0
0
0
0
0
0
0
0
0
0
0
0
0
0
0
0
0
0
0
0
0
0
0
0
0
0
0
0
0
0
0
0
0
0
0
0
0
0
0
0
0
0
0
0
0
0
0
0
0
0
0
0
0
0
0
0
0
0
0
0
0
0
0
0
0
0
0
0
0
0
0
0
0
0
0
0
0
0
0
0
0
0
0
0
0
0
0
0
0
0
0
0
0
0
0
0
0
0
0
0
0
0
0
0
0
0
0
0
0
