0
0
0
0
0
0
0
0
0
0
0
0
0
0
0
0
0
0
0
0
0
0
0
0
0
0
0
0
0
0
0
0
0
0
0
0
0
0
0
0
0
0
0
0
0
0
0
0
0
0
0
0
0
0
0
0
0
0
0
0
0
0
0
0
0
0
0
0
0
0
0
0
0
0
0
0
0
0
0
0
0
0
0
0
0
0
0
0
0
0
0
0
0
0
0
0
0
0
0
0
0
0
0
0
0
0
0
0
0
0
0
0
0
0
0
0
0
0
0
0
0
0
0
0
0
0
0
0
0
0
0
0
0
0
0
0
0
0
0
0
0
0
0
0
0
0
0
0
0
0
0
0
0
0
0
0
0
0
0
0
0
0
0
0
0
0
0
0
0
0
0
0
0
0
0
0
0
0
0
0
0
0
0
0
0
0
1
0
0
0
0
0
0
0
0
0
0
0
0
0
1
0
2
0
0
0
2
0
0
0
0
0
4
0
2
0
0
0
2
0
2
0
2
0
0
0
2
0
3
0
2
0
5
0
6
0
5
0
7
0
8
0
9
0
15
0
14
0
11
0
10
0
13
0
18
0
20
0
18
0
30
0
26
0
27
0
32
0
33
0
20
0
36
0
44
0
46
0
48
0
60
0
57
0
44
0
61
0
66
0
81
0
85
0
94
0
103
0
103
0
95
0
104
0
121
0
146
0
147
0
140
0
160
0
207
0
198
0
206
0
208
0
206
0
253
0
255
0
282
0
299
0
312
0
327
0
329
0
356
0
365
0
460
0
421
0
451
0
470
0
489
0
523
0
586
0
629
0
596
0
665
0
724
0
698
0
771
0
754
0
849
0
894
0
959
0
988
0
971
0
1086
0
1026
0
1100
0
1160
0
1242
0
1316
0
1287
0
1369
0
1464
0
1605
0
1657
0
1745
0
1632
0
1770
0
1932
0
1854
0
2030
0
2032
0
2072
0
2230
0
2326
0
2334
0
2471
0
2526
0
2649
0
2849
0
2816
0
2881
0
3107
0
3164
0
3206
0
3253
0
3541
0
3645
0
3600
0
3779
0
4064
0
4126
0
4245
0
4338
0
4676
0
4546
0
4886
0
4833
0
5118
0
5146
0
5244
0
5392
0
5774
0
5983
0
6060
0
6303
0
6539
0
6655
0
6832
0
7088
0
7251
0
7355
0
7537
0
7930
0
7911
0
8189
0
8741
0
8846
0
8884
0
9206
0
9414
0
9999
0
9986
0
10230
0
10678
0
10950
0
11111
0
11446
0
11830
0
11889
0
12399
0
12664
0
13018
0
13346
0
13806
0
14224
0
14477
0
14890
0
14847
0
15312
0
15935
0
16209
0
16702
0
17204
0
17633
0
18001
0
18238
0
18812
0
19059
0
19632
0
20159
0
20559
0
20767
0
21335
0
22014
0
22346
0
23026
0
23701
0
23745
0
24527
0
24840
0
25262
0
26115
0
26367
0
27328
0
27624
0
28144
0
29140
0
29632
0
30104
0
30587
0
31396
0
31895
0
32444
0
33296
0
33683
0
34454
0
34816
0
35827
0
36290
0
37567
0
38088
0
38570
0
39025
0
39814
0
40470
0
41307
0
41997
0
43020
0
44152
0
44549
0
45412
0
46159
0
46666
0
47945
0
48436
0
49267
0
50297
0
51002
0
52136
0
52380
0
53461
0
54340
0
55391
0
56056
0
56983
0
57992
0
59023
0
60034
0
60939
0
61730
0
62581
0
63804
0
64693
0
65574
0
66864
0
67567
0
68806
0
69396
0
70843
0
71971
0
72636
0
73650
0
75467
0
75638
0
76904
0
77689
0
78764
0
80081
0
80969
0
82099
0
83413
0
84320
0
85084
0
86817
0
87938
0
89985
0
90303
0
91191
0
91957
0
93383
0
94599
0
95938
0
97120
0
98157
0
99496
0
100237
0
101275
0
103436
0
104513
0
105241
0
107193
0
108046
0
109610
0
110138
0
111067
0
112695
0
113670
0
114682
0
115940
0
117004
0
118510
0
119530
0
120483
0
121601
0
122852
0
124809
0
125575
0
126930
0
128428
0
129384
0
130482
0
131801
0
133008
0
134268
0
135392
0
137126
0
137699
0
139481
0
140215
0
141151
0
142957
0
144044
0
145065
0
146596
0
147643
0
148672
0
149262
0
152023
0
152268
0
153119
0
154308
0
155715
0
156397
0
158114
0
158935
0
160855
0
160966
0
162049
0
163720
0
164354
0
165146
0
166682
0
168145
0
168748
0
170511
0
171261
0
172076
0
173023
0
174128
0
174728
0
176605
0
177512
0
177730
0
179224
0
180834
0
181203
0
182238
0
183109
0
183899
0
184786
0
186042
0
187045
0
188052
0
188315
0
190121
0
189989
0
191494
0
191773
0
192715
0
193354
0
194990
0
195384
0
196452
0
197239
0
197660
0
198793
0
199249
0
199435
0
200866
0
200963
0
201587
0
202930
0
203586
0
203938
0
204572
0
206057
0
205820
0
206687
0
207760
0
208196
0
207286
0
208265
0
209545
0
210091
0
210572
0
211041
0
210980
0
211580
0
212150
0
212848
0
212713
0
214295
0
213956
0
214489
0
214492
0
214659
0
216106
0
216440
0
215805
0
215853
0
217279
0
216806
0
217735
0
217985
0
217776
0
219419
0
218700
0
218735
0
218105
0
219455
0
219721
0
219140
0
219893
0
220028
0
220844
0
220059
0
220229
0
221120
0
221272
0
220599
0
221592
0
221133
0
220963
0
219965
0
221677
0
221412
0
221201
0
221505
0
221110
0
220887
0
220775
0
221019
0
221509
0
220913
0
220375
0
220976
0
221268
0
220914
0
220485
0
220492
0
221043
0
219959
0
220229
0
219805
0
219990
0
219535
0
219937
0
219280
0
219387
0
219384
0
218765
0
218935
0
218378
0
218640
0
217564
0
217545
0
217413
0
217606
0
216652
0
216867
0
216967
0
216087
0
215200
0
215991
0
215278
0
214478
0
215648
0
214868
0
213851
0
214679
0
213901
0
213581
0
213421
0
213433
0
212535
0
212522
0
212076
0
211948
0
211742
0
210672
0
210416
0
209998
0
209802
0
209693
0
209256
0
209221
0
208500
0
208385
0
207712
0
207136
0
206435
0
205845
0
204964
0
205901
0
204004
0
204134
0
203737
0
204771
0
204029
0
203129
0
203111
0
202460
0
200643
0
200323
0
200471
0
199468
0
199516
0
198750
0
198864
0
197712
0
198126
0
197422
0
197303
0
196967
0
195125
0
195067
0
194860
0
194214
0
194343
0
192858
0
191835
0
191841
0
191607
0
190670
0
189768
0
190211
0
189533
0
189053
0
187881
0
187813
0
187586
0
186825
0
186139
0
186034
0
185231
0
185405
0
183467
0
183668
0
182666
0
182240
0
181604
0
181250
0
181415
0
179912
0
179687
0
178734
0
177985
0
177869
0
177092
0
176293
0
175797
0
174711
0
174104
0
174087
0
174235
0
174019
0
172773
0
171382
0
170663
0
170208
0
169777
0
168786
0
168732
0
167841
0
167541
0
167238
0
166062
0
165548
0
164845
0
165045
0
163636
0
163732
0
162276
0
162488
0
162068
0
160767
0
160072
0
159572
0
158998
0
158291
0
157588
0
156942
0
156263
0
155833
0
155233
0
154484
0
153765
0
154104
0
152535
0
152242
0
150879
0
150018
0
150251
0
149414
0
149169
0
148836
0
147542
0
146806
0
146471
0
145140
0
145007
0
144309
0
143781
0
143759
0
142630
0
141871
0
141137
0
141117
0
140212
0
139412
0
139494
0
138645
0
137605
0
137333
0
136738
0
135988
0
135567
0
134993
0
134528
0
134160
0
132714
0
132705
0
132407
0
131602
0
130409
0
129966
0
130375
0
128992
0
129302
0
128063
0
127662
0
127154
0
125880
0
125362
0
124678
0
124394
0
123846
0
122525
0
124026
0
122725
0
122158
0
121377
0
121274
0
120805
0
119544
0
119287
0
118938
0
118310
0
117995
0
117586
0
116928
0
116187
0
115756
0
114967
0
114951
0
114030
0
113661
0
113820
0
113447
0
112724
0
111850
0
111809
0
111013
0
110220
0
110500
0
110036
0
108686
0
108900
0
109340
0
107889
0
108625
0
107739
0
107271
0
107151
0
106555
0
105847
0
105526
0
105987
0
104823
0
104835
0
104817
0
103892
0
104378
0
103439
0
103231
0
101838
0
102590
0
102090
0
101896
0
101611
0
101407
0
100972
0
100214
0
100218
0
99969
0
99689
0
99295
0
98858
0
98825
0
98636
0
97880
0
98222
0
97513
0
97729
0
97757
0
97258
0
97517
0
96490
0
96203
0
96318
0
95266
0
95522
0
95565
0
95472
0
94708
0
94934
0
95128
0
94782
0
94182
0
94146
0
93883
0
93725
0
94042
0
93269
0
92814
0
93101
0
92560
0
93087
0
92478
0
92609
0
92234
0
92454
0
92338
0
91419
0
92357
0
91131
0
91692
0
91459
0
91348
0
91117
0
90584
0
91738
0
90678
0
90514
0
90325
0
89972
0
89986
0
90376
0
90259
0
89539
0
90010
0
89574
0
89439
0
89327
0
89550
0
89204
0
89407
0
88763
0
89118
0
88822
0
89060
0
89274
0
88472
0
88971
0
88579
0
88192
0
88102
0
87514
0
87875
0
87781
0
88188
0
87876
0
87339
0
87462
0
86851
0
86770
0
87304
0
86895
0
86981
0
86869
0
86983
0
86810
0
86398
0
87081
0
86182
0
85509
0
85710
0
86296
0
85958
0
85955
0
86031
0
85422
0
85409
0
85294
0
85622
0
84822
0
84679
0
84644
0
84405
0
85067
0
84265
0
84138
0
83901
0
83841
0
84010
0
83648
0
83512
0
82891
0
83059
0
82964
0
83128
0
82352
0
82891
0
82215
0
81853
0
82195
0
81427
0
81068
0
81313
0
81168
0
81339
0
81084
0
81149
0
80275
0
80817
0
80535
0
79562
0
79683
0
79618
0
79459
0
79465
0
79005
0
79387
0
78476
0
78558
0
77521
0
77970
0
77882
0
77633
0
77248
0
77465
0
76850
0
77311
0
76322
0
76289
0
76398
0
76341
0
75578
0
75786
0
75231
0
74697
0
74605
0
73999
0
74615
0
73786
0
73113
0
73239
0
73153
0
72816
0
72543
0
72403
0
71697
0
71635
0
71326
0
71261
0
71273
0
70682
0
69849
0
70237
0
69638
0
69461
0
68924
0
69455
0
68707
0
68528
0
67341
0
68114
0
67784
0
66987
0
66674
0
66412
0
66275
0
65954
0
65070
0
65412
0
65028
0
64744
0
64733
0
64122
0
63663
0
63235
0
63056
0
62745
0
62446
0
62122
0
61142
0
61366
0
61428
0
60859
0
60627
0
60415
0
59419
0
59361
0
59207
0
58959
0
59212
0
57861
0
58420
0
57782
0
57260
0
56835
0
56765
0
55747
0
55689
0
55756
0
54837
0
54763
0
54297
0
53813
0
53386
0
52811
0
53131
0
52378
0
51920
0
51477
0
51577
0
50987
0
50690
0
49717
0
50237
0
49590
0
49254
0
49239
0
48096
0
48016
0
47197
0
46971
0
46813
0
46258
0
45599
0
45193
0
44907
0
44881
0
44712
0
44226
0
44030
0
43040
0
43161
0
42135
0
42023
0
41687
0
41197
0
40795
0
40625
0
40346
0
39934
0
39088
0
39175
0
38121
0
38000
0
37688
0
37151
0
37258
0
36598
0
36525
0
36088
0
35384
0
35057
0
34727
0
34240
0
34205
0
33806
0
33370
0
32662
0
32415
0
32488
0
31204
0
31624
0
31041
0
30540
0
30127
0
29985
0
29663
0
29412
0
28867
0
28565
0
28221
0
27911
0
27319
0
26862
0
26779
0
26473
0
26016
0
25753
0
25214
0
25070
0
24571
0
24567
0
24218
0
23816
0
23284
0
23168
0
22837
0
22636
0
22383
0
21832
0
21388
0
21353
0
20834
0
20708
0
20364
0
20117
0
19812
0
19701
0
19172
0
18902
0
18695
0
18267
0
18057
0
17634
0
17542
0
17230
0
17035
0
16872
0
16793
0
16256
0
15962
0
15710
0
15335
0
15244
0
15084
0
14879
0
14675
0
14262
0
13966
0
13947
0
13619
0
13504
0
13244
0
13156
0
12867
0
12670
0
12379
0
12243
0
11918
0
11879
0
11692
0
11283
0
11332
0
10978
0
10724
0
10677
0
10414
0
10352
0
10119
0
9862
0
9646
0
9576
0
9479
0
9330
0
9042
0
8928
0
8748
0
8659
0
8456
0
8275
0
8109
0
8073
0
7780
0
7813
0
7644
0
7552
0
7308
0
7207
0
7157
0
7008
0
6986
0
6804
0
6511
0
6647
0
6300
0
6477
0
6288
0
6046
0
5980
0
5779
0
5654
0
5531
0
5601
0
5322
0
5404
0
5190
0
5098
0
5170
0
4998
0
4883
0
4726
0
4774
0
4611
0
4514
0
4460
0
4322
0
4218
0
4160
0
4112
0
4107
0
4117
0
3976
0
3841
0
3804
0
3715
0
3675
0
3663
0
3487
0
3444
0
3409
0
3473
0
3243
0
3195
0
3297
0
3159
0
3056
0
3049
0
2998
0
2911
0
2837
0
2827
0
2842
0
2787
0
2784
0
2685
0
2679
0
2654
0
2548
0
2488
0
2448
0
2371
0
2310
0
2387
0
2225
0
2290
0
2217
0
2218
0
2180
0
2207
0
2029
0
2065
0
2129
0
2007
0
1938
0
1990
0
1888
0
1977
0
1885
0
1860
0
1770
0
1741
0
1765
0
1765
0
1799
0
1726
0
1753
0
1605
0
1583
0
1597
0
1636
0
1525
0
1511
0
1524
0
1506
0
1489
0
1400
0
1351
0
1337
0
1356
0
1345
0
1366
0
1282
0
1224
0
1210
0
1243
0
1210
0
1307
0
1169
0
1191
0
1145
0
1186
0
1128
0
1114
0
1058
0
980
0
1052
0
1020
0
998
0
970
0
1003
0
947
0
930
0
955
0
881
0
896
0
900
0
842
0
816
0
841
0
820
0
817
0
765
0
736
0
760
0
797
0
750
0
779
0
705
0
694
0
671
0
645
0
683
0
642
0
638
0
701
0
582
0
626
0
635
0
589
0
557
0
565
0
572
0
494
0
513
0
514
0
505
0
505
0
482
0
461
0
438
0
438
0
457
0
435
0
414
0
427
0
361
0
427
0
391
0
376
0
384
0
356
0
361
0
334
0
327
0
322
0
326
0
313
0
302
0
266
0
287
0
270
0
260
0
235
0
256
0
266
0
248
0
231
0
240
0
217
0
221
0
218
0
214
0
198
0
207
0
192
0
162
0
163
0
163
0
187
0
136
0
147
0
136
0
158
0
135
0
128
0
148
0
134
0
118
0
136
0
132
0
141
0
103
0
106
0
94
0
85
0
94
0
100
0
83
0
92
0
82
0
76
0
78
0
77
0
74
0
63
0
80
0
65
0
77
0
84
0
62
0
52
0
57
0
46
0
52
0
55
0
29
0
32
0
45
0
43
0
37
0
29
0
41
0
45
0
39
0
30
0
25
0
32
0
25
0
20
0
25
0
26
0
20
0
18
0
24
0
23
0
21
0
24
0
10
0
13
0
11
0
7
0
9
0
15
0
8
0
13
0
10
0
9
0
10
0
8
0
11
0
13
0
3
0
8
0
7
0
6
0
6
0
11
0
7
0
3
0
2
0
4
0
3
0
1
0
2
0
3
0
2
0
2
0
4
0
2
0
2
0
2
0
1
0
2
0
3
0
2
0
3
0
2
0
1
0
0
0
0
0
0
0
1
0
2
0
2
0
0
0
1
0
0
0
0
0
0
0
0
0
0
0
0
0
0
0
1
0
0
0
0
0
1
0
0
0
0
0
0
0
0
0
0
0
0
0
1
0
0
0
0
0
0
0
0
0
1
0
0
0
1
0
0
0
0
0
0
0
0
0
1
0
0
0
0
0
0
0
0
0
0
0
0
0
0
0
0
0
0
0
0
0
0
0
0
0
0
0
0
0
0
0
0
0
0
0
0
0
0
0
0
0
0
0
0
0
0
0
0
0
0
0
0
0
0
0
0
0
0
0
0
0
0
0
0
0
0
0
0
0
0
0
0
0
0
0
0
0
0
0
0
0
0
0
0
0
0
0
0
0
0
0
0
0
0
0
0
0
0
0
0
0
0
0
0
0
0
0
0
0
0
0
0
0
0
0
0
0
0
0
0
0
0
0
0
0
0
0
0
0
0
0
0
0
0
0
0
0
0
0
0
0
0
0
0
0
0
0
0
0
0
0
0
0
0
0
0
0
0
0
0
0
0
0
0
0
0
0
0
0
0
0
0
0
0
0
0
0
0
0
0
0
0
0
0
0
0
0
0
0
0
0
0
0
0
0
0
0
0
0
0
0
0
0
0
0
0
0
0
0
0
0
0
0
0
0
0
0
0
0
0
0
0
0
0
0
0
0
0
0
0
0
0
0
0
0
0
0
0
0
0
0
0
0
0
0
0
0
0
0
0
0
0
0
0
0
0
0
0
0
0
0
0
0
0
0
0
0
0
0
0
0
0
0
0
0
0
0
0
0
0
0
0
0
0
0
0
0
0
0
0
0
0
0
0
0
0
0
0
0
0
0
0
0
0
0
0
0
0
0
0
0
0
0
0
0
0
0
0
0
0
0
0
0
0
0
0
0
0
0
0
0
0
0
0
0
0
0
0
0
0
0
0
0
0
0
0
0
0
0
0
0
0
0
0
0
0
0
0
0
0
0
0
0
0
0
0
0
0
0
0
0
0
0
0
0
0
0
0
0
0
0
0
0
0
0
0
0
0
0
0
0
0
0
0
0
0
0
0
0
0
0
0
0
0
0
0
0
0
0
0
0
0
0
0
0
0
0
0
0
0
0
0
0
0
0
0
0
0
0
0
0
0
0
0
0
0
0
0
0
0
0
0
0
0
0
0
0
0
0
0
0
0
0
0
0
0
0
0
0
0
0
0
0
0
0
0
0
0
0
0
0
0
0
0
0
0
0
0
0
0
0
0
0
0
0
0
0
0
0
0
0
0
0
0
0
0
0
0
0
0
0
0
0
0
0
0
0
0
0
0
0
0
0
0
0
0
0
0
0
0
0
0
0
0
0
0
0
0
0
0
0
0
0
0
0
0
0
0
0
0
0
0
0
0
0
0
0
0
0
0
0
0
0
0
0
0
0
0
0
0
0
0
0
0
0
0
0
0
0
0
0
0
0
0
0
0
0
0
0
0
0
0
0
0
0
0
0
0
0
0
0
0
0
0
0
0
0
0
0
0
0
0
0
0
0
0
0
0
0
0
0
0
0
0
0
0
0
0
0
0
0
0
0
0
0
0
0
0
0
0
0
0
0
0
0
0
0
0
0
0
0
0
0
0
0
0
0
0
0
0
0
0
0
0
0
0
0
0
0
0
0
0
0
0
0
0
0
0
0
0
0
0
0
0
0
0
0
0
0
0
0
0
0
0
0
0
0
0
0
0
0
0
0
0
0
0
0
0
0
0
0
0
0
0
0
0
0
0
0
0
0
0
0
0
0
0
0
0
0
0
0
0
0
0
0
0
0
0
0
0
0
0
0
0
0
0
0
0
0
0
0
0
0
0
0
0
0
0
0
0
0
0
0
0
0
0
0
0
0
0
0
0
0
0
0
0
0
0
0
0
0
0
0
0
0
0
0
0
0
0
0
0
0
0
0
0
0
0
0
0
0
0
0
0
0
0
0
0
0
0
0
0
0
0
0
0
0
0
0
0
0
0
0
0
0
0
0
0
0
0
0
0
0
0
0
0
0
0
0
0
0
0
0
0
0
0
0
0
0
0
0
0
0
0
0
0
0
0
0
0
0
0
0
0
0
0
0
0
0
0
0
0
0
0
0
0
0
0
0
0
0
0
0
0
0
0
0
0
0
0
0
0
0
0
0
0
0
0
0
0
0
0
0
0
0
0
0
0
0
0
0
0
0
0
0
0
0
0
0
0
0
0
0
0
0
0
0
0
0
0
0
0
0
0
0
0
0
0
0
0
0
0
0
0
0
0
0
0
0
0
0
0
0
0
0
0
0
0
0
0
0
0
0
0
0
0
0
0
0
0
0
0
0
0
0
0
0
0
0
0
0
0
0
0
0
0
0
0
0
0
0
0
0
0
0
0
0
0
0
0
0
0
0
0
0
0
0
0
0
0
0
0
0
0
0
0
0
0
0
0
0
0
0
0
0
0
0
0
0
0
0
0
0
0
0
0
0
0
0
0
0
0
0
0
0
0
0
0
0
0
0
0
0
0
0
0
0
0
0
0
0
0
0
0
0
0
0
0
0
0
0
0
0
0
0
0
0
0
0
0
0
0
0
0
0
0
0
0
0
0
0
0
0
0
0
0
0
0
0
0
0
0
0
0
0
0
0
0
0
0
0
0
0
0
0
0
0
0
0
0
0
0
0
0
0
0
0
0
0
0
0
0
0
0
0
0
0
0
0
0
0
0
0
0
0
0
0
0
0
0
0
0
0
0
0
0
0
0
0
0
0
0
0
0
0
0
0
0
0
0
0
0
0
0
0
0
0
0
0
0
0
0
0
0
0
0
0
0
0
0
0
0
0
0
0
0
0
0
0
0
0
0
0
0
0
0
0
0
0
0
0
0
0
0
0
0
0
0
0
0
0
0
0
0
0
0
0
0
0
0
0
0
0
0
0
0
0
0
0
0
0
0
0
0
0
0
0
0
0
0
0
0
0
0
0
0
0
0
0
0
0
0
0
0
0
0
0
0
0
0
0
0
0
0
0
0
0
0
0
0
0
0
0
0
0
0
0
0
0
0
0
0
0
0
0
0
0
0
0
0
0
0
0
0
0
0
0
0
0
0
0
0
0
0
0
0
0
0
0
0
0
0
0
0
0
0
0
0
0
0
0
0
0
0
0
0
0
0
0
0
0
0
0
0
0
0
0
0
0
0
0
0
0
0
0
0
0
0
0
0
0
0
0
0
0
0
0
0
0
0
0
0
0
0
0
0
0
0
0
0
0
0
0
0
0
0
0
0
0
0
0
0
0
0
0
0
0
0
0
0
0
0
0
0
0
0
0
0
0
0
0
0
0
0
0
0
0
0
0
0
0
0
0
0
0
0
0
0
0
0
0
0
0
0
0
0
0
0
0
0
0
0
0
0
0
0
0
0
0
0
0
0
0
0
0
0
0
0
0
0
0
0
0
0
0
0
0
0
0
0
0
0
0
0
0
0
0
0
0
0
0
0
0
0
0
0
0
0
0
0
0
0
