0
0
0
0
0
0
0
0
0
0
0
0
0
0
0
0
0
0
0
0
0
0
0
0
0
0
0
0
0
0
0
0
0
0
0
0
0
0
0
0
0
0
0
0
0
0
0
0
0
0
0
0
0
0
0
0
0
0
0
0
0
0
0
0
0
0
0
0
0
0
0
0
0
0
0
0
0
0
0
0
0
0
0
0
0
0
0
0
0
0
0
0
0
0
0
0
0
0
0
0
0
0
0
0
0
0
0
0
0
0
0
0
0
0
0
0
0
0
0
0
0
0
0
0
0
0
0
0
0
0
0
0
0
0
0
0
0
0
0
0
0
0
0
0
0
0
0
0
0
0
0
0
0
0
0
0
0
0
0
0
0
0
0
0
0
0
0
0
0
0
0
0
0
0
0
0
0
0
0
0
0
0
0
0
0
0
0
0
0
0
0
0
0
0
1
0
0
0
1
0
0
0
0
0
0
0
0
0
0
0
0
0
1
0
0
0
0
0
0
0
0
0
0
0
0
0
0
0
1
0
0
0
1
0
0
0
2
0
2
0
0
0
1
0
3
0
1
0
2
0
2
0
2
0
4
0
5
0
6
0
10
0
3
0
6
0
7
0
12
0
4
0
8
0
9
0
10
0
14
0
17
0
11
0
18
0
30
0
21
0
23
0
34
0
28
0
34
0
32
0
35
0
41
0
55
0
56
0
52
0
67
0
63
0
74
0
88
0
74
0
95
0
99
0
94
0
102
0
109
0
131
0
149
0
160
0
156
0
176
0
185
0
218
0
225
0
201
0
248
0
257
0
267
0
293
0
325
0
341
0
356
0
363
0
410
0
447
0
470
0
463
0
576
0
534
0
543
0
640
0
634
0
712
0
721
0
758
0
812
0
838
0
842
0
929
0
962
0
1087
0
1072
0
1123
0
1192
0
1235
0
1294
0
1370
0
1509
0
1496
0
1636
0
1594
0
1680
0
1777
0
1822
0
1889
0
2042
0
2113
0
2214
0
2243
0
2417
0
2470
0
2608
0
2680
0
2810
0
2825
0
2971
0
3139
0
3219
0
3296
0
3391
0
3364
0
3622
0
3740
0
3920
0
4117
0
4133
0
4256
0
4327
0
4558
0
4574
0
4915
0
4843
0
5083
0
5289
0
5491
0
5576
0
5832
0
5785
0
6224
0
6154
0
6411
0
6341
0
6713
0
6692
0
7105
0
7209
0
7348
0
7647
0
7883
0
8055
0
8069
0
8153
0
8510
0
8539
0
8730
0
8944
0
9196
0
9483
0
9367
0
9957
0
9932
0
10306
0
10349
0
10567
0
10833
0
11023
0
11223
0
11424
0
11540
0
12017
0
12007
0
12158
0
12529
0
12832
0
12897
0
13360
0
13430
0
13393
0
13596
0
13988
0
14145
0
14384
0
14730
0
14756
0
14998
0
15204
0
15679
0
15685
0
16114
0
16204
0
16423
0
16851
0
17072
0
17014
0
17395
0
17961
0
17948
0
18040
0
18228
0
18674
0
18941
0
18977
0
19252
0
19925
0
19906
0
19866
0
20282
0
20558
0
20890
0
20965
0
21478
0
21441
0
21954
0
22044
0
22153
0
22321
0
22818
0
23021
0
23242
0
23777
0
23518
0
24192
0
24499
0
24732
0
24750
0
25167
0
25206
0
25184
0
25990
0
26028
0
26687
0
26655
0
27102
0
27294
0
27614
0
27778
0
28276
0
28342
0
28701
0
29194
0
29108
0
29958
0
29909
0
30284
0
30593
0
30535
0
31205
0
31549
0
31686
0
31892
0
32225
0
32465
0
32532
0
33121
0
33780
0
34013
0
34293
0
34426
0
34876
0
34988
0
35620
0
35957
0
35878
0
36493
0
36917
0
36854
0
37581
0
37819
0
38095
0
38494
0
38872
0
39162
0
39404
0
39598
0
39795
0
40640
0
40821
0
41260
0
41513
0
41528
0
42237
0
42308
0
43191
0
43434
0
43749
0
44263
0
44527
0
44584
0
45106
0
45695
0
46134
0
46189
0
46887
0
47079
0
47728
0
47715
0
48309
0
48536
0
48993
0
49200
0
49760
0
50274
0
50769
0
51332
0
51472
0
51394
0
52401
0
52519
0
52943
0
53505
0
54061
0
54030
0
54526
0
54859
0
55372
0
55608
0
56075
0
56588
0
56691
0
57457
0
58447
0
58693
0
58942
0
58862
0
60100
0
60258
0
60620
0
60798
0
61358
0
62322
0
62185
0
63086
0
62972
0
64329
0
64360
0
64906
0
65114
0
65254
0
66004
0
66766
0
66907
0
67825
0
67653
0
68363
0
68285
0
69240
0
69520
0
70237
0
71112
0
71330
0
71377
0
71892
0
72267
0
73060
0
73381
0
74307
0
74772
0
74986
0
75872
0
76103
0
76622
0
76780
0
77184
0
77710
0
78263
0
78921
0
79437
0
80107
0
80748
0
81086
0
81307
0
81586
0
82439
0
82844
0
83316
0
84155
0
84743
0
84870
0
85424
0
86033
0
86460
0
87033
0
87418
0
87549
0
88351
0
89200
0
90110
0
89930
0
90668
0
90902
0
91593
0
92393
0
92590
0
93320
0
93863
0
94581
0
94340
0
95392
0
95653
0
96509
0
96345
0
97191
0
98191
0
99623
0
99262
0
100118
0
100154
0
101150
0
101528
0
101793
0
102494
0
103108
0
104168
0
104055
0
104482
0
105449
0
106012
0
106422
0
106099
0
107578
0
107732
0
108696
0
109029
0
110350
0
110175
0
110729
0
111600
0
111847
0
112515
0
112760
0
113911
0
114037
0
115029
0
115730
0
115726
0
116412
0
117301
0
118007
0
118150
0
118764
0
119045
0
119790
0
121044
0
121155
0
122208
0
122045
0
123010
0
124272
0
124312
0
124911
0
125467
0
125928
0
126159
0
127299
0
128265
0
128038
0
130224
0
129941
0
130406
0
130877
0
131624
0
132645
0
132455
0
132918
0
133569
0
134157
0
135215
0
135743
0
136435
0
137038
0
138055
0
138349
0
139194
0
139068
0
139962
0
140937
0
140715
0
141331
0
141777
0
142727
0
143911
0
144462
0
144838
0
146177
0
145709
0
146106
0
147056
0
147968
0
147606
0
149301
0
148920
0
150101
0
150881
0
151293
0
151747
0
151925
0
153441
0
153804
0
154359
0
154811
0
155363
0
155660
0
156564
0
156755
0
158036
0
158717
0
159290
0
159909
0
160346
0
160833
0
160745
0
161661
0
162288
0
162440
0
163283
0
163474
0
163724
0
165174
0
165521
0
165934
0
166976
0
167311
0
166338
0
168341
0
169551
0
169684
0
169354
0
170340
0
170584
0
170750
0
171929
0
172550
0
172211
0
173119
0
173856
0
173080
0
175269
0
174578
0
175213
0
176048
0
175348
0
177457
0
177391
0
178446
0
178436
0
178729
0
178719
0
180184
0
180118
0
181188
0
180373
0
181570
0
180652
0
182115
0
181920
0
182613
0
182973
0
183289
0
184123
0
184375
0
184552
0
185559
0
184916
0
185495
0
186657
0
186177
0
186784
0
187476
0
187743
0
186917
0
187489
0
188558
0
188166
0
189477
0
189954
0
189471
0
190191
0
191123
0
190732
0
190549
0
191475
0
192344
0
192191
0
193045
0
192553
0
192605
0
194039
0
193594
0
193531
0
194384
0
194668
0
194562
0
195183
0
194806
0
194492
0
195423
0
195019
0
195964
0
196986
0
197023
0
196633
0
196673
0
196614
0
197510
0
198219
0
198411
0
197876
0
198541
0
198444
0
198347
0
199122
0
199497
0
199522
0
199340
0
200027
0
199760
0
200437
0
200304
0
200575
0
201215
0
200241
0
201307
0
201169
0
202073
0
200647
0
200972
0
201535
0
201862
0
202399
0
201973
0
201901
0
202840
0
202892
0
203546
0
202815
0
202768
0
203707
0
203567
0
203093
0
203498
0
203197
0
203971
0
203622
0
204187
0
204095
0
204159
0
204727
0
204660
0
204122
0
204068
0
204849
0
205239
0
204321
0
205319
0
204960
0
204732
0
205557
0
205147
0
205225
0
205622
0
205110
0
205077
0
205475
0
205399
0
205240
0
204876
0
204738
0
205243
0
204381
0
205295
0
205472
0
204840
0
205040
0
205602
0
205193
0
205005
0
205997
0
204474
0
205662
0
205389
0
205508
0
204600
0
204878
0
205249
0
204473
0
204393
0
204402
0
203993
0
204055
0
204209
0
204972
0
204536
0
204010
0
203454
0
204084
0
204599
0
203171
0
203578
0
202991
0
202339
0
203325
0
203538
0
202464
0
202110
0
202387
0
202052
0
201900
0
201086
0
200940
0
201573
0
201622
0
200555
0
200689
0
201189
0
200982
0
199544
0
199888
0
199896
0
199393
0
199101
0
198976
0
198711
0
198049
0
197919
0
198137
0
197432
0
197482
0
196945
0
196685
0
196574
0
196391
0
196395
0
196204
0
196442
0
195190
0
194548
0
194635
0
194012
0
194700
0
192043
0
192650
0
192274
0
192375
0
191397
0
190898
0
191019
0
189745
0
191625
0
189608
0
189611
0
188861
0
188576
0
187899
0
187422
0
188388
0
186920
0
186231
0
186704
0
185506
0
185411
0
184528
0
184433
0
183558
0
183543
0
183585
0
182049
0
181754
0
181013
0
180380
0
179571
0
180072
0
178658
0
177989
0
178565
0
177844
0
177334
0
176651
0
176112
0
175373
0
174776
0
174652
0
173805
0
173770
0
172841
0
171872
0
171019
0
170567
0
170848
0
169426
0
169127
0
167431
0
167687
0
166721
0
166104
0
165868
0
164868
0
164589
0
164167
0
163754
0
162587
0
162211
0
161034
0
160812
0
160317
0
158741
0
158232
0
157813
0
156840
0
155983
0
155159
0
155165
0
154455
0
153777
0
152619
0
152205
0
152407
0
150932
0
150319
0
149543
0
148663
0
147456
0
147052
0
146364
0
146273
0
145073
0
143969
0
143015
0
142678
0
142112
0
140788
0
140324
0
139961
0
138056
0
137612
0
137625
0
137233
0
135537
0
133967
0
134524
0
133566
0
132610
0
131863
0
130928
0
130341
0
129436
0
128898
0
127514
0
127324
0
126313
0
124858
0
124871
0
123719
0
123371
0
122373
0
121445
0
120453
0
120229
0
118969
0
117848
0
117671
0
117334
0
115895
0
114818
0
113872
0
113729
0
112497
0
111560
0
110744
0
109701
0
109318
0
108677
0
108076
0
107141
0
106191
0
105873
0
104606
0
103556
0
103383
0
102089
0
101660
0
100421
0
100208
0
98974
0
98154
0
97690
0
96245
0
95883
0
94468
0
94331
0
93134
0
92252
0
91728
0
91174
0
89473
0
88669
0
89004
0
87994
0
87024
0
86782
0
85640
0
84059
0
83918
0
83107
0
83302
0
82262
0
80723
0
80570
0
79602
0
78512
0
77991
0
77158
0
76802
0
76509
0
75018
0
74279
0
74068
0
72813
0
72234
0
71472
0
70725
0
69763
0
69486
0
68853
0
67666
0
67810
0
66549
0
65779
0
65004
0
64722
0
63690
0
63235
0
62864
0
61818
0
61406
0
61125
0
60115
0
59362
0
58674
0
58180
0
57281
0
56528
0
55873
0
55762
0
55046
0
54524
0
53723
0
53174
0
52591
0
52238
0
51264
0
50772
0
50015
0
50018
0
49002
0
48751
0
47799
0
47292
0
46417
0
46145
0
45738
0
44749
0
44637
0
43774
0
43259
0
43043
0
42396
0
41768
0
41630
0
40991
0
39995
0
39906
0
39290
0
39145
0
38292
0
37967
0
37803
0
36955
0
36525
0
36054
0
35370
0
34925
0
34540
0
34226
0
33741
0
33324
0
32727
0
32583
0
31625
0
31581
0
31102
0
30709
0
30005
0
29718
0
29572
0
28951
0
28988
0
28035
0
27982
0
27511
0
27153
0
26621
0
26345
0
25709
0
25615
0
24924
0
24833
0
24386
0
23992
0
23594
0
23203
0
23029
0
22402
0
22599
0
21849
0
21629
0
21587
0
21302
0
20592
0
20464
0
20004
0
19800
0
19280
0
18990
0
18756
0
18762
0
18160
0
17834
0
17499
0
17130
0
17209
0
16825
0
16439
0
16522
0
16031
0
15909
0
15482
0
15238
0
14855
0
14578
0
14347
0
14166
0
13706
0
13734
0
13395
0
13162
0
12874
0
12793
0
12560
0
12303
0
12087
0
11804
0
11578
0
11489
0
11186
0
10947
0
10683
0
10652
0
10205
0
10043
0
9849
0
9857
0
9762
0
9377
0
9226
0
8896
0
8908
0
8657
0
8265
0
8159
0
8184
0
8014
0
7983
0
7592
0
7491
0
7219
0
7098
0
6938
0
6856
0
6662
0
6603
0
6327
0
6300
0
6202
0
5937
0
5974
0
5674
0
5625
0
5415
0
5344
0
5015
0
5006
0
4979
0
4814
0
4693
0
4642
0
4638
0
4490
0
4231
0
4176
0
4081
0
4002
0
3830
0
3801
0
3726
0
3496
0
3468
0
3404
0
3325
0
3265
0
3207
0
2994
0
2994
0
2828
0
2799
0
2734
0
2534
0
2584
0
2480
0
2478
0
2407
0
2309
0
2300
0
2172
0
2177
0
2144
0
1924
0
1946
0
1826
0
1823
0
1744
0
1662
0
1609
0
1543
0
1545
0
1476
0
1460
0
1369
0
1319
0
1351
0
1263
0
1196
0
1133
0
1173
0
1097
0
1067
0
1065
0
976
0
922
0
949
0
826
0
878
0
777
0
784
0
717
0
747
0
672
0
742
0
620
0
668
0
641
0
578
0
630
0
517
0
512
0
517
0
454
0
486
0
423
0
437
0
449
0
434
0
419
0
365
0
383
0
336
0
321
0
324
0
309
0
293
0
278
0
233
0
257
0
248
0
238
0
229
0
202
0
204
0
184
0
174
0
186
0
183
0
148
0
121
0
121
0
146
0
109
0
112
0
120
0
93
0
115
0
87
0
106
0
92
0
76
0
68
0
65
0
62
0
63
0
51
0
53
0
55
0
55
0
43
0
52
0
56
0
44
0
45
0
50
0
40
0
39
0
34
0
26
0
36
0
30
0
29
0
26
0
25
0
26
0
24
0
23
0
19
0
22
0
15
0
12
0
11
0
5
0
8
0
4
0
11
0
6
0
8
0
5
0
7
0
8
0
5
0
7
0
7
0
4
0
9
0
4
0
7
0
3
0
1
0
2
0
1
0
3
0
4
0
2
0
5
0
1
0
0
0
2
0
2
0
0
0
1
0
1
0
0
0
2
0
2
0
0
0
1
0
0
0
1
0
0
0
1
0
0
0
1
0
1
0
0
0
0
0
1
0
0
0
0
0
0
0
0
0
0
0
0
0
0
0
0
0
0
0
0
0
0
0
0
0
0
0
0
0
0
0
0
0
0
0
0
0
0
0
0
0
0
0
0
0
0
0
0
0
0
0
0
0
0
0
0
0
0
0
0
0
0
0
0
0
0
0
0
0
0
0
0
0
0
0
0
0
0
0
0
0
0
0
0
0
0
0
0
0
0
0
0
0
0
0
0
0
0
0
0
0
0
0
0
0
0
0
0
0
0
0
0
0
0
0
0
0
0
0
0
0
0
0
0
0
0
0
0
0
0
0
0
0
0
0
0
0
0
0
0
0
0
0
0
0
0
0
0
0
0
0
0
0
0
0
0
0
0
0
0
0
0
0
0
0
0
0
0
0
0
0
0
0
0
0
0
0
0
0
0
0
0
0
0
0
0
0
0
0
0
0
0
0
0
0
0
0
0
0
0
0
0
0
0
0
0
0
0
0
0
0
0
0
0
0
0
0
0
0
0
0
0
0
0
0
0
0
0
0
0
0
0
0
0
0
0
0
0
0
0
0
0
0
0
0
0
0
0
0
0
0
0
0
0
0
0
0
0
0
0
0
0
0
0
0
0
0
0
0
0
0
0
0
0
0
0
0
0
0
0
0
0
0
0
0
0
0
0
0
0
0
0
0
0
0
0
0
0
0
0
0
0
0
0
0
0
0
0
0
0
0
0
0
0
0
0
0
0
0
0
0
0
0
0
0
0
0
0
0
0
0
0
0
0
0
0
0
0
0
0
0
0
0
0
0
0
0
0
0
0
0
0
0
0
0
0
0
0
0
0
0
0
0
0
0
0
0
0
0
0
0
0
0
0
0
0
0
0
0
0
0
0
0
0
0
0
0
0
0
0
0
0
0
0
0
0
0
0
0
0
0
0
0
0
0
0
0
0
0
0
0
0
0
0
0
0
0
0
0
0
0
0
0
0
0
0
0
0
0
0
0
0
0
0
0
0
0
0
0
0
0
0
0
0
0
0
0
0
0
0
0
0
0
0
0
0
0
0
0
0
0
0
0
0
0
0
0
0
0
0
0
0
0
0
0
0
0
0
0
0
0
0
0
0
0
0
0
0
0
0
0
0
0
0
0
0
0
0
0
0
0
0
0
0
0
0
0
0
0
0
0
0
0
0
0
0
0
0
0
0
0
0
0
0
0
0
0
0
0
0
0
0
0
0
0
0
0
0
0
0
0
0
0
0
0
0
0
0
0
0
0
0
0
0
0
0
0
0
0
0
0
0
0
0
0
0
0
0
0
0
0
0
0
0
0
0
0
0
0
0
0
0
0
0
0
0
0
0
0
0
0
0
0
0
0
0
0
0
0
0
0
0
0
0
0
0
0
0
0
0
0
0
0
0
0
0
0
0
0
0
0
0
0
0
0
0
0
0
0
0
0
0
0
0
0
0
0
0
0
0
0
0
0
0
0
0
0
0
0
0
0
0
0
0
0
0
0
0
0
0
0
0
0
0
0
0
0
0
0
0
0
0
0
0
0
0
0
0
0
0
0
0
0
0
0
0
0
0
0
0
0
0
0
0
0
0
0
0
0
0
0
0
0
0
0
0
0
0
0
0
0
0
0
0
0
0
0
0
0
0
0
0
0
0
0
0
0
0
0
0
0
0
0
0
0
0
0
0
0
0
0
0
0
0
0
0
0
0
0
0
0
0
0
0
0
0
0
0
0
0
0
0
0
0
0
0
0
0
0
0
0
0
0
0
0
0
0
0
0
0
0
0
0
0
0
0
0
0
0
0
0
0
0
0
0
0
0
0
0
0
0
0
0
0
0
0
0
0
0
0
0
0
0
0
0
0
0
0
0
0
0
0
0
0
0
0
0
0
0
0
0
0
0
0
0
0
0
0
0
0
0
0
0
0
0
0
0
0
0
0
0
0
0
0
0
0
0
0
0
0
0
0
0
0
0
0
0
0
0
0
0
0
0
0
0
0
0
0
0
0
0
0
0
0
0
0
0
0
0
0
0
0
0
0
0
0
0
0
0
0
0
0
0
0
0
0
0
0
0
0
0
0
0
0
0
0
0
0
0
0
0
0
0
0
0
0
0
0
0
0
0
0
0
0
0
0
0
0
0
0
0
0
0
0
0
0
0
0
0
0
0
0
0
0
0
0
0
0
0
0
0
0
0
0
0
0
0
0
0
0
0
0
0
0
0
0
0
0
0
0
0
0
0
0
0
0
0
0
0
0
0
0
0
0
0
0
0
0
0
0
0
0
0
0
0
0
0
0
0
0
0
0
0
0
0
0
0
0
0
0
0
0
0
0
0
0
0
0
0
0
0
0
0
0
0
0
0
0
0
0
0
0
0
0
0
0
0
0
0
0
0
0
0
0
0
0
0
0
0
0
0
0
0
0
0
0
0
0
0
0
0
0
0
0
0
0
0
0
0
0
0
0
0
0
0
0
0
0
0
0
0
0
0
0
0
0
0
0
0
0
0
0
0
0
0
0
0
0
0
0
0
0
0
0
0
0
0
0
0
0
0
0
0
0
0
0
0
0
0
0
0
0
0
0
0
0
0
0
0
0
0
0
0
0
0
0
0
0
0
0
0
0
0
0
0
0
0
0
0
0
0
0
0
0
0
0
0
0
0
0
0
0
0
0
0
0
0
0
0
0
0
0
0
0
0
0
0
0
0
0
0
0
0
0
0
0
0
0
0
0
0
0
0
0
0
0
0
0
0
0
0
0
0
0
0
0
0
0
0
0
0
0
0
0
0
0
0
0
0
0
0
0
0
0
0
0
0
0
0
0
0
0
0
0
0
0
0
0
0
0
0
0
0
0
0
0
0
0
0
0
0
0
0
0
0
0
0
0
0
0
0
0
0
0
0
0
0
0
0
0
0
0
0
0
0
0
0
0
0
0
0
0
0
0
0
0
0
0
0
0
0
0
0
0
0
0
0
0
0
0
0
0
0
0
0
0
0
0
0
0
0
0
0
0
0
0
0
0
0
0
0
0
0
0
0
0
0
0
0
0
0
0
0
0
0
0
0
