0
0
0
0
0
0
0
0
0
0
0
0
0
0
0
0
0
0
0
0
0
0
0
0
0
0
0
0
0
0
0
0
0
0
0
0
0
0
0
0
0
0
0
0
0
0
0
0
0
0
0
0
0
0
0
0
0
0
0
0
0
0
0
0
0
0
0
0
0
0
0
0
0
0
0
0
0
0
0
0
0
0
0
0
0
0
0
0
0
0
0
0
0
0
0
0
0
0
0
0
0
0
0
0
0
0
0
0
0
0
0
0
0
0
0
0
0
0
0
0
0
0
0
0
0
0
0
0
0
0
0
0
0
0
0
0
0
0
0
0
0
0
0
0
0
0
0
0
0
0
0
0
0
0
0
0
0
0
0
0
0
0
0
0
0
0
0
0
0
0
0
0
0
0
0
0
0
0
0
0
1
0
0
0
0
0
0
0
0
0
0
0
0
0
0
0
1
0
0
0
1
0
0
0
0
0
0
0
0
0
0
0
3
0
3
0
6
0
1
0
2
0
2
0
4
0
1
0
2
0
2
0
9
0
4
0
13
0
4
0
3
0
4
0
6
0
6
0
13
0
8
0
9
0
12
0
12
0
22
0
17
0
19
0
21
0
16
0
39
0
44
0
31
0
41
0
38
0
43
0
40
0
38
0
54
0
56
0
76
0
78
0
89
0
88
0
103
0
104
0
104
0
107
0
130
0
146
0
156
0
174
0
172
0
167
0
210
0
217
0
235
0
232
0
274
0
262
0
303
0
342
0
371
0
375
0
411
0
401
0
449
0
479
0
495
0
521
0
601
0
619
0
654
0
669
0
788
0
689
0
839
0
874
0
840
0
947
0
954
0
1042
0
1090
0
1102
0
1192
0
1254
0
1291
0
1416
0
1475
0
1477
0
1589
0
1636
0
1866
0
1781
0
1883
0
1979
0
2068
0
2157
0
2267
0
2297
0
2372
0
2519
0
2619
0
2735
0
2825
0
2975
0
2985
0
3182
0
3167
0
3489
0
3457
0
3619
0
3652
0
3881
0
3986
0
4311
0
4243
0
4269
0
4678
0
4675
0
4916
0
4935
0
5190
0
5261
0
5483
0
5587
0
5909
0
6099
0
6287
0
6350
0
6300
0
6681
0
6907
0
7118
0
7380
0
7583
0
7678
0
8022
0
8257
0
8359
0
8571
0
8852
0
8909
0
9030
0
9390
0
9649
0
10075
0
10141
0
10316
0
10690
0
10808
0
10959
0
11193
0
11531
0
11765
0
12203
0
12180
0
12603
0
12782
0
13019
0
13333
0
13606
0
13918
0
14193
0
14286
0
14779
0
14985
0
15087
0
15536
0
15923
0
16169
0
16392
0
16567
0
16995
0
17191
0
17680
0
17471
0
18125
0
18316
0
18504
0
19159
0
19194
0
19468
0
19871
0
20238
0
20496
0
20684
0
20928
0
20971
0
21425
0
21461
0
22037
0
22351
0
22451
0
22718
0
23033
0
23227
0
23765
0
23920
0
24288
0
24112
0
24590
0
25231
0
25062
0
25478
0
25996
0
26035
0
26169
0
26680
0
26873
0
26852
0
26921
0
27444
0
27329
0
27560
0
28135
0
28501
0
28664
0
28721
0
28887
0
29454
0
29664
0
29428
0
29569
0
30347
0
30004
0
30507
0
31158
0
30802
0
31268
0
31395
0
31324
0
31778
0
31967
0
32384
0
32300
0
32475
0
32854
0
33025
0
32864
0
33013
0
33349
0
33616
0
33817
0
33485
0
33680
0
33980
0
34141
0
34336
0
34847
0
34715
0
34369
0
34777
0
34645
0
35215
0
34844
0
34949
0
35601
0
35083
0
35188
0
35468
0
35461
0
35862
0
35741
0
36019
0
35831
0
36014
0
36059
0
36271
0
36101
0
36168
0
35874
0
36662
0
36665
0
36655
0
36594
0
36539
0
36819
0
36838
0
36945
0
36957
0
37056
0
36757
0
37051
0
36716
0
37611
0
37234
0
36511
0
37001
0
37406
0
37087
0
37000
0
36994
0
36563
0
36975
0
36875
0
37467
0
36735
0
37202
0
37034
0
36748
0
37103
0
36795
0
37195
0
37486
0
37040
0
37006
0
37329
0
37041
0
36601
0
36969
0
36932
0
36782
0
36521
0
37078
0
36473
0
37059
0
37043
0
36915
0
36776
0
36564
0
36927
0
37045
0
36316
0
36938
0
36457
0
36530
0
36408
0
36503
0
36651
0
36698
0
36546
0
36255
0
36308
0
36084
0
36553
0
36726
0
36246
0
36758
0
36623
0
36265
0
36376
0
36551
0
36381
0
36600
0
36028
0
36217
0
35945
0
36145
0
36251
0
35989
0
36401
0
36366
0
36527
0
36196
0
36259
0
36425
0
36130
0
36604
0
36184
0
36368
0
36225
0
36291
0
36390
0
36219
0
36375
0
36533
0
36423
0
36714
0
36664
0
36316
0
36682
0
36697
0
36420
0
36352
0
36662
0
36492
0
37020
0
36561
0
36616
0
37018
0
36631
0
37313
0
37146
0
36601
0
37266
0
37374
0
37176
0
37664
0
37475
0
37328
0
37147
0
37589
0
37523
0
37687
0
37534
0
37851
0
37882
0
38057
0
37907
0
37951
0
38073
0
38293
0
38489
0
37952
0
38861
0
38419
0
38815
0
38369
0
39022
0
38832
0
38865
0
39217
0
39524
0
39635
0
38949
0
39466
0
39721
0
39797
0
39643
0
40107
0
40100
0
40349
0
40258
0
40209
0
40395
0
40573
0
40921
0
40861
0
40881
0
40932
0
40803
0
41245
0
41727
0
41333
0
41540
0
42001
0
41796
0
42425
0
42270
0
42108
0
42703
0
42881
0
43008
0
42921
0
42882
0
43240
0
43627
0
43686
0
43647
0
44146
0
43970
0
44197
0
44661
0
44626
0
45005
0
45109
0
44812
0
45443
0
45453
0
45337
0
45262
0
45658
0
46025
0
46174
0
45876
0
46483
0
46761
0
46818
0
47263
0
47002
0
47772
0
47550
0
47557
0
47885
0
48106
0
48377
0
48457
0
48677
0
48495
0
48870
0
49145
0
49394
0
49832
0
50378
0
50114
0
50526
0
50854
0
50808
0
51059
0
51200
0
51087
0
51635
0
51631
0
52007
0
52267
0
52196
0
52868
0
52602
0
52865
0
53466
0
53832
0
53492
0
54027
0
54420
0
54298
0
54512
0
55400
0
55286
0
55080
0
56192
0
56588
0
56320
0
56354
0
56723
0
56949
0
57323
0
57590
0
57863
0
58172
0
58058
0
58491
0
59049
0
59128
0
59459
0
59863
0
59996
0
60423
0
60052
0
61074
0
60937
0
61353
0
61632
0
61767
0
61985
0
62509
0
62308
0
63342
0
63525
0
63621
0
63533
0
64107
0
64347
0
65079
0
65214
0
65030
0
65739
0
66228
0
66094
0
66772
0
66880
0
67079
0
67715
0
67655
0
68681
0
68121
0
69283
0
68824
0
69892
0
69922
0
69978
0
70466
0
70756
0
71384
0
71404
0
71460
0
72492
0
72376
0
72758
0
73178
0
73875
0
73824
0
74556
0
75837
0
75042
0
75559
0
75633
0
76424
0
76744
0
77392
0
77239
0
78171
0
77761
0
78455
0
78968
0
79757
0
79654
0
80745
0
81253
0
81516
0
81764
0
81556
0
82269
0
83318
0
82762
0
82989
0
84204
0
85121
0
84805
0
85490
0
85733
0
86351
0
86541
0
86908
0
87147
0
87523
0
87955
0
88404
0
89340
0
89445
0
89539
0
90485
0
90939
0
91083
0
91545
0
92223
0
92243
0
92632
0
93339
0
93436
0
94376
0
94473
0
95249
0
95997
0
95407
0
95711
0
96728
0
97825
0
97645
0
98678
0
98582
0
99146
0
99331
0
99913
0
100340
0
100570
0
101317
0
101257
0
101633
0
102322
0
103184
0
103050
0
103750
0
103975
0
104697
0
105250
0
105335
0
105766
0
106295
0
106480
0
106589
0
107635
0
107821
0
108436
0
109025
0
108819
0
109641
0
109819
0
110380
0
110707
0
111134
0
111806
0
111843
0
111660
0
112682
0
111872
0
113566
0
113735
0
114302
0
114501
0
114620
0
114698
0
115650
0
115417
0
115919
0
116285
0
116225
0
116830
0
117024
0
117557
0
117889
0
118262
0
118846
0
119057
0
119672
0
118858
0
119959
0
120348
0
120781
0
120914
0
120372
0
121599
0
121495
0
121649
0
122127
0
121832
0
122432
0
122424
0
122249
0
123364
0
123701
0
123933
0
123431
0
123758
0
124571
0
124491
0
124953
0
125321
0
124741
0
124545
0
125860
0
126161
0
125179
0
126631
0
126116
0
125857
0
126271
0
126859
0
126730
0
126942
0
126490
0
126838
0
126714
0
127315
0
126894
0
127699
0
127137
0
127911
0
127857
0
128104
0
128969
0
127635
0
127761
0
128371
0
128103
0
128828
0
128324
0
128747
0
128654
0
127821
0
128530
0
128817
0
128751
0
128719
0
128743
0
128719
0
129431
0
129113
0
128910
0
129920
0
129158
0
129316
0
129202
0
129334
0
129643
0
129198
0
129125
0
129606
0
129006
0
129706
0
129539
0
129496
0
129845
0
129306
0
130271
0
130222
0
129265
0
130001
0
129907
0
129355
0
129608
0
129719
0
129670
0
129625
0
129410
0
129803
0
130199
0
129324
0
129764
0
129478
0
129931
0
130152
0
130031
0
129784
0
129991
0
130282
0
130107
0
129327
0
130009
0
129045
0
129870
0
129984
0
130323
0
130128
0
130168
0
130577
0
130432
0
129916
0
130864
0
130554
0
130002
0
130258
0
130202
0
130978
0
130107
0
130979
0
130410
0
131343
0
130641
0
130237
0
130946
0
131666
0
131903
0
130662
0
131393
0
131775
0
131945
0
131343
0
132662
0
132985
0
132490
0
132632
0
132912
0
132969
0
132806
0
133093
0
133369
0
133358
0
134327
0
134666
0
134843
0
134542
0
135611
0
135305
0
135049
0
135014
0
136002
0
136104
0
136687
0
136669
0
137670
0
137156
0
137268
0
138686
0
138814
0
138733
0
139378
0
139859
0
139558
0
139936
0
140756
0
140849
0
141385
0
141674
0
141909
0
142541
0
142685
0
143365
0
143862
0
144165
0
144331
0
145385
0
146327
0
146201
0
146559
0
147563
0
148066
0
148714
0
148644
0
149494
0
150602
0
150323
0
151598
0
152392
0
153096
0
153908
0
153647
0
154746
0
155447
0
155341
0
156603
0
156783
0
158079
0
158096
0
159726
0
159833
0
160410
0
161691
0
162821
0
162086
0
163607
0
164908
0
165609
0
165703
0
166758
0
168032
0
169086
0
169378
0
168753
0
169929
0
172783
0
172669
0
173013
0
174383
0
175128
0
175364
0
176142
0
177138
0
177595
0
178992
0
178814
0
179851
0
181874
0
182494
0
182846
0
184083
0
184033
0
185125
0
185971
0
186574
0
187299
0
188255
0
188902
0
189936
0
190672
0
190503
0
192124
0
192401
0
193688
0
193942
0
194029
0
195724
0
195593
0
196870
0
198388
0
197295
0
199563
0
198013
0
200296
0
200253
0
201335
0
201716
0
201846
0
202126
0
203701
0
203664
0
204081
0
204651
0
205128
0
205068
0
205641
0
205024
0
205806
0
206580
0
207053
0
207793
0
208046
0
207544
0
207512
0
208110
0
208351
0
208261
0
207811
0
208612
0
208538
0
208546
0
208889
0
207960
0
208806
0
209028
0
208175
0
207151
0
208044
0
207247
0
206764
0
207503
0
207436
0
207498
0
206450
0
206188
0
205513
0
205173
0
205222
0
204029
0
204100
0
202597
0
203306
0
203090
0
202207
0
201600
0
200954
0
200469
0
198692
0
198960
0
198227
0
196997
0
197381
0
195922
0
195204
0
194669
0
193690
0
191800
0
191691
0
190072
0
190611
0
189334
0
187645
0
187270
0
186234
0
184712
0
184865
0
183675
0
182568
0
181427
0
179855
0
178214
0
178598
0
177322
0
175924
0
174054
0
173301
0
172093
0
171896
0
169745
0
169324
0
168039
0
167106
0
165523
0
164994
0
163199
0
161903
0
161482
0
160403
0
159222
0
157655
0
156742
0
155340
0
153951
0
152998
0
151428
0
150262
0
150003
0
147732
0
147062
0
145986
0
145255
0
143810
0
142486
0
140936
0
140549
0
138548
0
137543
0
137269
0
135839
0
134697
0
133269
0
132334
0
131101
0
130141
0
129118
0
127734
0
127833
0
125967
0
125520
0
123437
0
122952
0
122082
0
120634
0
120498
0
118631
0
117135
0
116963
0
115771
0
115089
0
114330
0
113365
0
112171
0
111055
0
110276
0
110123
0
108600
0
107571
0
106675
0
106431
0
104943
0
104906
0
103891
0
103588
0
102703
0
101522
0
100474
0
99856
0
99212
0
98732
0
97029
0
96759
0
96638
0
96022
0
95182
0
94438
0
93231
0
92722
0
92327
0
91768
0
90311
0
90252
0
89646
0
88724
0
88265
0
87738
0
86974
0
86398
0
86241
0
85059
0
84903
0
84216
0
83247
0
83129
0
82950
0
82593
0
81899
0
81212
0
79974
0
80208
0
79220
0
78941
0
77937
0
78028
0
77471
0
76862
0
76526
0
75282
0
75629
0
74882
0
74392
0
74100
0
73120
0
72469
0
72186
0
71534
0
71240
0
71164
0
70492
0
69375
0
69138
0
68880
0
68211
0
67932
0
67113
0
66612
0
66186
0
66059
0
65321
0
65070
0
64519
0
64088
0
63494
0
63536
0
62707
0
61967
0
61563
0
61415
0
60855
0
60291
0
59793
0
59352
0
58945
0
57946
0
57586
0
57572
0
56380
0
55895
0
55422
0
55114
0
54225
0
53943
0
53412
0
53027
0
52479
0
52114
0
51165
0
50932
0
50212
0
50093
0
49766
0
48840
0
48428
0
47717
0
47676
0
47163
0
46459
0
45874
0
45323
0
44512
0
44391
0
43844
0
43041
0
42394
0
42323
0
41949
0
41064
0
40948
0
40056
0
39860
0
39407
0
39253
0
37965
0
37754
0
37038
0
36623
0
36495
0
35613
0
34963
0
34657
0
34458
0
33781
0
33320
0
32455
0
32435
0
31725
0
31164
0
30936
0
30287
0
30037
0
29280
0
28812
0
28397
0
27903
0
27588
0
27391
0
26433
0
26247
0
25473
0
25116
0
24897
0
24638
0
24168
0
23465
0
23283
0
22609
0
22157
0
22242
0
21470
0
21227
0
20756
0
20386
0
19892
0
19337
0
19443
0
18747
0
18330
0
18021
0
17601
0
17284
0
16976
0
16506
0
16423
0
15939
0
15549
0
15490
0
15025
0
14756
0
14486
0
13916
0
13485
0
13368
0
13070
0
12772
0
12506
0
12146
0
12013
0
11698
0
11329
0
11214
0
10912
0
10598
0
10383
0
10170
0
9817
0
9538
0
9458
0
9111
0
8800
0
8833
0
8291
0
8308
0
7998
0
7910
0
7720
0
7327
0
7249
0
6977
0
6895
0
6581
0
6569
0
6400
0
6187
0
5988
0
5838
0
5711
0
5414
0
5377
0
5193
0
4999
0
4894
0
4861
0
4591
0
4471
0
4359
0
4214
0
4121
0
4006
0
3981
0
3760
0
3634
0
3592
0
3409
0
3289
0
3223
0
3201
0
3033
0
2925
0
2892
0
2671
0
2678
0
2557
0
2410
0
2368
0
2371
0
2288
0
2213
0
2100
0
2156
0
1949
0
2036
0
1870
0
1782
0
1675
0
1709
0
1576
0
1541
0
1451
0
1455
0
1400
0
1368
0
1265
0
1281
0
1148
0
1144
0
1038
0
1057
0
1002
0
1013
0
985
0
943
0
848
0
867
0
800
0
775
0
764
0
698
0
681
0
699
0
626
0
626
0
539
0
550
0
528
0
510
0
549
0
485
0
445
0
423
0
422
0
397
0
336
0
383
0
335
0
326
0
299
0
298
0
289
0
288
0
223
0
214
0
222
0
207
0
195
0
183
0
195
0
183
0
176
0
163
0
147
0
132
0
116
0
135
0
115
0
137
0
107
0
102
0
85
0
86
0
80
0
92
0
77
0
64
0
60
0
67
0
38
0
49
0
46
0
44
0
46
0
54
0
46
0
33
0
32
0
34
0
36
0
35
0
34
0
23
0
21
0
18
0
19
0
11
0
17
0
16
0
24
0
21
0
11
0
13
0
9
0
9
0
9
0
7
0
10
0
8
0
11
0
6
0
6
0
10
0
5
0
3
0
4
0
1
0
2
0
7
0
3
0
3
0
3
0
6
0
4
0
2
0
1
0
1
0
5
0
3
0
0
0
2
0
0
0
0
0
1
0
0
0
0
0
2
0
0
0
0
0
0
0
1
0
0
0
0
0
2
0
0
0
0
0
0
0
0
0
0
0
0
0
0
0
0
0
0
0
0
0
0
0
0
0
0
0
0
0
0
0
0
0
0
0
0
0
0
0
0
0
0
0
0
0
0
0
0
0
0
0
0
0
0
0
0
0
0
0
0
0
0
0
0
0
0
0
0
0
0
0
0
0
0
0
0
0
0
0
0
0
0
0
0
0
0
0
0
0
0
0
0
0
0
0
0
0
0
0
0
0
0
0
0
0
0
0
0
0
0
0
0
0
0
0
0
0
0
0
0
0
0
0
0
0
0
0
0
0
0
0
0
0
0
0
0
0
0
0
0
0
0
0
0
0
0
0
0
0
0
0
0
0
0
0
0
0
0
0
0
0
0
0
0
0
0
0
0
0
0
0
0
0
0
0
0
0
0
0
0
0
0
0
0
0
0
0
0
0
0
0
0
0
0
0
0
0
0
0
0
0
0
0
0
0
0
0
0
0
0
0
0
0
0
0
0
0
0
0
0
0
0
0
0
0
0
0
0
0
0
0
0
0
0
0
0
0
0
0
0
0
0
0
0
0
0
0
0
0
0
0
0
0
0
0
0
0
0
0
0
0
0
0
0
0
0
0
0
0
0
0
0
0
0
0
0
0
0
0
0
0
0
0
0
0
0
0
0
0
0
0
0
0
0
0
0
0
0
0
0
0
0
0
0
0
0
0
0
0
0
0
0
0
0
0
0
0
0
0
0
0
0
0
0
0
0
0
0
0
0
0
0
0
0
0
0
0
0
0
0
0
0
0
0
0
0
0
0
0
0
0
0
0
0
0
0
0
0
0
0
0
0
0
0
0
0
0
0
0
0
0
0
0
0
0
0
0
0
0
0
0
0
0
0
0
0
0
0
0
0
0
0
0
0
0
0
0
0
0
0
0
0
0
0
0
0
0
0
0
0
0
0
0
0
0
0
0
0
0
0
0
0
0
0
0
0
0
0
0
0
0
0
0
0
0
0
0
0
0
0
0
0
0
0
0
0
0
0
0
0
0
0
0
0
0
0
0
0
0
0
0
0
0
0
0
0
0
0
0
0
0
0
0
0
0
0
0
0
0
0
0
0
0
0
0
0
0
0
0
0
0
0
0
0
0
0
0
0
0
0
0
0
0
0
0
0
0
0
0
0
0
0
0
0
0
0
0
0
0
0
0
0
0
0
0
0
0
0
0
0
0
0
0
0
0
0
0
0
0
0
0
0
0
0
0
0
0
0
0
0
0
0
0
0
0
0
0
0
0
0
0
0
0
0
0
0
0
0
0
0
0
0
0
0
0
0
0
0
0
0
0
0
0
0
0
0
0
0
0
0
0
0
0
0
0
0
0
0
0
0
0
0
0
0
0
0
0
0
0
0
0
0
0
0
0
0
0
0
0
0
0
0
0
0
0
0
0
0
0
0
0
0
0
0
0
0
0
0
0
0
0
0
0
0
0
0
0
0
0
0
0
0
0
0
0
0
0
0
0
0
0
0
0
0
0
0
0
0
0
0
0
0
0
0
0
0
0
0
0
0
0
0
0
0
0
0
0
0
0
0
0
0
0
0
0
0
0
0
0
0
0
0
0
0
0
0
0
0
0
0
0
0
0
0
0
0
0
0
0
0
0
0
0
0
0
0
0
0
0
0
0
0
0
0
0
0
0
0
0
0
0
0
0
0
0
0
0
0
0
0
0
0
0
0
0
0
0
0
0
0
0
0
0
0
0
0
0
0
0
0
0
0
0
0
0
0
0
0
0
0
0
0
0
0
0
0
0
0
0
0
0
0
0
0
0
0
0
0
0
0
0
0
0
0
0
0
0
0
0
0
0
0
0
0
0
0
0
0
0
0
0
0
0
0
0
0
0
0
0
0
0
0
0
0
0
0
0
0
0
0
0
0
0
0
0
0
0
0
0
0
0
0
0
0
0
0
0
0
0
0
0
0
0
0
0
0
0
0
0
0
0
0
0
0
0
0
0
0
0
0
0
0
0
0
0
0
0
0
0
0
0
0
0
0
0
0
0
0
0
0
0
0
0
0
0
0
0
0
0
0
0
0
0
0
0
0
0
0
0
0
0
0
0
0
0
0
0
0
0
0
0
0
0
0
0
0
0
0
0
0
0
0
0
0
0
0
0
0
0
0
0
0
0
0
0
0
0
0
0
0
0
0
0
0
0
0
0
0
0
0
0
0
0
0
0
0
0
0
0
0
0
0
0
0
0
0
0
0
0
0
0
0
0
0
0
0
0
0
0
0
0
0
0
0
0
0
0
0
0
0
0
0
0
0
0
0
0
0
0
0
0
0
0
0
0
0
0
0
0
0
0
0
0
0
0
0
0
0
0
0
0
0
0
0
0
0
0
0
0
0
0
0
0
0
0
0
0
0
0
0
0
0
0
0
0
0
0
0
0
0
0
0
0
0
0
0
0
0
0
0
0
0
0
0
0
0
0
0
0
0
0
0
0
0
0
0
0
0
0
0
0
0
0
0
0
0
0
0
0
0
0
0
0
0
0
0
0
0
0
0
0
0
0
0
0
0
0
0
0
0
0
0
0
0
0
0
0
0
0
0
0
0
0
0
0
0
0
0
0
0
0
0
0
0
0
0
0
0
0
0
0
0
0
0
0
0
0
0
0
0
0
0
0
0
0
0
0
0
0
0
0
0
0
0
0
0
0
0
0
0
0
0
0
0
0
0
0
0
0
0
0
0
0
0
0
0
0
0
0
0
0
0
0
0
0
0
0
0
0
0
0
0
0
0
0
0
0
0
0
0
0
0
0
0
0
0
0
0
0
0
0
0
0
0
0
0
0
0
0
0
0
0
0
0
0
0
0
0
0
0
0
0
0
0
0
0
0
0
0
0
0
0
0
0
0
0
0
0
0
0
0
0
0
0
0
0
0
0
0
0
0
0
0
0
0
0
0
0
0
0
0
0
0
0
0
0
0
0
0
0
0
0
0
0
0
0
0
0
0
0
0
0
0
0
0
0
0
0
0
0
0
0
0
0
0
0
0
0
0
0
0
0
0
0
0
0
0
0
0
0
0
0
0
0
0
0
0
0
0
0
0
0
0
0
0
0
0
0
0
0
0
0
0
0
0
0
0
0
0
0
0
0
0
0
0
0
0
0
0
0
0
0
0
