0
0
0
0
0
0
0
0
0
0
0
0
0
0
0
0
0
0
0
0
0
0
0
0
0
0
0
0
0
0
0
0
0
0
0
0
0
0
0
0
0
0
0
0
0
0
0
0
0
0
0
0
0
0
0
0
0
0
0
0
0
0
0
0
0
0
0
0
0
0
0
0
0
0
0
0
0
0
0
0
0
0
0
0
0
0
0
0
0
0
0
0
0
0
0
0
0
0
1
0
1
0
1
0
3
0
1
0
0
0
2
0
8
0
10
0
9
0
6
0
10
0
24
0
27
0
35
0
45
0
53
0
51
0
75
0
91
0
103
0
145
0
180
0
215
0
233
0
315
0
380
0
380
0
523
0
605
0
724
0
808
0
988
0
1047
0
1299
0
1459
0
1692
0
1955
0
2241
0
2607
0
2996
0
3341
0
3819
0
4257
0
4906
0
5463
0
6159
0
6931
0
7599
0
8647
0
9365
0
10626
0
11525
0
12718
0
14147
0
15411
0
17131
0
18420
0
20224
0
22140
0
23744
0
25950
0
28211
0
30277
0
32911
0
35373
0
37888
0
40910
0
43854
0
46709
0
49818
0
53084
0
56357
0
60285
0
63634
0
67764
0
71395
0
75613
0
80090
0
84317
0
88150
0
93059
0
97590
0
102578
0
107281
0
111491
0
116877
0
121727
0
126592
0
132239
0
136808
0
142160
0
148100
0
152700
0
157843
0
164255
0
169828
0
173840
0
179981
0
185924
0
190038
0
195905
0
200318
0
206458
0
210973
0
216392
0
221977
0
227160
0
231699
0
236247
0
241200
0
246257
0
250476
0
255690
0
260186
0
264299
0
267764
0
272522
0
275924
0
280844
0
284357
0
288752
0
291202
0
294997
0
298305
0
301657
0
304743
0
307669
0
310848
0
312420
0
315757
0
317982
0
319268
0
322260
0
323423
0
325666
0
327841
0
329065
0
329609
0
330826
0
331365
0
332595
0
332019
0
333207
0
333774
0
334156
0
334095
0
333187
0
333075
0
333025
0
331274
0
331217
0
330756
0
328990
0
328115
0
326528
0
325683
0
322183
0
320590
0
318898
0
316997
0
314641
0
311742
0
309785
0
307317
0
303803
0
300927
0
298551
0
294864
0
291390
0
289164
0
285978
0
281655
0
278302
0
273162
0
270753
0
268612
0
264035
0
259486
0
254879
0
251721
0
248092
0
243740
0
240221
0
236100
0
232172
0
226983
0
223979
0
220723
0
215716
0
212056
0
208080
0
204060
0
199565
0
196175
0
191431
0
188405
0
184740
0
181337
0
176541
0
173555
0
169371
0
166354
0
161962
0
159424
0
155370
0
151725
0
148407
0
145577
0
142609
0
140483
0
136761
0
134310
0
131133
0
128370
0
125209
0
122652
0
120086
0
117013
0
114627
0
111958
0
109653
0
107357
0
105268
0
103030
0
100851
0
98775
0
96616
0
94484
0
92611
0
90673
0
87987
0
87282
0
84785
0
83012
0
81380
0
79870
0
79194
0
76801
0
75484
0
73918
0
72462
0
71401
0
69636
0
67958
0
66681
0
65786
0
64470
0
63529
0
62170
0
60867
0
59817
0
58980
0
57425
0
56941
0
56084
0
55402
0
54181
0
52915
0
52197
0
51328
0
50676
0
49570
0
48806
0
48014
0
47249
0
46127
0
45951
0
45602
0
44777
0
44097
0
43772
0
42722
0
42708
0
41875
0
41421
0
41374
0
40638
0
40376
0
39528
0
39669
0
39363
0
38831
0
38492
0
38326
0
38115
0
38406
0
38258
0
38144
0
38032
0
38127
0
37993
0
37636
0
38049
0
37826
0
38056
0
37872
0
38534
0
38581
0
39159
0
39331
0
39524
0
39996
0
40032
0
40879
0
41498
0
42009
0
42672
0
42832
0
43994
0
44595
0
45081
0
45561
0
46699
0
47135
0
48455
0
49513
0
50670
0
51266
0
52233
0
53605
0
54574
0
55503
0
56867
0
58201
0
59865
0
60902
0
62250
0
63803
0
64859
0
66455
0
68128
0
69683
0
71509
0
73609
0
74585
0
76318
0
77803
0
79912
0
82306
0
83772
0
86170
0
87865
0
89901
0
91336
0
93669
0
95757
0
98094
0
100751
0
102364
0
104682
0
107030
0
109004
0
111626
0
114045
0
117044
0
118342
0
121015
0
124324
0
126049
0
129192
0
131584
0
134297
0
136500
0
139412
0
140984
0
144364
0
147629
0
149680
0
152473
0
155558
0
157828
0
161392
0
163793
0
166656
0
168920
0
171649
0
175260
0
178063
0
180789
0
183359
0
186226
0
189332
0
192011
0
195435
0
197771
0
200871
0
203712
0
206889
0
209368
0
212865
0
216917
0
217910
0
221636
0
225180
0
228716
0
231462
0
232720
0
237615
0
239729
0
242545
0
244336
0
248492
0
250728
0
255352
0
258640
0
260080
0
263880
0
266688
0
269539
0
272487
0
275130
0
277111
0
280821
0
283195
0
285496
0
289653
0
291288
0
295053
0
297404
0
300619
0
302179
0
305643
0
308273
0
309600
0
313383
0
314759
0
317870
0
319648
0
322328
0
323816
0
326336
0
328585
0
331666
0
333953
0
334754
0
338094
0
338892
0
340810
0
343159
0
344915
0
346635
0
348123
0
350461
0
351702
0
353027
0
354447
0
355648
0
355800
0
358150
0
358834
0
359514
0
360643
0
359644
0
360880
0
362182
0
362444
0
362784
0
362940
0
363295
0
363150
0
363433
0
363293
0
362893
0
362454
0
362843
0
362363
0
361693
0
361733
0
359298
0
358407
0
357478
0
355614
0
355346
0
353959
0
353166
0
351450
0
349677
0
348630
0
346423
0
344391
0
342037
0
341093
0
338534
0
335850
0
334183
0
331999
0
329586
0
326967
0
323517
0
321572
0
318906
0
315281
0
311896
0
309297
0
306137
0
303549
0
300100
0
296052
0
293323
0
290744
0
286162
0
282794
0
279097
0
276435
0
272824
0
269085
0
265003
0
260965
0
257880
0
253443
0
249778
0
246159
0
243473
0
239008
0
234681
0
231193
0
226455
0
222076
0
218619
0
214415
0
210722
0
207838
0
202845
0
200642
0
195400
0
192009
0
187958
0
184024
0
180422
0
176477
0
172539
0
168974
0
164679
0
160569
0
157689
0
154384
0
150028
0
146429
0
143137
0
139556
0
136947
0
132416
0
129316
0
125798
0
123471
0
119520
0
116602
0
113610
0
109865
0
107793
0
104518
0
101555
0
98469
0
95704
0
93127
0
90267
0
88078
0
85027
0
82364
0
80118
0
78143
0
75546
0
73032
0
70957
0
68731
0
66664
0
64416
0
62425
0
60507
0
58754
0
56286
0
54719
0
52978
0
51465
0
49887
0
47806
0
46115
0
44701
0
43582
0
42075
0
40276
0
38868
0
37870
0
36450
0
34957
0
33869
0
32716
0
31475
0
30555
0
29450
0
28482
0
28073
0
26305
0
25376
0
24854
0
23940
0
23349
0
22106
0
21604
0
20714
0
19852
0
19434
0
18714
0
17854
0
17416
0
16976
0
16283
0
15566
0
15219
0
14591
0
14321
0
13753
0
13263
0
12788
0
12399
0
12035
0
11692
0
11330
0
10925
0
10525
0
10275
0
10051
0
9833
0
9327
0
9162
0
8966
0
8814
0
8388
0
8257
0
8131
0
7935
0
7470
0
7542
0
7386
0
7193
0
7085
0
6864
0
6695
0
6588
0
6498
0
6307
0
6327
0
6143
0
6022
0
5953
0
5918
0
5683
0
5687
0
5618
0
5612
0
5596
0
5350
0
5449
0
5346
0
5246
0
5256
0
5182
0
5212
0
5050
0
4935
0
5066
0
5013
0
4988
0
4976
0
4920
0
4996
0
4832
0
4849
0
4750
0
4900
0
4761
0
4781
0
4897
0
4786
0
4796
0
4826
0
4706
0
4733
0
4786
0
4722
0
4695
0
4816
0
4800
0
4705
0
4828
0
4715
0
4740
0
4742
0
4704
0
4693
0
4702
0
4679
0
4605
0
4660
0
4589
0
4688
0
4719
0
4511
0
4666
0
4662
0
4766
0
4661
0
4628
0
4592
0
4589
0
4640
0
4492
0
4583
0
4446
0
4505
0
4588
0
4607
0
4617
0
4586
0
4412
0
4497
0
4374
0
4500
0
4492
0
4511
0
4417
0
4405
0
4353
0
4568
0
4484
0
4344
0
4310
0
4300
0
4382
0
4427
0
4330
0
4368
0
4406
0
4437
0
4219
0
4312
0
4257
0
4392
0
4226
0
4351
0
4410
0
4107
0
4399
0
4249
0
4424
0
4277
0
4229
0
4230
0
4255
0
4310
0
4275
0
4166
0
4286
0
4312
0
4320
0
4314
0
4243
0
4414
0
4333
0
4374
0
4409
0
4360
0
4465
0
4396
0
4437
0
4415
0
4425
0
4486
0
4717
0
4701
0
4567
0
4615
0
4677
0
4603
0
4713
0
4845
0
4964
0
4843
0
4918
0
4996
0
5057
0
5054
0
5060
0
5158
0
5240
0
5329
0
5209
0
5415
0
5651
0
5804
0
5704
0
5785
0
5824
0
5931
0
6080
0
6233
0
6144
0
6186
0
6299
0
6391
0
6552
0
6582
0
6980
0
6941
0
6960
0
7184
0
7185
0
7334
0
7471
0
7685
0
7741
0
7952
0
7953
0
8089
0
8297
0
8565
0
8643
0
8653
0
8778
0
8898
0
9208
0
9252
0
9475
0
9647
0
9673
0
9651
0
9688
0
9991
0
10139
0
10295
0
10434
0
10724
0
10795
0
10828
0
10739
0
11317
0
11234
0
11437
0
11565
0
11683
0
11722
0
11676
0
11731
0
11841
0
11971
0
12121
0
12424
0
12371
0
12255
0
12490
0
12561
0
12528
0
12597
0
12680
0
13019
0
12963
0
12730
0
12949
0
12660
0
12936
0
12989
0
12895
0
12949
0
13030
0
12955
0
13016
0
12992
0
12936
0
12991
0
12752
0
12827
0
12805
0
12631
0
12813
0
12705
0
12645
0
12543
0
12530
0
12283
0
12452
0
12196
0
12181
0
12219
0
12047
0
12059
0
11878
0
11605
0
11576
0
11569
0
11308
0
11494
0
11215
0
11217
0
10935
0
10853
0
10909
0
10612
0
10604
0
10399
0
10453
0
10490
0
10225
0
9942
0
9950
0
9830
0
9799
0
9563
0
9437
0
9432
0
9281
0
9330
0
9263
0
9236
0
8936
0
8882
0
8563
0
8915
0
8646
0
8535
0
8527
0
8398
0
8351
0
8446
0
8280
0
8236
0
8057
0
8037
0
7992
0
8001
0
7860
0
7858
0
7888
0
7867
0
7702
0
7666
0
7742
0
7711
0
7666
0
7561
0
7640
0
7452
0
7500
0
7430
0
7561
0
7612
0
7459
0
7483
0
7464
0
7431
0
7481
0
7373
0
7430
0
7365
0
7484
0
7483
0
7447
0
7409
0
7370
0
7489
0
7537
0
7497
0
7395
0
7537
0
7533
0
7426
0
7557
0
7689
0
7709
0
7545
0
7885
0
7715
0
7730
0
7727
0
7767
0
7912
0
7554
0
7701
0
7799
0
7861
0
7891
0
7910
0
7764
0
7671
0
7970
0
7782
0
7897
0
8018
0
7896
0
7976
0
7870
0
7892
0
7956
0
7834
0
7951
0
7933
0
8016
0
7907
0
7845
0
7725
0
7851
0
7816
0
7708
0
7719
0
7742
0
7818
0
7581
0
7682
0
7769
0
7757
0
7630
0
7645
0
7522
0
7550
0
7398
0
7362
0
7189
0
7180
0
7209
0
7187
0
7121
0
7240
0
7096
0
7009
0
6842
0
6928
0
6849
0
6755
0
6757
0
6738
0
6658
0
6552
0
6539
0
6383
0
6286
0
6410
0
6277
0
6191
0
6286
0
6124
0
6078
0
6054
0
6082
0
5797
0
5878
0
5842
0
5760
0
5703
0
5660
0
5550
0
5533
0
5535
0
5461
0
5267
0
5263
0
5163
0
5178
0
5120
0
5100
0
4954
0
4920
0
4789
0
4827
0
4800
0
4704
0
4702
0
4743
0
4644
0
4714
0
4580
0
4573
0
4486
0
4344
0
4409
0
4308
0
4429
0
4319
0
4245
0
4211
0
4235
0
4097
0
4011
0
4165
0
3968
0
3907
0
3916
0
3934
0
3893
0
3719
0
3720
0
3877
0
3685
0
3643
0
3668
0
3671
0
3573
0
3535
0
3480
0
3616
0
3417
0
3426
0
3332
0
3372
0
3334
0
3237
0
3232
0
3131
0
3141
0
3154
0
3139
0
3063
0
2953
0
3045
0
3008
0
2924
0
3012
0
2894
0
2919
0
2870
0
2803
0
2839
0
2778
0
2812
0
2610
0
2633
0
2510
0
2555
0
2592
0
2486
0
2463
0
2476
0
2440
0
2386
0
2392
0
2367
0
2376
0
2331
0
2224
0
2196
0
2196
0
2186
0
2229
0
2211
0
2048
0
2114
0
2065
0
1998
0
1887
0
1916
0
1992
0
1890
0
1873
0
1848
0
1848
0
1764
0
1830
0
1796
0
1703
0
1667
0
1717
0
1703
0
1592
0
1578
0
1522
0
1574
0
1478
0
1468
0
1443
0
1438
0
1507
0
1413
0
1402
0
1375
0
1353
0
1335
0
1284
0
1281
0
1218
0
1180
0
1169
0
1203
0
1235
0
1050
0
1156
0
1084
0
1083
0
1074
0
1038
0
1009
0
1007
0
1041
0
958
0
950
0
910
0
891
0
797
0
826
0
870
0
809
0
820
0
807
0
764
0
754
0
700
0
746
0
679
0
724
0
658
0
616
0
621
0
606
0
616
0
594
0
541
0
611
0
552
0
523
0
521
0
515
0
510
0
525
0
467
0
440
0
445
0
424
0
432
0
427
0
401
0
417
0
367
0
392
0
360
0
385
0
343
0
358
0
306
0
312
0
358
0
311
0
281
0
277
0
286
0
318
0
285
0
271
0
235
0
207
0
262
0
226
0
198
0
209
0
195
0
184
0
205
0
201
0
176
0
162
0
181
0
163
0
174
0
147
0
136
0
139
0
153
0
122
0
142
0
123
0
104
0
119
0
123
0
108
0
99
0
123
0
104
0
104
0
88
0
94
0
94
0
89
0
67
0
68
0
77
0
84
0
71
0
62
0
72
0
57
0
57
0
42
0
47
0
53
0
49
0
55
0
48
0
48
0
41
0
50
0
54
0
39
0
31
0
38
0
29
0
39
0
30
0
23
0
22
0
16
0
28
0
31
0
12
0
16
0
19
0
29
0
19
0
17
0
19
0
21
0
20
0
18
0
18
0
20
0
11
0
12
0
17
0
15
0
11
0
16
0
7
0
7
0
7
0
10
0
8
0
8
0
5
0
11
0
8
0
9
0
10
0
5
0
3
0
7
0
1
0
4
0
4
0
6
0
4
0
4
0
6
0
3
0
2
0
1
0
2
0
3
0
2
0
5
0
3
0
3
0
1
0
2
0
3
0
1
0
2
0
5
0
3
0
1
0
1
0
0
0
3
0
0
0
1
0
0
0
1
0
1
0
1
0
0
0
0
0
0
0
0
0
3
0
0
0
0
0
0
0
0
0
0
0
0
0
0
0
0
0
0
0
0
0
0
0
0
0
0
0
0
0
0
0
0
0
0
0
0
0
0
0
0
0
0
0
0
0
0
0
0
0
0
0
0
0
0
0
0
0
0
0
0
0
0
0
0
0
0
0
0
0
0
0
0
0
0
0
0
0
0
0
0
0
0
0
0
0
0
0
0
0
0
0
0
0
0
0
0
0
0
0
0
0
0
0
0
0
0
0
0
0
0
0
0
0
0
0
0
0
0
0
0
0
0
0
0
0
0
0
0
0
0
0
0
0
0
0
0
0
0
0
0
0
0
0
0
0
0
0
0
0
0
0
0
0
0
0
0
0
0
0
0
0
0
0
0
0
0
0
0
0
0
0
0
0
0
0
0
0
0
0
0
0
0
0
0
0
0
0
0
0
0
0
0
0
0
0
0
0
0
0
0
0
0
0
0
0
0
0
0
0
0
0
0
0
0
0
0
0
0
0
0
0
0
0
0
0
0
0
0
0
0
0
0
0
0
0
0
0
0
0
0
0
0
0
0
0
0
0
0
0
0
0
0
0
0
0
0
0
0
0
0
0
0
0
0
0
0
0
0
0
0
0
0
0
0
0
0
0
0
0
0
0
0
0
0
0
0
0
0
0
0
0
0
0
0
0
0
0
0
0
0
0
0
0
0
0
0
0
0
0
0
0
0
0
0
0
0
0
0
0
0
0
0
0
0
0
0
0
0
0
0
0
0
0
0
0
0
0
0
0
0
0
0
0
0
0
0
0
0
0
0
0
0
0
0
0
0
0
0
0
0
0
0
0
0
0
0
0
0
0
0
0
0
0
0
0
0
0
0
0
0
0
0
0
0
0
0
0
0
0
0
0
0
0
0
0
0
0
0
0
0
0
0
0
0
0
0
0
0
0
0
0
0
0
0
0
0
0
0
0
0
0
0
0
0
0
0
0
0
0
0
0
0
0
0
0
0
0
0
0
0
0
0
0
0
0
0
0
0
0
0
0
0
0
0
0
0
0
0
0
0
0
0
0
0
0
0
0
0
0
0
0
0
0
0
0
0
0
0
0
0
0
0
0
0
0
0
0
0
0
0
0
0
0
0
0
0
0
0
0
0
0
0
0
0
0
0
0
0
0
0
0
0
0
0
0
0
0
0
0
0
0
0
0
0
0
0
0
0
0
0
0
0
0
0
0
0
0
0
0
0
0
0
0
0
0
0
0
0
0
0
0
0
0
0
0
0
0
0
0
0
0
0
0
0
0
0
0
0
0
0
0
0
0
0
0
0
0
0
0
0
0
0
0
0
0
0
0
0
0
0
0
0
0
0
0
0
0
0
0
0
0
0
0
0
0
0
0
0
0
0
0
0
0
0
0
0
0
0
0
0
0
0
0
0
0
0
0
0
0
0
0
0
0
0
0
0
0
0
0
0
0
0
0
0
0
0
0
0
0
0
0
0
0
0
0
0
0
0
0
0
0
0
0
0
0
0
0
0
0
0
0
0
0
0
0
0
0
0
0
0
0
0
0
0
0
0
0
0
0
0
0
0
0
0
0
0
0
0
0
0
0
0
0
0
0
0
0
0
0
0
0
0
0
0
0
0
0
0
0
0
0
0
0
0
0
0
0
0
0
0
0
0
0
0
0
0
0
0
0
0
0
0
0
0
0
0
0
0
0
0
0
0
0
0
0
0
0
0
0
0
0
0
0
0
0
0
0
0
0
0
0
0
0
0
0
0
0
0
0
0
0
0
0
0
0
0
0
0
0
0
0
0
0
0
0
0
0
0
0
0
0
0
0
0
0
0
0
0
0
0
0
0
0
0
0
0
0
0
0
0
0
0
0
0
0
0
0
0
0
0
0
0
0
0
0
0
0
0
0
0
0
0
0
0
0
0
0
0
0
0
0
0
0
0
0
0
0
0
0
0
0
0
0
0
0
0
0
0
0
0
0
0
0
0
0
0
0
0
0
0
0
0
0
0
0
0
0
0
0
0
0
0
0
0
0
0
0
0
0
0
0
0
0
0
0
0
0
0
0
0
0
0
0
0
0
0
0
0
0
0
0
0
0
0
0
0
0
0
0
0
0
0
0
0
0
0
0
0
0
0
0
0
0
0
0
0
0
0
0
0
0
0
0
0
0
0
0
0
0
0
0
0
0
0
0
0
0
0
0
0
0
0
0
0
0
0
0
0
0
0
0
0
0
0
0
0
0
0
0
0
0
0
0
0
0
0
0
0
0
0
0
0
0
0
0
0
0
0
0
0
0
0
0
0
0
0
0
0
0
0
0
0
0
0
0
0
0
0
0
0
0
0
0
0
0
0
0
0
0
0
0
0
0
0
0
0
0
0
0
0
0
0
0
0
0
0
0
0
0
0
0
0
0
0
0
0
0
0
0
0
0
0
0
0
0
0
0
0
0
0
0
0
0
0
0
0
0
0
0
0
0
0
0
0
0
0
0
0
0
0
0
0
0
0
0
0
0
0
0
0
0
0
0
0
0
0
0
0
0
0
0
0
0
0
0
0
0
0
0
0
0
0
0
0
0
0
0
0
0
0
0
0
0
0
0
0
0
0
0
0
0
0
0
0
0
0
0
0
0
0
0
0
0
0
0
0
0
0
0
0
0
0
0
0
0
0
0
0
0
0
0
0
0
0
0
0
0
0
0
0
0
0
0
0
0
0
0
0
0
0
0
0
0
0
0
0
0
0
0
0
0
0
0
0
0
0
0
0
0
0
0
0
0
0
0
0
0
0
0
0
0
0
0
0
0
0
0
0
0
0
0
0
0
0
0
0
0
0
0
0
0
0
0
0
0
0
0
0
0
0
0
0
0
0
0
0
0
0
0
0
0
0
0
0
0
0
0
0
0
0
0
0
0
0
0
0
0
0
0
0
0
0
0
0
0
0
0
0
0
0
0
0
0
0
0
0
0
0
0
0
0
0
0
0
0
0
0
0
0
0
0
0
0
0
0
0
0
0
0
0
0
0
0
