0
0
0
0
0
0
0
0
0
0
0
0
0
0
0
0
0
0
0
0
0
0
0
0
0
0
0
0
0
0
0
0
0
0
0
0
0
0
0
0
0
0
0
0
0
0
0
0
0
0
0
0
0
0
0
0
0
0
0
0
0
0
0
0
0
0
0
0
0
0
0
0
0
0
0
0
0
0
0
0
0
0
0
0
0
0
0
0
0
0
0
0
0
0
0
0
0
0
0
0
0
0
0
0
0
0
0
0
0
0
0
0
0
0
0
0
0
0
0
0
0
0
0
0
0
0
0
0
0
0
0
0
0
0
0
0
0
0
0
0
0
0
0
0
0
0
0
0
0
0
0
0
0
0
1
0
0
0
0
0
0
0
0
0
0
0
0
0
0
0
0
0
1
0
0
0
0
0
0
0
0
0
0
0
0
0
2
0
0
0
1
0
0
0
0
0
1
0
1
0
1
0
0
0
1
0
1
0
0
0
0
0
2
0
3
0
4
0
3
0
0
0
2
0
3
0
7
0
12
0
5
0
6
0
12
0
18
0
19
0
13
0
13
0
14
0
17
0
16
0
27
0
16
0
33
0
35
0
37
0
39
0
55
0
49
0
49
0
69
0
63
0
68
0
86
0
83
0
101
0
104
0
140
0
129
0
153
0
157
0
180
0
177
0
224
0
227
0
261
0
287
0
255
0
301
0
322
0
351
0
448
0
425
0
463
0
497
0
554
0
590
0
593
0
623
0
725
0
745
0
813
0
911
0
919
0
1018
0
1083
0
1135
0
1192
0
1287
0
1324
0
1478
0
1539
0
1602
0
1660
0
1828
0
1870
0
2073
0
2166
0
2269
0
2469
0
2537
0
2657
0
2825
0
2976
0
3123
0
3433
0
3524
0
3754
0
3913
0
4038
0
4240
0
4457
0
4657
0
4881
0
5128
0
5337
0
5571
0
5818
0
5967
0
6425
0
6624
0
6973
0
7191
0
7572
0
7798
0
8249
0
8501
0
8908
0
9234
0
9724
0
9965
0
10384
0
10730
0
11020
0
11638
0
11992
0
12487
0
12860
0
13292
0
13762
0
14534
0
14957
0
15156
0
15969
0
16435
0
16935
0
17625
0
18256
0
18808
0
19337
0
19932
0
20295
0
21358
0
22270
0
22933
0
23077
0
23908
0
24680
0
25287
0
26309
0
26738
0
27661
0
28355
0
28954
0
29776
0
30795
0
31785
0
32269
0
33023
0
34082
0
35115
0
36032
0
36805
0
37816
0
38452
0
39718
0
40515
0
41242
0
42187
0
43584
0
44729
0
45627
0
46393
0
47387
0
48586
0
49324
0
50626
0
52077
0
52615
0
53732
0
54914
0
55892
0
57300
0
58211
0
59339
0
60668
0
61787
0
62792
0
63766
0
65608
0
66308
0
67559
0
68367
0
69803
0
70843
0
71966
0
73551
0
74134
0
75900
0
77288
0
78636
0
79567
0
80728
0
81691
0
82636
0
84299
0
86176
0
86751
0
88020
0
89426
0
90374
0
91723
0
93314
0
94233
0
95850
0
96649
0
98085
0
99412
0
101211
0
101671
0
102967
0
104190
0
105318
0
106981
0
108121
0
109555
0
109945
0
111457
0
113017
0
113686
0
115889
0
116265
0
117868
0
118758
0
120488
0
120747
0
122532
0
123475
0
124740
0
125421
0
126373
0
128149
0
128641
0
129994
0
130397
0
131952
0
133551
0
133956
0
135059
0
136103
0
137140
0
137776
0
140017
0
140047
0
141194
0
142253
0
142808
0
143620
0
144785
0
145706
0
146739
0
147064
0
148552
0
148835
0
150677
0
150330
0
151728
0
152119
0
152264
0
153283
0
154813
0
154564
0
155511
0
156382
0
157715
0
159019
0
158266
0
159075
0
159181
0
160638
0
160635
0
160774
0
162067
0
162533
0
163271
0
163346
0
163453
0
164009
0
164628
0
164782
0
165873
0
166573
0
165943
0
167133
0
166789
0
167363
0
167971
0
167989
0
168067
0
169243
0
168266
0
168656
0
169132
0
169117
0
169717
0
169491
0
169507
0
170817
0
169714
0
170057
0
170886
0
170545
0
170491
0
170633
0
170416
0
170205
0
170670
0
170862
0
170553
0
170762
0
170279
0
170214
0
170876
0
170559
0
169626
0
170307
0
169754
0
169994
0
169784
0
169498
0
169608
0
169058
0
169123
0
169356
0
168698
0
169013
0
167814
0
168254
0
168398
0
167948
0
167329
0
167033
0
167606
0
166727
0
166126
0
165683
0
166413
0
165690
0
165397
0
164775
0
164980
0
164204
0
164465
0
164342
0
163032
0
163035
0
162358
0
161891
0
161919
0
162060
0
162098
0
161285
0
160678
0
160723
0
159033
0
159581
0
159128
0
158898
0
158146
0
157242
0
157402
0
156848
0
155225
0
155783
0
154935
0
155399
0
154705
0
153927
0
153526
0
153533
0
152889
0
151978
0
151081
0
150698
0
151621
0
150556
0
150379
0
149299
0
148738
0
148706
0
147416
0
148082
0
147768
0
147001
0
146654
0
145536
0
145818
0
145347
0
144446
0
143297
0
143509
0
143429
0
142083
0
142134
0
142078
0
140802
0
141324
0
140158
0
139434
0
138734
0
139202
0
139163
0
137898
0
138150
0
137248
0
136008
0
135831
0
135904
0
134693
0
134443
0
134465
0
134722
0
133350
0
133171
0
132446
0
131712
0
131971
0
131175
0
130972
0
130790
0
130295
0
129539
0
129748
0
128305
0
128480
0
127209
0
127300
0
127160
0
126697
0
126681
0
125607
0
125098
0
125507
0
124159
0
123263
0
123778
0
123299
0
123141
0
123360
0
122504
0
121684
0
121806
0
121140
0
121439
0
120540
0
119597
0
120321
0
119048
0
118512
0
118591
0
118210
0
117948
0
117910
0
117197
0
116507
0
115574
0
115387
0
115890
0
115267
0
114729
0
115415
0
114688
0
113757
0
114395
0
113183
0
113395
0
112546
0
112259
0
112086
0
112030
0
111252
0
110823
0
110505
0
110971
0
110307
0
109049
0
110008
0
109059
0
109386
0
109384
0
107954
0
108030
0
108152
0
107385
0
107318
0
107109
0
106993
0
106444
0
106363
0
106083
0
105303
0
105230
0
105260
0
105479
0
105045
0
104214
0
103787
0
103890
0
103567
0
103630
0
102866
0
102727
0
102874
0
102060
0
103181
0
102416
0
102207
0
101769
0
101004
0
101330
0
100940
0
100897
0
100590
0
100656
0
99101
0
99946
0
100171
0
99698
0
99489
0
99283
0
98870
0
98665
0
98408
0
98291
0
99407
0
98348
0
98294
0
97836
0
97326
0
97559
0
97982
0
96991
0
97619
0
97088
0
96845
0
97190
0
96717
0
96064
0
96275
0
95902
0
96351
0
96360
0
95920
0
95844
0
95612
0
95463
0
95671
0
95341
0
95221
0
95363
0
95431
0
95069
0
95121
0
95336
0
95606
0
94624
0
94783
0
94601
0
94301
0
93961
0
94878
0
94448
0
94629
0
94692
0
94476
0
94612
0
94515
0
94738
0
94023
0
93928
0
94425
0
94614
0
94354
0
94324
0
93861
0
94648
0
94087
0
94718
0
94031
0
94948
0
94549
0
94176
0
94595
0
94746
0
95030
0
94644
0
94807
0
95314
0
94945
0
95526
0
95216
0
95655
0
95667
0
95443
0
95978
0
95774
0
95547
0
96083
0
96012
0
96544
0
96454
0
96337
0
97155
0
96479
0
95880
0
96833
0
97298
0
97402
0
97375
0
97789
0
98434
0
98250
0
98178
0
98832
0
98779
0
98826
0
99157
0
99360
0
99431
0
99489
0
99471
0
99888
0
99994
0
100434
0
100903
0
101056
0
101211
0
101880
0
101537
0
101935
0
102679
0
102938
0
102377
0
103233
0
103823
0
104281
0
104278
0
104645
0
105044
0
105284
0
105367
0
105951
0
106307
0
105879
0
106717
0
107145
0
107596
0
107653
0
107688
0
107795
0
108714
0
109151
0
109436
0
109630
0
110048
0
110260
0
111390
0
111230
0
111533
0
111622
0
112105
0
113131
0
112694
0
113564
0
113420
0
114276
0
114835
0
115027
0
115565
0
115888
0
116265
0
116510
0
117015
0
117467
0
117972
0
117499
0
118491
0
119103
0
118994
0
119755
0
120280
0
120181
0
120725
0
121174
0
121662
0
122171
0
122205
0
122978
0
123124
0
123075
0
123611
0
123999
0
124668
0
124977
0
125596
0
125374
0
126035
0
126236
0
126819
0
127104
0
127437
0
127675
0
127888
0
128287
0
128705
0
128111
0
129233
0
129953
0
129761
0
129734
0
130165
0
130882
0
130238
0
131455
0
131272
0
130869
0
131636
0
131609
0
131857
0
132112
0
132972
0
133067
0
132713
0
133488
0
133573
0
134062
0
133968
0
133922
0
133663
0
134163
0
134258
0
134311
0
134270
0
134595
0
134870
0
134299
0
134769
0
134781
0
133986
0
135335
0
135060
0
135093
0
134736
0
135884
0
134532
0
134679
0
134810
0
134921
0
135025
0
135753
0
134913
0
135044
0
134628
0
135315
0
135015
0
134826
0
134507
0
134239
0
134524
0
133902
0
133737
0
134216
0
133421
0
134176
0
133257
0
133630
0
133691
0
132916
0
132383
0
132181
0
132560
0
131756
0
131538
0
131284
0
131483
0
131233
0
130834
0
130490
0
130816
0
130198
0
129256
0
129777
0
129133
0
129519
0
128853
0
128021
0
128728
0
128029
0
127119
0
126321
0
126066
0
125642
0
126098
0
125816
0
125547
0
125386
0
124331
0
124420
0
123960
0
122838
0
122705
0
122367
0
122364
0
121689
0
121705
0
121451
0
120696
0
119940
0
119870
0
119677
0
118865
0
118618
0
117318
0
117614
0
116609
0
116198
0
115922
0
115500
0
114593
0
114666
0
114441
0
113358
0
113112
0
112277
0
112308
0
112359
0
111095
0
110765
0
110079
0
109744
0
109631
0
108902
0
108461
0
108190
0
107422
0
106718
0
106348
0
105680
0
105035
0
105426
0
104539
0
103995
0
103191
0
102687
0
102541
0
101873
0
101013
0
100552
0
100166
0
99565
0
99892
0
98374
0
98163
0
97560
0
97330
0
96192
0
96606
0
96060
0
94896
0
94733
0
94463
0
94144
0
93245
0
92678
0
92554
0
92035
0
91860
0
90737
0
89961
0
89877
0
89645
0
88862
0
88724
0
87642
0
87472
0
86577
0
86342
0
85877
0
85804
0
85303
0
85140
0
84349
0
83646
0
83459
0
83385
0
82393
0
81956
0
81141
0
81143
0
80690
0
80190
0
80088
0
79857
0
78937
0
78901
0
77689
0
77511
0
77168
0
77151
0
77014
0
76762
0
75321
0
75225
0
75437
0
74794
0
74771
0
73430
0
73411
0
73618
0
72210
0
72058
0
72576
0
71384
0
70434
0
70747
0
70629
0
70189
0
69950
0
69539
0
68856
0
68841
0
68044
0
68128
0
67332
0
67276
0
67270
0
66947
0
66872
0
65717
0
65674
0
65155
0
65455
0
64975
0
64512
0
64154
0
63656
0
64049
0
63443
0
63029
0
62786
0
62374
0
62359
0
62049
0
61846
0
61594
0
61289
0
60764
0
60501
0
60191
0
60030
0
60035
0
59593
0
58930
0
59030
0
58524
0
59013
0
58049
0
57853
0
57868
0
57219
0
56875
0
57023
0
56570
0
56472
0
56251
0
55731
0
55740
0
55571
0
55379
0
54952
0
54919
0
54510
0
54232
0
54255
0
53988
0
53467
0
53166
0
53133
0
52717
0
52617
0
52470
0
52336
0
52168
0
51584
0
51826
0
51444
0
51543
0
50841
0
50759
0
50284
0
50068
0
49594
0
49856
0
49557
0
49015
0
48960
0
48926
0
48141
0
48263
0
48043
0
47780
0
47530
0
46993
0
47311
0
46615
0
46761
0
46202
0
45751
0
45589
0
45740
0
45209
0
45012
0
44830
0
44687
0
44498
0
44014
0
44089
0
43884
0
43473
0
43292
0
42544
0
42571
0
42427
0
41756
0
41862
0
41606
0
41583
0
41157
0
40933
0
40334
0
40270
0
39991
0
39332
0
39270
0
39396
0
38564
0
38534
0
38261
0
37795
0
37759
0
37356
0
36953
0
36822
0
36496
0
36056
0
36080
0
35862
0
35515
0
34967
0
34736
0
34332
0
33953
0
34136
0
33529
0
33206
0
32888
0
32998
0
32168
0
31550
0
31602
0
31407
0
30566
0
30559
0
30364
0
30108
0
29809
0
29497
0
29463
0
28687
0
28601
0
28318
0
28111
0
27265
0
27160
0
26566
0
26675
0
26377
0
25718
0
25358
0
25274
0
24943
0
24890
0
24242
0
23663
0
23578
0
23367
0
22899
0
23079
0
22127
0
22166
0
21748
0
21486
0
20981
0
20872
0
20534
0
20036
0
19725
0
19605
0
19003
0
18643
0
18623
0
18298
0
17932
0
17663
0
17369
0
17140
0
16791
0
16512
0
16101
0
15961
0
15394
0
15193
0
15078
0
14893
0
14291
0
14073
0
13941
0
13554
0
13318
0
13045
0
12745
0
12283
0
12409
0
11920
0
11689
0
11621
0
11103
0
10952
0
10986
0
10581
0
10158
0
10044
0
9892
0
9523
0
9198
0
9095
0
9009
0
8590
0
8537
0
8171
0
8162
0
7781
0
7829
0
7581
0
7465
0
7080
0
6795
0
6588
0
6348
0
6467
0
6160
0
5925
0
5869
0
5687
0
5394
0
5416
0
5266
0
5024
0
4919
0
4685
0
4749
0
4563
0
4383
0
4347
0
4209
0
4002
0
3863
0
3894
0
3726
0
3622
0
3454
0
3326
0
3148
0
3096
0
3095
0
2842
0
2780
0
2749
0
2682
0
2503
0
2436
0
2372
0
2318
0
2249
0
2202
0
2130
0
2068
0
2044
0
1918
0
1900
0
1786
0
1669
0
1608
0
1662
0
1528
0
1479
0
1389
0
1462
0
1335
0
1248
0
1187
0
1221
0
1153
0
1182
0
1132
0
1031
0
935
0
930
0
881
0
847
0
750
0
859
0
779
0
702
0
808
0
719
0
637
0
619
0
591
0
609
0
565
0
520
0
537
0
497
0
435
0
455
0
462
0
406
0
400
0
371
0
346
0
365
0
346
0
317
0
283
0
295
0
279
0
254
0
263
0
230
0
215
0
189
0
198
0
197
0
144
0
172
0
144
0
168
0
151
0
149
0
111
0
113
0
118
0
107
0
122
0
99
0
90
0
77
0
75
0
65
0
55
0
69
0
81
0
67
0
53
0
49
0
47
0
42
0
41
0
35
0
29
0
32
0
27
0
31
0
21
0
17
0
19
0
18
0
28
0
21
0
19
0
14
0
10
0
11
0
16
0
12
0
9
0
5
0
4
0
6
0
1
0
4
0
6
0
6
0
5
0
3
0
1
0
4
0
3
0
5
0
4
0
4
0
4
0
1
0
0
0
3
0
3
0
1
0
2
0
0
0
1
0
1
0
2
0
0
0
1
0
0
0
1
0
0
0
0
0
0
0
0
0
1
0
0
0
0
0
0
0
0
0
0
0
0
0
1
0
0
0
0
0
0
0
0
0
0
0
0
0
0
0
0
0
0
0
0
0
0
0
0
0
0
0
0
0
0
0
0
0
0
0
1
0
0
0
0
0
0
0
0
0
0
0
0
0
0
0
0
0
0
0
0
0
0
0
0
0
0
0
1
0
0
0
0
0
0
0
0
0
0
0
0
0
0
0
0
0
0
0
0
0
0
0
0
0
0
0
0
0
0
0
0
0
0
0
0
0
0
0
0
0
0
0
0
0
0
0
0
0
0
0
0
0
0
0
0
0
0
0
0
0
0
0
0
0
0
0
0
0
0
0
0
0
0
0
0
0
0
0
0
0
0
0
0
0
0
0
0
0
0
0
0
0
0
0
0
0
0
0
0
0
0
0
0
0
0
0
0
0
0
0
0
0
0
0
0
0
0
0
0
0
0
0
0
0
0
0
0
0
0
0
0
0
0
0
0
0
0
0
0
0
0
0
0
0
0
0
0
0
0
0
0
0
0
0
0
0
0
0
0
0
0
0
0
0
0
0
0
0
0
0
0
0
0
0
0
0
0
0
0
0
0
0
0
0
0
0
0
0
0
0
0
0
0
0
0
0
0
0
0
0
0
0
0
0
0
0
0
0
0
0
0
0
0
0
0
0
0
0
0
0
0
0
0
0
0
0
0
0
0
0
0
0
0
0
0
0
0
0
0
0
0
0
0
0
0
0
0
0
0
0
0
0
0
0
0
0
0
0
0
0
0
0
0
0
0
0
0
0
0
0
0
0
0
0
0
0
0
0
0
0
0
0
0
0
0
0
0
0
0
0
0
0
0
0
0
0
0
0
0
0
0
0
0
0
0
0
0
0
0
0
0
0
0
0
0
0
0
0
0
0
0
0
0
0
0
0
0
0
0
0
0
0
0
0
0
0
0
0
0
0
0
0
0
0
0
0
0
0
0
0
0
0
0
0
0
0
0
0
0
0
0
0
0
0
0
0
0
0
0
0
0
0
0
0
0
0
0
0
0
0
0
0
0
0
0
0
0
0
0
0
0
0
0
0
0
0
0
0
0
0
0
0
0
0
0
0
0
0
0
0
0
0
0
0
0
0
0
0
0
0
0
0
0
0
0
0
0
0
0
0
0
0
0
0
0
0
0
0
0
0
0
0
0
0
0
0
0
0
0
0
0
0
0
0
0
0
0
0
0
0
0
0
0
0
0
0
0
0
0
0
0
0
0
0
0
0
0
0
0
0
0
0
0
0
0
0
0
0
0
0
0
0
0
0
0
0
0
0
0
0
0
0
0
0
0
0
0
0
0
0
0
0
0
0
0
0
0
0
0
0
0
0
0
0
0
0
0
0
0
0
0
0
0
0
0
0
0
0
0
0
0
0
0
0
0
0
0
0
0
0
0
0
0
0
0
0
0
0
0
0
0
0
0
0
0
0
0
0
0
0
0
0
0
0
0
0
0
0
0
0
0
0
0
0
0
0
0
0
0
0
0
0
0
0
0
0
0
0
0
0
0
0
0
0
0
0
0
0
0
0
0
0
0
0
0
0
0
0
0
0
0
0
0
0
0
0
0
0
0
0
0
0
0
0
0
0
0
0
0
0
0
0
0
0
0
0
0
0
0
0
0
0
0
0
0
0
0
0
0
0
0
0
0
0
0
0
0
0
0
0
0
0
0
0
0
0
0
0
0
0
0
0
0
0
0
0
0
0
0
0
0
0
0
0
0
0
0
0
0
0
0
0
0
0
0
0
0
0
0
0
0
0
0
0
0
0
0
0
0
0
0
0
0
0
0
0
0
0
0
0
0
0
0
0
0
0
0
0
0
0
0
0
0
0
0
0
0
0
0
0
0
0
0
0
0
0
0
0
0
0
0
0
0
0
0
0
0
0
0
0
0
0
0
0
0
0
0
0
0
0
0
0
0
0
0
0
0
0
0
0
0
0
0
0
0
0
0
0
0
0
0
0
0
0
0
0
0
0
0
0
0
0
0
0
0
0
0
0
0
0
0
0
0
0
0
0
0
0
0
0
0
0
0
0
0
0
0
0
0
0
0
0
0
0
0
0
0
0
0
0
0
0
0
0
0
0
0
0
0
0
0
0
0
0
0
0
0
0
0
0
0
0
0
0
0
0
0
0
0
0
0
0
0
0
0
0
0
0
0
0
0
0
0
0
0
0
0
0
0
0
0
0
0
0
0
0
0
0
0
0
0
0
0
0
0
0
0
0
0
0
0
0
0
0
0
0
0
0
0
0
0
0
0
0
0
0
0
0
0
0
0
0
0
0
0
0
0
0
0
0
0
0
0
0
0
0
0
0
0
0
0
0
0
0
0
0
0
0
0
0
0
0
0
0
0
0
0
0
0
0
0
0
0
0
0
0
0
0
0
0
0
0
0
0
0
0
0
0
0
0
0
0
0
0
0
0
0
0
0
0
0
0
0
0
0
0
0
0
0
0
0
0
0
0
0
0
0
0
0
0
0
0
0
0
0
0
0
0
0
0
0
0
0
0
0
0
0
0
0
0
0
0
0
0
0
0
0
0
0
0
0
0
0
0
0
0
0
0
0
0
0
0
0
0
0
0
0
0
0
0
0
0
0
0
0
0
0
0
0
0
0
0
0
0
0
0
0
0
0
0
0
0
0
0
0
0
0
0
0
0
0
0
0
0
0
0
0
0
0
0
0
0
0
0
0
0
0
0
0
0
0
0
0
0
0
0
0
0
0
0
0
0
0
0
0
0
0
0
0
0
0
0
0
0
0
0
0
0
0
0
0
0
0
0
0
0
0
0
0
0
0
0
0
0
0
0
0
0
0
0
0
0
0
0
0
0
0
0
0
0
0
0
0
0
0
0
0
0
0
0
0
0
0
0
0
0
0
0
0
0
0
0
0
0
0
0
0
0
0
0
0
0
0
0
0
0
0
0
0
0
0
0
0
0
0
0
0
0
0
0
0
0
0
0
0
0
0
0
0
0
0
0
0
0
0
0
0
