0
0
0
0
0
0
0
0
0
0
0
0
0
0
0
0
0
0
0
0
0
0
0
0
0
0
0
0
0
0
0
0
0
0
0
0
0
0
0
0
0
0
0
0
0
0
0
0
0
0
0
0
0
0
0
0
0
0
0
0
0
0
0
0
0
0
0
0
0
0
0
0
0
0
0
0
0
0
0
0
0
0
0
0
0
0
0
0
0
0
0
0
0
0
0
0
0
0
0
0
0
0
0
0
0
0
0
0
0
0
0
0
0
0
0
0
0
0
0
0
0
0
0
0
0
0
0
0
0
0
0
0
0
0
0
0
0
0
0
0
0
0
0
0
0
0
0
0
0
0
0
0
0
0
0
0
1
0
0
0
0
0
0
0
0
0
1
0
0
0
2
0
0
0
1
0
2
0
0
0
1
0
0
0
2
0
3
0
2
0
3
0
2
0
8
0
5
0
5
0
7
0
8
0
10
0
12
0
9
0
20
0
18
0
22
0
28
0
37
0
35
0
35
0
44
0
50
0
55
0
76
0
84
0
87
0
105
0
106
0
105
0
131
0
146
0
167
0
152
0
225
0
223
0
234
0
222
0
276
0
338
0
320
0
395
0
404
0
505
0
478
0
531
0
565
0
660
0
642
0
753
0
821
0
857
0
939
0
1077
0
1096
0
1163
0
1215
0
1384
0
1434
0
1623
0
1651
0
1713
0
1877
0
2006
0
2134
0
2271
0
2378
0
2636
0
2754
0
3076
0
3064
0
3320
0
3471
0
3738
0
3990
0
4322
0
4518
0
4807
0
4960
0
5288
0
5638
0
5854
0
6174
0
6558
0
6903
0
7166
0
7651
0
8036
0
8331
0
8658
0
9264
0
9594
0
10100
0
10709
0
11071
0
11741
0
12253
0
12653
0
13273
0
13798
0
13977
0
15056
0
15865
0
16350
0
16979
0
17730
0
18441
0
19002
0
19984
0
20638
0
21455
0
22260
0
23234
0
24002
0
24956
0
25915
0
26835
0
27527
0
28827
0
29634
0
30795
0
31388
0
32724
0
34080
0
35008
0
36161
0
37054
0
38633
0
39727
0
41081
0
41986
0
43350
0
44783
0
46192
0
47705
0
48956
0
50228
0
51920
0
53175
0
54950
0
56179
0
57329
0
58818
0
60850
0
62129
0
63771
0
65654
0
66982
0
68996
0
70137
0
72093
0
74132
0
75876
0
77504
0
79142
0
81211
0
83255
0
85140
0
87702
0
88749
0
91066
0
92918
0
95221
0
96807
0
98862
0
100837
0
103621
0
105309
0
107113
0
109494
0
111414
0
113462
0
115932
0
117638
0
120332
0
121971
0
124194
0
126994
0
129021
0
131102
0
133302
0
135503
0
137728
0
140630
0
143268
0
144716
0
147891
0
149955
0
152569
0
154933
0
156783
0
159694
0
161868
0
163606
0
165972
0
170012
0
171562
0
173381
0
176241
0
178945
0
181155
0
183239
0
185451
0
187739
0
191061
0
192797
0
195059
0
197250
0
200605
0
202284
0
205136
0
207946
0
209971
0
211977
0
214122
0
217039
0
219498
0
221506
0
223691
0
225876
0
228432
0
230001
0
233536
0
234260
0
238781
0
239786
0
242431
0
244235
0
246229
0
248772
0
251069
0
253861
0
256065
0
257239
0
260195
0
261763
0
264222
0
265149
0
267401
0
269613
0
270798
0
273974
0
276330
0
279019
0
279532
0
281107
0
283461
0
285171
0
288290
0
289406
0
290756
0
292063
0
294205
0
296893
0
297546
0
299332
0
301723
0
303070
0
303036
0
305117
0
306494
0
309292
0
310051
0
310503
0
312603
0
314038
0
316616
0
317556
0
317403
0
318166
0
320394
0
321850
0
323691
0
323223
0
325055
0
326516
0
327321
0
328298
0
329136
0
330919
0
332247
0
332267
0
333178
0
333093
0
335090
0
335690
0
335607
0
336284
0
336880
0
337841
0
338322
0
338838
0
340009
0
340040
0
340308
0
340722
0
341788
0
340399
0
342531
0
342235
0
342315
0
343505
0
342467
0
342471
0
343947
0
342859
0
343329
0
344331
0
344034
0
343816
0
342533
0
343868
0
343882
0
343430
0
343177
0
343738
0
342821
0
342394
0
342625
0
341197
0
341301
0
340575
0
340896
0
339995
0
340046
0
340404
0
339348
0
337813
0
337649
0
338200
0
336676
0
335557
0
335890
0
335319
0
333566
0
334016
0
332393
0
331200
0
331161
0
330120
0
329455
0
329834
0
327397
0
326687
0
326588
0
324323
0
324000
0
323593
0
322537
0
322110
0
320176
0
318604
0
318841
0
316726
0
315890
0
313812
0
313780
0
312326
0
311537
0
308956
0
309145
0
307670
0
307214
0
306315
0
304017
0
302783
0
302535
0
300433
0
299386
0
298175
0
295567
0
296989
0
292823
0
292388
0
291130
0
290147
0
288284
0
287019
0
286034
0
283206
0
283223
0
282269
0
280572
0
278302
0
277730
0
275104
0
274199
0
273247
0
271098
0
269609
0
268620
0
268479
0
265592
0
263955
0
262727
0
260094
0
260552
0
257830
0
256285
0
254540
0
253275
0
252500
0
250323
0
248325
0
247008
0
245979
0
244755
0
242671
0
241200
0
239717
0
237782
0
237610
0
234626
0
233709
0
232247
0
230401
0
229219
0
227088
0
225812
0
224226
0
221676
0
222990
0
219775
0
218791
0
217992
0
215652
0
214037
0
213134
0
211786
0
210240
0
207621
0
206550
0
204998
0
204101
0
202759
0
200910
0
199979
0
198373
0
196572
0
195517
0
193785
0
192693
0
190150
0
189263
0
188659
0
186726
0
184764
0
183701
0
182775
0
181107
0
179669
0
177593
0
177546
0
174899
0
174901
0
173725
0
171618
0
170708
0
169251
0
168116
0
166396
0
164878
0
164203
0
162659
0
161212
0
160154
0
158414
0
157626
0
155525
0
154925
0
153260
0
152883
0
150838
0
149869
0
148699
0
148328
0
146690
0
146064
0
144083
0
143441
0
141762
0
140514
0
139335
0
138745
0
137304
0
136272
0
135058
0
134444
0
132096
0
130728
0
130688
0
129716
0
127983
0
127723
0
126076
0
125000
0
123827
0
123435
0
122249
0
121532
0
120146
0
119225
0
118377
0
116801
0
116027
0
115412
0
114987
0
113373
0
112733
0
111876
0
110676
0
109754
0
108531
0
107608
0
106274
0
106036
0
105669
0
103867
0
103157
0
102278
0
101732
0
100127
0
100141
0
99326
0
98272
0
97807
0
96608
0
95617
0
94832
0
94279
0
93283
0
92760
0
92081
0
90872
0
90535
0
89566
0
89026
0
88153
0
87401
0
86683
0
85452
0
84944
0
83992
0
83576
0
82480
0
81829
0
81564
0
80480
0
79856
0
79305
0
79069
0
78634
0
77256
0
76855
0
75882
0
75265
0
74715
0
74325
0
73671
0
72873
0
72400
0
71793
0
70929
0
70476
0
69788
0
69113
0
68688
0
67999
0
67463
0
66627
0
66043
0
65361
0
65029
0
64615
0
63348
0
63294
0
62895
0
62297
0
61896
0
61165
0
60312
0
59485
0
59704
0
58607
0
58684
0
58032
0
57354
0
57047
0
56753
0
55896
0
55379
0
54655
0
54176
0
53946
0
53445
0
53101
0
52611
0
51653
0
51677
0
50634
0
50686
0
50182
0
49803
0
49167
0
49011
0
48108
0
47579
0
47430
0
47216
0
46115
0
46222
0
45440
0
45162
0
44673
0
44562
0
43923
0
43611
0
43152
0
42665
0
42176
0
41772
0
41150
0
40922
0
41022
0
39823
0
39787
0
39553
0
39128
0
38646
0
37941
0
38064
0
37321
0
37448
0
36691
0
36218
0
36172
0
35683
0
35240
0
35130
0
34794
0
34131
0
33894
0
33168
0
33123
0
32801
0
32454
0
31985
0
31598
0
31160
0
31233
0
30896
0
30614
0
30069
0
29813
0
29307
0
29322
0
28771
0
28727
0
28240
0
27672
0
27862
0
27376
0
26746
0
26662
0
26272
0
26282
0
25708
0
25398
0
25429
0
24506
0
24469
0
24400
0
24265
0
23843
0
23417
0
23301
0
23187
0
22841
0
22439
0
22290
0
21705
0
21513
0
21230
0
20861
0
20917
0
20592
0
20229
0
20051
0
19808
0
19611
0
19316
0
18994
0
18818
0
18359
0
18395
0
18037
0
17818
0
17671
0
17509
0
17233
0
17068
0
16627
0
16708
0
16404
0
16191
0
16106
0
15613
0
15544
0
15260
0
14950
0
15008
0
14724
0
14398
0
14101
0
13976
0
13990
0
13543
0
13428
0
13558
0
13332
0
12794
0
12774
0
12633
0
12242
0
11961
0
12089
0
11958
0
11747
0
11588
0
11551
0
11468
0
11118
0
10895
0
10647
0
10585
0
10318
0
10050
0
10262
0
9833
0
9734
0
9734
0
9651
0
9537
0
9357
0
8962
0
9219
0
8903
0
8672
0
8547
0
8545
0
8540
0
8243
0
8036
0
7999
0
8026
0
7601
0
7454
0
7617
0
7400
0
7491
0
7290
0
7187
0
7040
0
6956
0
6938
0
6876
0
6611
0
6567
0
6478
0
6434
0
6261
0
6255
0
5989
0
6025
0
6006
0
5725
0
5697
0
5637
0
5858
0
5514
0
5391
0
5353
0
5320
0
5173
0
5209
0
5012
0
5002
0
5036
0
4981
0
4743
0
4843
0
4670
0
4596
0
4828
0
4642
0
4506
0
4374
0
4348
0
4367
0
4258
0
4368
0
4223
0
4191
0
4097
0
4082
0
4023
0
3978
0
3915
0
3954
0
3880
0
3802
0
3702
0
3731
0
3686
0
3749
0
3669
0
3674
0
3581
0
3570
0
3602
0
3575
0
3432
0
3512
0
3436
0
3325
0
3514
0
3402
0
3393
0
3349
0
3175
0
3235
0
3152
0
3262
0
3331
0
3293
0
3230
0
3010
0
3132
0
3138
0
3137
0
3155
0
3078
0
3090
0
3096
0
3098
0
3140
0
3109
0
2963
0
3114
0
3069
0
2971
0
3041
0
3086
0
3032
0
2997
0
3103
0
2957
0
3097
0
2986
0
3035
0
2998
0
2828
0
3013
0
3056
0
3023
0
2952
0
3030
0
2950
0
3043
0
2906
0
3136
0
3097
0
3092
0
3107
0
2968
0
2997
0
3043
0
3128
0
3100
0
3094
0
3109
0
3172
0
3045
0
3125
0
3025
0
3100
0
3092
0
3277
0
3234
0
3198
0
3238
0
3209
0
3290
0
3200
0
3141
0
3219
0
3222
0
3224
0
3256
0
3291
0
3288
0
3258
0
3351
0
3334
0
3334
0
3353
0
3350
0
3357
0
3329
0
3389
0
3447
0
3439
0
3410
0
3458
0
3454
0
3558
0
3459
0
3527
0
3503
0
3584
0
3587
0
3519
0
3513
0
3549
0
3625
0
3595
0
3620
0
3677
0
3621
0
3608
0
3642
0
3625
0
3756
0
3711
0
3781
0
3776
0
3764
0
3713
0
3722
0
3777
0
3953
0
3764
0
3666
0
3850
0
3914
0
3846
0
3782
0
3838
0
3797
0
3926
0
3853
0
4018
0
3965
0
3989
0
3990
0
3959
0
3991
0
4044
0
4027
0
3986
0
3933
0
4037
0
4089
0
4077
0
4159
0
4031
0
4116
0
4110
0
4157
0
4102
0
4057
0
4110
0
4160
0
4303
0
4220
0
4229
0
4260
0
4150
0
4257
0
4172
0
4168
0
4261
0
4190
0
4264
0
4301
0
4257
0
4356
0
4155
0
4171
0
4324
0
4331
0
4325
0
4290
0
4304
0
4263
0
4312
0
4367
0
4336
0
4433
0
4408
0
4399
0
4348
0
4321
0
4402
0
4415
0
4453
0
4356
0
4486
0
4463
0
4461
0
4474
0
4401
0
4522
0
4462
0
4412
0
4588
0
4493
0
4546
0
4544
0
4455
0
4518
0
4522
0
4478
0
4560
0
4450
0
4617
0
4427
0
4557
0
4508
0
4441
0
4579
0
4471
0
4582
0
4410
0
4570
0
4457
0
4464
0
4467
0
4472
0
4497
0
4652
0
4690
0
4449
0
4512
0
4530
0
4468
0
4702
0
4508
0
4569
0
4540
0
4480
0
4565
0
4538
0
4586
0
4563
0
4576
0
4528
0
4458
0
4429
0
4598
0
4465
0
4526
0
4558
0
4419
0
4412
0
4361
0
4395
0
4536
0
4536
0
4424
0
4501
0
4571
0
4413
0
4330
0
4464
0
4441
0
4465
0
4396
0
4398
0
4398
0
4416
0
4433
0
4423
0
4326
0
4346
0
4433
0
4335
0
4265
0
4264
0
4265
0
4484
0
4335
0
4465
0
4367
0
4333
0
4365
0
4259
0
4205
0
4373
0
4337
0
4342
0
4266
0
4388
0
4225
0
4211
0
4468
0
4256
0
4230
0
4236
0
4321
0
4183
0
4351
0
4202
0
4319
0
4271
0
4233
0
4228
0
4043
0
4151
0
4075
0
4157
0
3977
0
4056
0
4117
0
4120
0
4081
0
4068
0
4193
0
4098
0
3999
0
4011
0
4087
0
3941
0
4032
0
4104
0
4041
0
4045
0
3915
0
3803
0
3936
0
3834
0
3963
0
3949
0
3773
0
3857
0
3831
0
3740
0
3810
0
3890
0
3738
0
3763
0
3859
0
3771
0
3705
0
3807
0
3719
0
3677
0
3722
0
3765
0
3701
0
3731
0
3617
0
3661
0
3600
0
3580
0
3596
0
3505
0
3450
0
3508
0
3480
0
3493
0
3502
0
3577
0
3433
0
3424
0
3446
0
3378
0
3388
0
3314
0
3291
0
3329
0
3285
0
3290
0
3355
0
3311
0
3257
0
3264
0
3292
0
3126
0
3219
0
3184
0
3280
0
3208
0
3158
0
3159
0
3145
0
3059
0
3131
0
3021
0
2978
0
2952
0
3056
0
3012
0
2915
0
2988
0
3016
0
2910
0
2846
0
2874
0
2843
0
2874
0
2784
0
2944
0
2878
0
2831
0
2823
0
2776
0
2830
0
2660
0
2690
0
2637
0
2657
0
2635
0
2777
0
2654
0
2759
0
2566
0
2566
0
2514
0
2521
0
2565
0
2449
0
2500
0
2518
0
2590
0
2401
0
2437
0
2346
0
2342
0
2279
0
2368
0
2237
0
2418
0
2272
0
2253
0
2329
0
2316
0
2222
0
2201
0
2242
0
2201
0
2125
0
2113
0
2122
0
2143
0
2217
0
2088
0
2081
0
1976
0
2116
0
2024
0
2012
0
1999
0
1869
0
2018
0
1934
0
1876
0
1921
0
1810
0
1817
0
1855
0
1709
0
1803
0
1713
0
1719
0
1685
0
1741
0
1751
0
1699
0
1677
0
1687
0
1627
0
1654
0
1598
0
1559
0
1612
0
1597
0
1552
0
1519
0
1507
0
1482
0
1474
0
1414
0
1418
0
1397
0
1346
0
1387
0
1377
0
1377
0
1330
0
1320
0
1332
0
1275
0
1222
0
1272
0
1197
0
1235
0
1160
0
1185
0
1199
0
1185
0
1159
0
1051
0
1132
0
1138
0
1047
0
1067
0
980
0
1044
0
1032
0
1028
0
940
0
984
0
948
0
964
0
896
0
956
0
907
0
936
0
893
0
898
0
917
0
810
0
748
0
862
0
778
0
781
0
750
0
717
0
756
0
736
0
728
0
665
0
721
0
684
0
698
0
611
0
676
0
632
0
633
0
624
0
613
0
595
0
603
0
607
0
614
0
584
0
552
0
523
0
557
0
529
0
524
0
535
0
464
0
439
0
483
0
496
0
483
0
437
0
483
0
427
0
406
0
409
0
411
0
407
0
421
0
391
0
387
0
351
0
387
0
346
0
369
0
389
0
367
0
371
0
361
0
333
0
345
0
328
0
324
0
308
0
286
0
301
0
308
0
323
0
287
0
298
0
287
0
281
0
317
0
262
0
243
0
239
0
240
0
238
0
257
0
236
0
272
0
233
0
211
0
197
0
222
0
227
0
202
0
203
0
186
0
195
0
186
0
211
0
199
0
175
0
180
0
191
0
211
0
168
0
166
0
150
0
172
0
136
0
142
0
126
0
137
0
137
0
138
0
142
0
131
0
121
0
150
0
127
0
119
0
112
0
121
0
112
0
94
0
93
0
106
0
106
0
87
0
88
0
77
0
83
0
88
0
90
0
88
0
73
0
89
0
67
0
73
0
64
0
66
0
72
0
65
0
60
0
60
0
61
0
49
0
48
0
51
0
47
0
48
0
55
0
42
0
43
0
35
0
37
0
47
0
35
0
42
0
31
0
31
0
19
0
29
0
30
0
20
0
20
0
16
0
20
0
19
0
25
0
17
0
16
0
11
0
14
0
15
0
12
0
10
0
10
0
12
0
4
0
12
0
3
0
8
0
5
0
3
0
5
0
6
0
7
0
5
0
1
0
2
0
2
0
8
0
5
0
1
0
1
0
3
0
4
0
3
0
5
0
2
0
1
0
2
0
3
0
2
0
0
0
1
0
1
0
1
0
1
0
1
0
0
0
0
0
0
0
1
0
0
0
0
0
0
0
0
0
0
0
0
0
0
0
1
0
1
0
0
0
0
0
0
0
0
0
0
0
0
0
0
0
0
0
0
0
0
0
0
0
1
0
0
0
0
0
0
0
0
0
0
0
0
0
0
0
0
0
0
0
0
0
0
0
0
0
0
0
0
0
0
0
0
0
0
0
0
0
0
0
0
0
0
0
0
0
0
0
0
0
0
0
0
0
0
0
0
0
0
0
0
0
0
0
0
0
0
0
0
0
0
0
0
0
0
0
0
0
0
0
0
0
0
0
0
0
0
0
0
0
0
0
0
0
0
0
0
0
0
0
0
0
0
0
0
0
0
0
0
0
0
0
0
0
0
0
0
0
0
0
0
0
0
0
0
0
0
0
0
0
0
0
0
0
0
0
0
0
0
0
0
0
0
0
0
0
0
0
0
0
0
0
0
0
0
0
0
0
0
0
0
0
0
0
0
0
0
0
0
0
0
0
0
0
0
0
0
0
0
0
0
0
0
0
0
0
0
0
0
0
0
0
0
0
0
0
0
0
0
0
0
0
0
0
0
0
0
0
0
0
0
0
0
0
0
0
0
0
0
0
0
0
0
0
0
0
0
0
0
0
0
0
0
0
0
0
0
0
0
0
0
0
0
0
0
0
0
0
0
0
0
0
0
0
0
0
0
0
0
0
0
0
0
0
0
0
0
0
0
0
0
0
0
0
0
0
0
0
0
0
0
0
0
0
0
0
0
0
0
0
0
0
0
0
0
0
0
0
0
0
0
0
0
0
0
0
0
0
0
0
0
0
0
0
0
0
0
0
0
0
0
0
0
0
0
0
0
0
0
0
0
0
0
0
0
0
0
0
0
0
0
0
0
0
0
0
0
0
0
0
0
0
0
0
0
0
0
0
0
0
0
0
0
0
0
0
0
0
0
0
0
0
0
0
0
0
0
0
0
0
0
0
0
0
0
0
0
0
0
0
0
0
0
0
0
0
0
0
0
0
0
0
0
0
0
0
0
0
0
0
0
0
0
0
0
0
0
0
0
0
0
0
0
0
0
0
0
0
0
0
0
0
0
0
0
0
0
0
0
0
0
0
0
0
0
0
0
0
0
0
0
0
0
0
0
0
0
0
0
0
0
0
0
0
0
0
0
0
0
0
0
0
0
0
0
0
0
0
0
0
0
0
0
0
0
0
0
0
0
0
0
0
0
0
0
0
0
0
0
0
0
0
0
0
0
0
0
0
0
0
0
0
0
0
0
0
0
0
0
0
0
0
0
0
0
0
0
0
0
0
0
0
0
0
0
0
0
0
0
0
0
0
0
0
0
0
0
0
0
0
0
0
0
0
0
0
0
0
0
0
0
0
0
0
0
0
0
0
0
0
0
0
0
0
0
0
0
0
0
0
0
0
0
0
0
0
0
0
0
0
0
0
0
0
0
0
0
0
0
0
0
0
0
0
0
0
0
0
0
0
0
0
0
0
0
0
0
0
0
0
0
0
0
0
0
0
0
0
0
0
0
0
0
0
0
0
0
0
0
0
0
0
0
0
0
0
0
0
0
0
0
0
0
0
0
0
0
0
0
0
0
0
0
0
0
0
0
0
0
0
0
0
0
0
0
0
0
0
0
0
0
0
0
0
0
0
0
0
0
0
0
0
0
0
0
0
0
0
0
0
0
0
0
0
0
0
0
0
0
0
0
0
0
0
0
0
0
0
0
0
0
0
0
0
0
0
0
0
0
0
0
0
0
0
0
0
0
0
0
0
0
0
0
0
0
0
0
0
0
0
0
0
0
0
0
0
0
0
0
0
0
0
0
0
0
0
0
0
0
0
0
0
0
0
0
0
0
0
0
0
0
0
0
0
0
0
0
0
0
0
0
0
0
0
0
0
0
0
0
0
0
0
0
0
0
0
0
0
0
0
0
0
0
0
0
0
0
0
0
0
0
0
0
0
0
0
0
0
0
0
0
0
0
0
0
0
0
0
0
0
0
0
0
0
0
0
0
0
0
0
0
0
0
0
0
0
0
0
0
0
0
0
0
0
0
0
0
0
0
0
0
0
0
0
0
0
0
0
0
0
0
0
0
0
0
0
0
0
0
0
0
0
0
0
0
0
0
0
0
0
0
0
0
0
0
0
0
0
0
0
0
0
0
0
0
0
0
0
0
0
0
0
0
0
0
0
0
0
0
0
0
0
0
0
0
0
0
0
0
0
0
0
0
0
0
0
0
0
0
0
0
0
0
0
0
0
0
0
0
0
0
0
0
0
0
0
0
0
0
0
0
0
0
0
0
0
0
0
0
0
0
0
0
0
0
0
0
0
0
0
0
0
0
0
0
0
0
0
0
0
0
0
0
0
0
0
0
0
0
0
0
0
0
0
0
0
0
0
0
0
0
0
0
0
0
0
0
0
0
0
0
0
0
0
0
0
0
0
0
0
0
0
0
0
0
0
0
0
0
0
0
0
0
0
0
0
0
0
0
0
0
0
0
0
0
0
0
0
0
0
0
0
0
0
0
0
0
0
0
0
0
0
0
0
0
0
0
0
0
0
0
0
0
0
0
0
0
0
0
0
0
0
0
0
0
0
0
0
0
0
0
0
0
0
0
0
0
0
0
0
0
0
0
0
0
0
0
0
0
0
0
0
0
0
0
0
0
0
0
0
0
0
0
0
0
0
0
0
0
0
0
0
0
0
0
0
0
0
0
0
0
0
0
0
0
0
0
0
0
0
0
0
0
0
0
0
0
0
0
0
0
0
0
0
0
0
0
0
0
0
0
0
0
0
0
0
0
0
0
0
0
0
0
0
0
0
0
0
0
0
0
0
0
0
0
0
0
0
0
0
0
0
0
0
0
0
0
0
0
0
0
0
0
0
0
0
0
0
0
0
0
0
0
0
0
0
0
0
0
0
0
0
0
0
0
0
0
0
0
0
0
0
0
0
0
0
0
0
0
0
0
0
0
0
0
0
0
0
0
0
0
0
0
0
0
0
0
0
0
0
0
0
0
0
0
0
0
0
0
0
0
0
0
0
0
0
0
0
0
0
0
0
0
0
0
0
0
0
0
0
0
0
0
0
0
0
0
0
0
0
0
0
0
0
0
0
0
0
0
0
0
0
0
0
0
0
0
0
0
0
0
0
0
0
0
0
0
0
0
0
0
0
0
0
0
0
0
0
0
0
