0
0
0
0
0
0
0
0
0
0
0
0
0
0
0
0
0
0
0
0
0
0
0
0
0
0
0
0
0
0
0
0
0
0
0
0
0
0
0
0
0
0
0
0
0
0
0
0
0
0
0
0
0
0
0
0
0
0
0
0
0
0
0
0
0
0
0
0
0
0
0
0
0
0
0
0
0
0
0
0
0
0
0
0
0
0
0
0
0
0
0
0
0
0
0
0
0
0
0
0
0
0
0
0
0
0
0
0
0
0
0
0
0
0
0
0
0
0
0
0
0
0
0
0
0
0
0
0
1
0
0
0
0
0
1
0
1
0
0
0
1
0
4
0
2
0
6
0
4
0
4
0
7
0
6
0
8
0
11
0
9
0
11
0
12
0
20
0
17
0
23
0
26
0
25
0
33
0
48
0
43
0
52
0
75
0
66
0
83
0
80
0
99
0
115
0
146
0
152
0
174
0
178
0
195
0
266
0
281
0
314
0
320
0
427
0
480
0
513
0
543
0
589
0
639
0
746
0
772
0
932
0
1009
0
1064
0
1242
0
1315
0
1390
0
1539
0
1619
0
1834
0
1922
0
2058
0
2230
0
2401
0
2630
0
2799
0
3054
0
3220
0
3424
0
3675
0
3936
0
4176
0
4377
0
4676
0
5070
0
5347
0
5654
0
6026
0
6334
0
6801
0
7078
0
7551
0
7889
0
8326
0
8773
0
9153
0
9446
0
9949
0
10376
0
10872
0
11604
0
11978
0
12447
0
13139
0
13651
0
14088
0
14824
0
15405
0
15911
0
16498
0
17194
0
17711
0
17949
0
19045
0
19214
0
20099
0
20916
0
21288
0
21578
0
22600
0
23199
0
23577
0
24314
0
25013
0
25788
0
26088
0
26902
0
27837
0
28505
0
28954
0
29658
0
29980
0
31082
0
31506
0
32137
0
32696
0
33289
0
34100
0
34525
0
35357
0
36189
0
36858
0
37059
0
37594
0
38562
0
38982
0
39518
0
39893
0
40939
0
41488
0
41899
0
42693
0
43497
0
43836
0
44205
0
45107
0
45500
0
46052
0
47003
0
46944
0
48230
0
48788
0
48889
0
50214
0
50378
0
51085
0
51717
0
52610
0
53511
0
53641
0
54662
0
54800
0
55410
0
56476
0
57122
0
57588
0
57880
0
59282
0
59900
0
60816
0
61740
0
62019
0
62783
0
63373
0
64407
0
65196
0
65900
0
66993
0
67631
0
68634
0
69079
0
70479
0
71205
0
72093
0
72289
0
73581
0
74393
0
75435
0
76146
0
77293
0
78108
0
79385
0
79394
0
81105
0
81663
0
82853
0
84029
0
84626
0
85347
0
87121
0
87340
0
88542
0
89683
0
90891
0
91672
0
92931
0
93766
0
93992
0
94694
0
96061
0
97185
0
98124
0
98722
0
99717
0
101092
0
102353
0
102350
0
103919
0
104197
0
105003
0
106557
0
107051
0
107579
0
108274
0
109361
0
109744
0
110962
0
111412
0
112450
0
113916
0
114232
0
114435
0
115597
0
115994
0
116839
0
118390
0
118354
0
118794
0
119841
0
120217
0
120738
0
121574
0
122028
0
122377
0
123450
0
123761
0
124314
0
125386
0
125822
0
126923
0
127250
0
127945
0
128216
0
128353
0
128837
0
129347
0
130383
0
131080
0
131680
0
131871
0
132413
0
132685
0
133274
0
133935
0
134394
0
134552
0
135696
0
136094
0
137432
0
137571
0
138261
0
138276
0
139341
0
139407
0
140252
0
141200
0
141609
0
141415
0
142582
0
143260
0
143313
0
143648
0
144715
0
145178
0
146151
0
147262
0
146608
0
147648
0
148682
0
148964
0
150204
0
151267
0
151306
0
152189
0
152727
0
153865
0
153711
0
154244
0
154766
0
156787
0
157325
0
157517
0
158595
0
158817
0
159950
0
160794
0
161699
0
162011
0
162642
0
163733
0
164564
0
165068
0
165767
0
166401
0
166878
0
168880
0
168444
0
170455
0
170737
0
170858
0
172008
0
172809
0
173308
0
175098
0
175229
0
175330
0
176695
0
177000
0
177846
0
179143
0
180015
0
180166
0
181704
0
181851
0
181696
0
184035
0
184658
0
185358
0
186053
0
187115
0
187020
0
187275
0
187718
0
189315
0
189696
0
190450
0
191168
0
192437
0
192608
0
194091
0
194156
0
195307
0
194934
0
195806
0
196561
0
197594
0
198392
0
198195
0
199941
0
200063
0
199922
0
200941
0
201752
0
202648
0
203944
0
203375
0
204003
0
205872
0
205659
0
206168
0
206957
0
207023
0
208580
0
208901
0
208494
0
209556
0
209706
0
210487
0
211399
0
211673
0
211972
0
213402
0
213365
0
215076
0
214965
0
214856
0
216265
0
216368
0
216503
0
217455
0
218251
0
218041
0
217883
0
219356
0
220615
0
219824
0
220667
0
221237
0
221518
0
221689
0
222235
0
223694
0
222874
0
223296
0
224292
0
225750
0
225628
0
224956
0
225382
0
226632
0
226861
0
226524
0
226939
0
227056
0
227218
0
228468
0
227510
0
229128
0
229035
0
229067
0
229168
0
229866
0
228081
0
228964
0
229341
0
229857
0
229378
0
230066
0
229615
0
230619
0
230707
0
230618
0
230763
0
230333
0
230188
0
231198
0
230601
0
230954
0
230455
0
230276
0
230739
0
231030
0
230162
0
230321
0
231081
0
229567
0
229929
0
229849
0
229980
0
229591
0
230216
0
228602
0
229736
0
228274
0
228504
0
229227
0
228828
0
227450
0
228046
0
228255
0
227619
0
226701
0
226270
0
226352
0
226393
0
226325
0
225290
0
225194
0
225519
0
224077
0
224348
0
224396
0
223655
0
223237
0
222679
0
221710
0
221245
0
221193
0
220560
0
221118
0
220171
0
220121
0
219158
0
219023
0
218347
0
217992
0
217003
0
216421
0
216978
0
215392
0
215923
0
215266
0
214600
0
214109
0
213909
0
212704
0
212839
0
211895
0
210689
0
210458
0
209854
0
209280
0
209281
0
207719
0
207454
0
207482
0
206526
0
205698
0
204790
0
203639
0
205065
0
203810
0
203393
0
202111
0
202286
0
200628
0
199971
0
199652
0
199031
0
198290
0
197544
0
196339
0
197309
0
195425
0
194417
0
193925
0
194551
0
193505
0
192768
0
191933
0
190887
0
190249
0
189709
0
189162
0
188723
0
187579
0
186632
0
186063
0
185716
0
185232
0
184807
0
183467
0
182675
0
182454
0
182061
0
182155
0
181008
0
180208
0
179318
0
178938
0
177932
0
177905
0
176500
0
175321
0
175814
0
174908
0
173710
0
173493
0
172669
0
172768
0
171369
0
170650
0
170435
0
170245
0
168343
0
168601
0
167709
0
167196
0
167507
0
166532
0
165113
0
164501
0
165133
0
163798
0
163575
0
163017
0
161636
0
161688
0
161475
0
160207
0
160011
0
159907
0
159394
0
158463
0
158018
0
156950
0
156762
0
156440
0
155620
0
154935
0
154290
0
154082
0
153783
0
152843
0
152778
0
151871
0
151379
0
150771
0
150691
0
148633
0
149579
0
148719
0
148608
0
147633
0
146899
0
147484
0
146665
0
145557
0
144944
0
143617
0
144473
0
143501
0
143357
0
142392
0
142451
0
142370
0
141539
0
141309
0
140590
0
139788
0
139751
0
138861
0
138515
0
138125
0
137422
0
137507
0
136425
0
136082
0
135674
0
135066
0
134484
0
133856
0
134421
0
133377
0
133174
0
132609
0
131990
0
131464
0
131032
0
129865
0
129852
0
129290
0
129261
0
128268
0
127328
0
126820
0
127153
0
126303
0
126228
0
125632
0
124442
0
124914
0
123705
0
123584
0
122816
0
122318
0
121734
0
121391
0
121263
0
120349
0
119856
0
119114
0
119389
0
117778
0
117560
0
117859
0
116584
0
116369
0
115660
0
115443
0
115499
0
114122
0
114147
0
113225
0
112820
0
112505
0
111809
0
111804
0
110953
0
110463
0
109526
0
109774
0
108906
0
108890
0
108105
0
107307
0
106509
0
106628
0
105503
0
105167
0
105250
0
103943
0
103418
0
103465
0
102618
0
102338
0
102038
0
100981
0
100540
0
100187
0
99867
0
99479
0
98837
0
98324
0
96839
0
96339
0
96738
0
96160
0
95416
0
94870
0
94425
0
94000
0
93456
0
92445
0
91982
0
91339
0
91010
0
90518
0
90150
0
88857
0
88518
0
88057
0
87701
0
87128
0
86277
0
85812
0
85191
0
85095
0
84682
0
83734
0
83428
0
82605
0
82233
0
81102
0
80893
0
80422
0
80189
0
79338
0
78192
0
77933
0
77587
0
76985
0
76371
0
75293
0
75146
0
74942
0
74090
0
73483
0
72729
0
71770
0
71516
0
71029
0
70803
0
69743
0
69634
0
68910
0
68253
0
67155
0
66776
0
66127
0
65614
0
65603
0
64449
0
64443
0
63579
0
62925
0
62644
0
61843
0
60720
0
60697
0
59881
0
59426
0
59031
0
58547
0
57740
0
57251
0
56892
0
56349
0
55587
0
55287
0
54527
0
54148
0
53611
0
53417
0
52429
0
51882
0
51347
0
50581
0
50683
0
49533
0
49178
0
48721
0
48255
0
48013
0
47041
0
46455
0
45888
0
45484
0
44674
0
44564
0
44015
0
42871
0
42963
0
42436
0
41715
0
41032
0
41260
0
40512
0
39899
0
39808
0
38756
0
38321
0
37939
0
37767
0
37058
0
36850
0
35985
0
35558
0
35297
0
34981
0
34462
0
34017
0
33273
0
32858
0
32854
0
32096
0
31896
0
31173
0
31110
0
30161
0
29801
0
29686
0
29010
0
28843
0
28524
0
28207
0
27431
0
27159
0
26988
0
26166
0
26040
0
25496
0
24996
0
24935
0
24351
0
23877
0
23573
0
23598
0
22820
0
22417
0
21996
0
21800
0
21476
0
21146
0
20501
0
20453
0
20132
0
19662
0
19452
0
19121
0
18906
0
18362
0
18052
0
17631
0
17581
0
17385
0
17108
0
16377
0
16327
0
16184
0
15720
0
15587
0
15391
0
14867
0
14636
0
14568
0
14052
0
13816
0
13402
0
13382
0
13146
0
12870
0
12516
0
12195
0
12254
0
11883
0
11386
0
11434
0
10979
0
11058
0
10693
0
10307
0
10223
0
10074
0
9966
0
9667
0
9717
0
9182
0
8825
0
8904
0
8669
0
8454
0
8146
0
8146
0
7885
0
7668
0
7714
0
7349
0
7176
0
7110
0
6868
0
6891
0
6690
0
6376
0
6299
0
6174
0
6187
0
6028
0
5767
0
5699
0
5601
0
5362
0
5356
0
5073
0
5063
0
4944
0
4773
0
4589
0
4475
0
4477
0
4384
0
4251
0
4173
0
4071
0
3920
0
3920
0
3808
0
3720
0
3737
0
3560
0
3460
0
3402
0
3364
0
3205
0
3237
0
3107
0
3077
0
3020
0
2827
0
2775
0
2699
0
2576
0
2684
0
2712
0
2450
0
2478
0
2427
0
2288
0
2263
0
2215
0
2134
0
2121
0
2024
0
1979
0
2011
0
1996
0
1944
0
1927
0
1838
0
1826
0
1730
0
1759
0
1685
0
1653
0
1648
0
1623
0
1580
0
1564
0
1474
0
1493
0
1468
0
1483
0
1403
0
1400
0
1360
0
1333
0
1314
0
1312
0
1252
0
1265
0
1161
0
1270
0
1217
0
1157
0
1153
0
1179
0
1074
0
1105
0
1008
0
1027
0
1078
0
1083
0
1008
0
983
0
961
0
966
0
989
0
941
0
978
0
969
0
927
0
946
0
910
0
928
0
856
0
819
0
889
0
822
0
836
0
838
0
839
0
858
0
825
0
851
0
816
0
835
0
780
0
832
0
801
0
813
0
769
0
852
0
812
0
761
0
811
0
744
0
806
0
734
0
743
0
725
0
769
0
783
0
771
0
757
0
767
0
744
0
731
0
707
0
725
0
751
0
693
0
771
0
734
0
711
0
763
0
720
0
719
0
769
0
715
0
740
0
710
0
707
0
716
0
711
0
742
0
715
0
740
0
784
0
769
0
744
0
725
0
722
0
775
0
706
0
753
0
726
0
764
0
743
0
741
0
723
0
705
0
712
0
746
0
740
0
757
0
768
0
715
0
732
0
756
0
816
0
798
0
768
0
714
0
736
0
708
0
802
0
782
0
741
0
820
0
801
0
726
0
785
0
743
0
809
0
810
0
758
0
752
0
731
0
742
0
747
0
736
0
751
0
755
0
782
0
799
0
799
0
744
0
823
0
785
0
733
0
781
0
748
0
789
0
763
0
762
0
808
0
769
0
770
0
765
0
782
0
815
0
764
0
801
0
774
0
740
0
740
0
706
0
732
0
783
0
781
0
689
0
745
0
742
0
748
0
750
0
798
0
803
0
718
0
812
0
758
0
811
0
752
0
745
0
712
0
764
0
730
0
787
0
797
0
752
0
760
0
791
0
791
0
766
0
786
0
728
0
725
0
774
0
794
0
785
0
821
0
784
0
817
0
763
0
793
0
810
0
814
0
787
0
771
0
755
0
786
0
794
0
802
0
782
0
793
0
791
0
831
0
858
0
830
0
833
0
810
0
829
0
795
0
794
0
857
0
835
0
813
0
808
0
818
0
796
0
805
0
800
0
778
0
823
0
842
0
855
0
808
0
799
0
780
0
784
0
827
0
865
0
844
0
838
0
829
0
809
0
788
0
784
0
829
0
807
0
772
0
830
0
765
0
774
0
765
0
773
0
815
0
804
0
807
0
815
0
794
0
730
0
795
0
704
0
716
0
739
0
779
0
727
0
703
0
711
0
771
0
730
0
759
0
750
0
664
0
666
0
703
0
731
0
710
0
699
0
654
0
675
0
709
0
673
0
705
0
658
0
656
0
644
0
679
0
658
0
640
0
652
0
656
0
657
0
627
0
641
0
599
0
579
0
611
0
593
0
614
0
609
0
576
0
637
0
578
0
570
0
555
0
533
0
533
0
528
0
524
0
516
0
533
0
505
0
526
0
507
0
515
0
472
0
508
0
468
0
461
0
469
0
481
0
448
0
452
0
436
0
437
0
454
0
460
0
430
0
445
0
417
0
415
0
394
0
394
0
409
0
376
0
381
0
424
0
411
0
391
0
385
0
342
0
390
0
331
0
368
0
317
0
338
0
343
0
312
0
343
0
310
0
322
0
301
0
293
0
269
0
295
0
299
0
290
0
302
0
257
0
278
0
271
0
250
0
222
0
238
0
243
0
231
0
240
0
236
0
241
0
205
0
247
0
194
0
230
0
180
0
200
0
185
0
192
0
186
0
162
0
163
0
173
0
167
0
188
0
167
0
168
0
151
0
170
0
148
0
161
0
156
0
137
0
143
0
137
0
142
0
102
0
109
0
129
0
127
0
117
0
122
0
96
0
95
0
99
0
73
0
88
0
87
0
99
0
75
0
94
0
69
0
72
0
93
0
79
0
74
0
72
0
57
0
63
0
62
0
54
0
59
0
72
0
60
0
57
0
61
0
48
0
42
0
47
0
40
0
52
0
30
0
39
0
45
0
41
0
46
0
36
0
39
0
32
0
35
0
29
0
39
0
26
0
29
0
33
0
24
0
27
0
22
0
14
0
23
0
19
0
27
0
22
0
10
0
17
0
23
0
11
0
12
0
14
0
13
0
22
0
18
0
13
0
18
0
9
0
10
0
12
0
7
0
4
0
10
0
15
0
5
0
13
0
9
0
4
0
6
0
8
0
4
0
12
0
7
0
9
0
8
0
7
0
5
0
3
0
3
0
4
0
6
0
8
0
6
0
1
0
2
0
3
0
1
0
4
0
3
0
2
0
2
0
2
0
4
0
4
0
3
0
3
0
0
0
1
0
0
0
1
0
2
0
3
0
2
0
1
0
2
0
1
0
1
0
2
0
0
0
0
0
3
0
1
0
1
0
0
0
1
0
0
0
1
0
0
0
0
0
1
0
1
0
0
0
1
0
0
0
1
0
0
0
1
0
0
0
1
0
1
0
1
0
2
0
0
0
1
0
0
0
0
0
0
0
0
0
0
0
0
0
0
0
1
0
1
0
0
0
0
0
0
0
0
0
0
0
0
0
0
0
0
0
0
0
0
0
0
0
0
0
0
0
0
0
0
0
0
0
0
0
0
0
0
0
0
0
0
0
0
0
0
0
0
0
0
0
0
0
0
0
0
0
0
0
0
0
0
0
0
0
0
0
0
0
0
0
0
0
0
0
0
0
0
0
0
0
0
0
0
0
0
0
0
0
0
0
0
0
0
0
0
0
0
0
0
0
0
0
0
0
0
0
0
0
0
0
0
0
0
0
0
0
0
0
0
0
0
0
0
0
0
0
0
0
0
0
0
0
0
0
0
0
0
0
0
0
0
0
0
0
0
0
0
0
0
0
0
0
0
0
0
0
0
0
0
0
0
0
0
0
0
0
0
0
0
0
0
0
0
0
0
0
0
0
0
0
0
0
0
0
0
0
0
0
0
0
0
0
0
0
0
0
0
0
0
0
0
0
0
0
0
0
0
0
0
0
0
0
0
0
0
0
0
0
0
0
0
0
0
0
0
0
0
0
0
0
0
0
0
0
0
0
0
0
0
0
0
0
0
0
0
0
0
0
0
0
0
0
0
0
0
0
0
0
0
0
0
0
0
0
0
0
0
0
0
0
0
0
0
0
0
0
0
0
0
0
0
0
0
0
0
0
0
0
0
0
0
0
0
0
0
0
0
0
0
0
0
0
0
0
0
0
0
0
0
0
0
0
0
0
0
0
0
0
0
0
0
0
0
0
0
0
0
0
0
0
0
0
0
0
0
0
0
0
0
0
0
0
0
0
0
0
0
0
0
0
0
0
0
0
0
0
0
0
0
0
0
0
0
0
0
0
0
0
0
0
0
0
0
0
0
0
0
0
0
0
0
0
0
0
0
0
0
0
0
0
0
0
0
0
0
0
0
0
0
0
0
0
0
0
0
0
0
0
0
0
0
0
0
0
0
0
0
0
0
0
0
0
0
0
0
0
0
0
0
0
0
0
0
0
0
0
0
0
0
0
0
0
0
0
0
0
0
0
0
0
0
0
0
0
0
0
0
0
0
0
0
0
0
0
0
0
0
0
0
0
0
0
0
0
0
0
0
0
0
0
0
0
0
0
0
0
0
0
0
0
0
0
0
0
0
0
0
0
0
0
0
0
0
0
0
0
0
0
0
0
0
0
0
0
0
0
0
0
0
0
0
0
0
0
0
0
0
0
0
0
0
0
0
0
0
0
0
0
0
0
0
0
0
0
0
0
0
0
0
0
0
0
0
0
0
0
0
0
0
0
0
0
0
0
0
0
0
0
0
0
0
0
0
0
0
0
0
0
0
0
0
0
0
0
0
0
0
0
0
0
0
0
0
0
0
0
0
0
0
0
0
0
0
0
0
0
0
0
0
0
0
0
0
0
0
0
0
0
0
0
0
0
0
0
0
0
0
0
0
0
0
0
0
0
0
0
0
0
0
0
0
0
0
0
0
0
0
0
0
0
0
0
0
0
0
0
0
0
0
0
0
0
0
0
0
0
0
0
0
0
0
0
0
0
0
0
0
0
0
0
0
0
0
0
0
0
0
0
0
0
0
0
0
0
0
0
0
0
0
0
0
0
0
0
0
0
0
0
0
0
0
0
0
0
0
0
0
0
0
0
0
0
0
0
0
0
0
0
0
0
0
0
0
0
0
0
0
0
0
0
0
0
0
0
0
0
0
0
0
0
0
0
0
0
0
0
0
0
0
0
0
0
0
0
0
0
0
0
0
0
0
0
0
0
0
0
0
0
0
0
0
0
0
0
0
0
0
0
0
0
0
0
0
0
0
0
0
0
0
0
0
0
0
0
0
0
0
0
0
0
0
0
0
0
0
0
0
0
0
0
0
0
0
0
0
0
0
0
0
0
0
0
0
0
0
0
0
0
0
0
0
0
0
0
0
0
0
0
0
0
0
0
0
0
0
0
0
0
0
0
0
0
0
0
0
0
0
0
0
0
0
0
0
0
0
0
0
0
0
0
0
0
0
0
0
0
0
0
0
0
0
0
0
0
0
0
0
0
0
0
0
0
0
0
0
0
0
0
0
0
0
0
0
0
0
0
0
0
0
0
0
0
0
0
0
0
0
0
0
0
0
0
0
0
0
0
0
0
0
0
0
0
0
0
0
0
0
0
0
0
0
0
0
0
0
0
0
0
0
0
0
0
0
0
0
0
0
0
0
0
0
0
0
0
0
0
0
0
0
0
0
0
0
0
0
0
0
0
0
0
0
0
0
0
0
0
0
0
0
0
0
0
0
0
0
0
0
0
0
0
0
0
0
0
0
0
0
0
0
0
0
0
0
0
0
0
0
0
0
0
0
0
0
0
0
0
0
0
0
0
0
0
0
0
0
0
0
0
0
0
0
0
0
0
0
0
0
0
0
0
0
0
0
0
0
0
0
0
0
0
0
0
0
0
0
0
0
0
0
0
0
0
0
0
0
0
0
0
0
0
0
0
0
0
0
0
0
0
0
0
0
0
0
0
0
0
0
0
0
0
0
0
0
0
0
0
0
0
0
0
0
0
0
0
0
0
0
0
0
0
0
0
0
0
0
0
0
0
0
0
0
0
0
0
0
0
0
0
0
0
0
0
0
0
0
0
0
0
0
0
0
0
0
0
0
0
0
0
0
0
0
0
0
0
0
0
0
0
0
0
0
0
0
0
0
0
0
0
0
0
0
0
0
0
0
0
0
0
0
0
0
0
0
0
0
0
0
0
0
0
0
0
0
0
0
0
0
0
0
0
0
0
0
0
0
0
0
0
0
0
0
0
0
0
0
0
0
0
0
0
0
0
0
0
0
0
0
0
0
0
0
0
0
0
0
0
0
0
0
0
0
0
0
0
0
0
0
0
0
0
0
0
0
0
0
0
0
0
0
0
0
0
0
0
0
0
0
0
0
0
0
0
0
0
0
0
0
0
0
0
0
0
0
0
0
0
0
0
0
0
0
0
0
0
0
0
0
0
0
0
0
0
0
0
0
0
0
0
0
0
0
0
0
0
0
0
0
0
0
0
0
0
0
0
0
0
0
0
0
0
0
0
0
0
0
0
0
0
0
0
0
0
0
0
0
0
0
0
0
0
0
0
0
0
0
0
0
0
0
0
0
0
0
0
0
0
0
0
0
0
0
