0
0
0
0
0
0
0
0
0
0
0
0
0
0
0
0
0
0
0
0
0
0
0
0
0
0
0
0
0
0
0
0
0
0
0
0
0
0
0
0
0
0
0
0
0
0
0
0
0
0
0
0
0
0
0
0
0
0
0
0
0
0
0
0
0
0
0
0
0
0
0
0
0
0
0
0
0
0
0
0
0
0
0
0
0
0
0
0
0
0
0
0
0
0
0
0
0
0
0
0
0
0
0
0
0
0
0
0
0
0
0
0
0
0
0
0
0
0
0
0
0
0
0
0
0
0
0
0
0
0
0
0
0
0
0
0
0
0
0
0
0
0
0
0
0
0
0
0
0
0
0
0
0
0
0
0
0
0
0
0
1
0
0
0
0
0
0
0
0
0
0
0
0
0
0
0
0
0
1
0
1
0
1
0
1
0
1
0
0
0
1
0
0
0
1
0
6
0
3
0
4
0
5
0
6
0
4
0
10
0
12
0
13
0
14
0
21
0
22
0
21
0
23
0
22
0
38
0
30
0
41
0
55
0
54
0
65
0
66
0
83
0
111
0
86
0
116
0
117
0
143
0
146
0
169
0
173
0
189
0
252
0
241
0
255
0
318
0
347
0
348
0
419
0
438
0
514
0
529
0
564
0
621
0
710
0
738
0
825
0
838
0
958
0
940
0
1088
0
1172
0
1189
0
1322
0
1442
0
1595
0
1614
0
1731
0
1818
0
2069
0
2134
0
2270
0
2380
0
2553
0
2622
0
2916
0
3104
0
3247
0
3213
0
3612
0
3734
0
3998
0
4133
0
4360
0
4715
0
4836
0
5057
0
5187
0
5405
0
5720
0
6009
0
6295
0
6542
0
6852
0
7190
0
7504
0
7693
0
8140
0
8387
0
8633
0
8790
0
9280
0
9674
0
9951
0
10113
0
10750
0
10880
0
11324
0
11737
0
12202
0
12436
0
12920
0
13184
0
13557
0
13870
0
14271
0
14733
0
15274
0
15519
0
15992
0
16517
0
16798
0
17118
0
17383
0
17903
0
18359
0
18786
0
19318
0
19488
0
20015
0
20430
0
20943
0
21208
0
21613
0
22095
0
22371
0
22821
0
23149
0
23651
0
24014
0
24341
0
25242
0
25512
0
25970
0
26463
0
26498
0
27365
0
27368
0
27813
0
28222
0
28469
0
29125
0
29711
0
30150
0
30464
0
30795
0
31082
0
31579
0
32119
0
32730
0
33034
0
33205
0
33573
0
34090
0
34440
0
35184
0
35315
0
35821
0
36451
0
36599
0
37364
0
37144
0
38009
0
38266
0
39012
0
39470
0
39779
0
39851
0
40913
0
41189
0
41783
0
42049
0
42418
0
43056
0
43664
0
44227
0
44483
0
45050
0
45548
0
46139
0
46683
0
47330
0
47505
0
48190
0
48819
0
49435
0
49561
0
50335
0
50825
0
51778
0
51792
0
52189
0
52987
0
53360
0
54018
0
54938
0
55179
0
55705
0
56642
0
57331
0
58136
0
58544
0
59371
0
59552
0
60392
0
60807
0
61171
0
61947
0
62884
0
63373
0
64020
0
64228
0
65623
0
66390
0
67135
0
67574
0
68565
0
69300
0
69755
0
70134
0
70977
0
71487
0
72243
0
73760
0
73963
0
74686
0
75010
0
75472
0
76521
0
77113
0
78190
0
79098
0
79052
0
80150
0
80734
0
81365
0
82062
0
83200
0
83795
0
84618
0
85386
0
85638
0
86786
0
87310
0
88387
0
88090
0
89208
0
90079
0
91304
0
91921
0
92529
0
93176
0
93988
0
94692
0
94857
0
95890
0
97182
0
97296
0
98730
0
99137
0
99380
0
100347
0
100709
0
101624
0
102929
0
103231
0
104483
0
105004
0
105273
0
106147
0
106322
0
107566
0
108149
0
109107
0
109260
0
109813
0
110729
0
110583
0
111993
0
112967
0
113765
0
114308
0
114253
0
115539
0
115849
0
116601
0
117508
0
118216
0
117997
0
118829
0
119555
0
119967
0
121646
0
121470
0
122024
0
122304
0
122822
0
123561
0
124506
0
124962
0
125779
0
126247
0
126404
0
127332
0
127677
0
127804
0
129319
0
130373
0
130440
0
131027
0
130677
0
131225
0
132241
0
132408
0
133265
0
133619
0
133659
0
134198
0
135107
0
135397
0
136113
0
134931
0
136837
0
136655
0
137697
0
136933
0
138350
0
137971
0
139084
0
139439
0
138907
0
140598
0
140407
0
141185
0
141091
0
141608
0
141370
0
141842
0
142609
0
143071
0
142925
0
143295
0
144085
0
143954
0
144128
0
144883
0
145658
0
145414
0
145820
0
146221
0
146521
0
146471
0
146833
0
147160
0
147264
0
147796
0
148006
0
148033
0
147560
0
147617
0
148177
0
148057
0
149229
0
148990
0
149988
0
149518
0
150022
0
149987
0
150859
0
151396
0
150859
0
151182
0
151427
0
151833
0
151977
0
151836
0
152358
0
152597
0
152799
0
153064
0
153887
0
153052
0
153605
0
154014
0
154188
0
154011
0
154086
0
154809
0
155804
0
155094
0
155497
0
155527
0
155669
0
156342
0
156307
0
156349
0
156854
0
156708
0
157361
0
157605
0
157849
0
157957
0
158607
0
158555
0
158715
0
158825
0
158998
0
159484
0
159292
0
160015
0
159937
0
160601
0
160768
0
161216
0
161459
0
162331
0
162187
0
162708
0
162677
0
163053
0
163192
0
163487
0
163630
0
164085
0
163981
0
164363
0
164832
0
166437
0
165418
0
166147
0
167145
0
166880
0
166681
0
167243
0
167976
0
167842
0
167947
0
168514
0
169181
0
169287
0
169360
0
169558
0
169411
0
169499
0
170763
0
171152
0
171520
0
171787
0
172246
0
172722
0
172000
0
173390
0
172957
0
173993
0
174239
0
174151
0
173935
0
174062
0
174060
0
175486
0
176065
0
175404
0
175788
0
176134
0
176563
0
176564
0
176959
0
177790
0
177900
0
177432
0
178364
0
178365
0
178998
0
179261
0
178422
0
179295
0
179681
0
179660
0
179452
0
179676
0
179781
0
179939
0
181072
0
180191
0
180168
0
180302
0
180760
0
181849
0
181762
0
181227
0
181533
0
182560
0
182747
0
181668
0
182635
0
182026
0
181901
0
182273
0
182733
0
181817
0
182527
0
183299
0
182302
0
182205
0
182633
0
182588
0
182559
0
183398
0
182288
0
181917
0
182545
0
181830
0
182642
0
182253
0
182304
0
182969
0
182734
0
182156
0
181984
0
183021
0
182484
0
180863
0
182014
0
181919
0
181243
0
181553
0
181095
0
180593
0
181124
0
180902
0
180417
0
180768
0
181532
0
180722
0
180017
0
180149
0
179463
0
179437
0
178746
0
177692
0
178404
0
178687
0
177824
0
178785
0
178230
0
177305
0
177366
0
176246
0
176717
0
176398
0
175256
0
176009
0
175290
0
174595
0
174533
0
174292
0
173649
0
173584
0
173393
0
172880
0
172977
0
172582
0
171999
0
171553
0
170850
0
170127
0
170415
0
170638
0
169923
0
169853
0
169246
0
168716
0
167718
0
167294
0
167594
0
166879
0
166224
0
165338
0
165395
0
165180
0
164435
0
163289
0
162974
0
163325
0
162698
0
161832
0
161460
0
160983
0
160688
0
160092
0
159656
0
159012
0
158885
0
157660
0
157566
0
156807
0
156544
0
155983
0
155001
0
154917
0
155218
0
154169
0
153161
0
153095
0
151998
0
151840
0
151560
0
150916
0
149533
0
148397
0
148964
0
148456
0
148498
0
147576
0
146573
0
146412
0
145252
0
144947
0
144201
0
143729
0
142762
0
142671
0
142070
0
141105
0
140873
0
139842
0
139223
0
139580
0
138852
0
138149
0
137938
0
137616
0
135950
0
135127
0
135567
0
134669
0
134509
0
133557
0
132619
0
132200
0
132271
0
131328
0
130254
0
129646
0
130168
0
128937
0
127724
0
128280
0
126995
0
126864
0
125463
0
125780
0
125509
0
125062
0
123262
0
123100
0
122433
0
122434
0
122168
0
120938
0
120174
0
119735
0
118968
0
118995
0
118817
0
118110
0
116877
0
117071
0
116350
0
115778
0
115243
0
114988
0
114273
0
114283
0
113730
0
113263
0
112250
0
111991
0
110748
0
111549
0
110995
0
109902
0
110089
0
109254
0
108765
0
108561
0
107637
0
107144
0
106980
0
106960
0
106727
0
105882
0
105351
0
105643
0
104598
0
104020
0
103374
0
103136
0
103203
0
102916
0
102467
0
101860
0
101445
0
100975
0
101071
0
100422
0
100497
0
99981
0
99419
0
99165
0
98979
0
98951
0
98151
0
97801
0
97482
0
97547
0
97263
0
96094
0
95713
0
96539
0
95861
0
95069
0
95442
0
93829
0
94261
0
94653
0
93540
0
93336
0
92894
0
93024
0
92733
0
91910
0
91870
0
91175
0
92045
0
91301
0
90528
0
90644
0
90845
0
91108
0
90087
0
89760
0
89350
0
89199
0
88914
0
88792
0
88092
0
88363
0
88435
0
88066
0
87684
0
87113
0
87243
0
86787
0
86800
0
85687
0
86460
0
85500
0
86119
0
85457
0
85021
0
84855
0
83916
0
84682
0
84003
0
83753
0
83784
0
83609
0
83634
0
82796
0
82574
0
83106
0
82132
0
82220
0
81940
0
81458
0
81481
0
81292
0
81206
0
80975
0
80935
0
80662
0
80692
0
80067
0
80011
0
79960
0
80017
0
79215
0
79451
0
79079
0
79098
0
78941
0
78195
0
78531
0
78210
0
78176
0
78026
0
77673
0
77360
0
77250
0
76681
0
77022
0
76217
0
76348
0
76633
0
75630
0
75441
0
75900
0
75655
0
74769
0
75141
0
75109
0
75303
0
74577
0
74593
0
73831
0
74345
0
74146
0
74161
0
73369
0
73507
0
73108
0
73328
0
74121
0
73579
0
73209
0
72497
0
72643
0
72363
0
72084
0
72587
0
71810
0
71876
0
71858
0
71731
0
71524
0
71339
0
71550
0
70808
0
70475
0
71152
0
70748
0
70793
0
70057
0
70386
0
70083
0
69925
0
70364
0
70113
0
69525
0
69279
0
69563
0
69503
0
69647
0
69359
0
68966
0
68633
0
68388
0
68561
0
69047
0
68252
0
67862
0
68137
0
67875
0
67359
0
67873
0
67254
0
67559
0
67138
0
67616
0
66864
0
67590
0
67024
0
66932
0
66769
0
66322
0
66104
0
65682
0
65861
0
66077
0
65796
0
65426
0
65404
0
65492
0
65286
0
64635
0
65049
0
64802
0
64959
0
64639
0
64519
0
64525
0
64537
0
64392
0
64475
0
64077
0
64024
0
63558
0
63386
0
63576
0
63334
0
62789
0
63016
0
63196
0
62912
0
62613
0
62679
0
62567
0
61876
0
62495
0
61794
0
61105
0
61751
0
61384
0
61422
0
60371
0
60883
0
60519
0
60434
0
60342
0
60413
0
60182
0
60093
0
59536
0
59548
0
59915
0
59604
0
58879
0
58851
0
58668
0
58437
0
58739
0
58215
0
57771
0
58398
0
57399
0
57295
0
57426
0
57251
0
56788
0
56777
0
56973
0
56571
0
56006
0
56072
0
55816
0
55833
0
55604
0
55291
0
55300
0
54649
0
54585
0
54416
0
54148
0
53667
0
54022
0
53743
0
53035
0
53137
0
53113
0
52887
0
53060
0
52368
0
51684
0
51722
0
51843
0
51472
0
51836
0
50882
0
50505
0
50527
0
50564
0
50016
0
49693
0
49739
0
49464
0
49329
0
49110
0
48854
0
48195
0
48547
0
48466
0
47834
0
47679
0
47484
0
47351
0
46953
0
46947
0
46463
0
46319
0
46515
0
46170
0
45934
0
45263
0
44655
0
44990
0
45096
0
44379
0
44683
0
44300
0
43929
0
44155
0
43329
0
42682
0
43150
0
42506
0
42708
0
42324
0
42040
0
41643
0
41947
0
41620
0
41346
0
40869
0
40693
0
40498
0
40458
0
39714
0
39715
0
40171
0
39529
0
39040
0
39019
0
38664
0
38417
0
38093
0
37715
0
37768
0
37299
0
36990
0
36892
0
36753
0
36309
0
36229
0
36081
0
35480
0
35240
0
35069
0
34370
0
34155
0
34198
0
33910
0
33315
0
33427
0
32928
0
32861
0
32577
0
32323
0
32051
0
31858
0
31534
0
31185
0
30700
0
30507
0
30165
0
30059
0
29688
0
29689
0
29478
0
29184
0
28509
0
28253
0
28167
0
27954
0
27176
0
27196
0
26802
0
26739
0
26397
0
26289
0
25989
0
25863
0
25718
0
24869
0
24887
0
24312
0
24049
0
24223
0
23811
0
23394
0
22925
0
22922
0
22599
0
22281
0
22220
0
21757
0
21667
0
21320
0
21031
0
20962
0
20561
0
20249
0
19776
0
19790
0
19522
0
19297
0
19025
0
18931
0
18271
0
18439
0
17952
0
17879
0
17707
0
17632
0
17099
0
16905
0
16511
0
16341
0
16060
0
15940
0
15809
0
15806
0
15056
0
15359
0
15216
0
14827
0
14337
0
14322
0
14093
0
14023
0
13700
0
13555
0
13382
0
13223
0
12996
0
12987
0
12706
0
12538
0
12097
0
12165
0
11950
0
11741
0
11530
0
11278
0
11278
0
11142
0
10891
0
10659
0
10707
0
10459
0
10383
0
10075
0
10227
0
9886
0
9512
0
9620
0
9433
0
9262
0
9071
0
9055
0
8869
0
8511
0
8696
0
8480
0
8334
0
8192
0
8086
0
7903
0
7818
0
7795
0
7580
0
7497
0
7444
0
7161
0
7124
0
6863
0
6858
0
6788
0
6590
0
6507
0
6357
0
6364
0
6312
0
6182
0
6016
0
5943
0
5748
0
5801
0
5602
0
5489
0
5541
0
5255
0
5327
0
5159
0
5031
0
4863
0
4766
0
4800
0
4718
0
4529
0
4547
0
4435
0
4501
0
4340
0
4167
0
4286
0
4036
0
3951
0
4024
0
3962
0
3874
0
3633
0
3632
0
3546
0
3605
0
3340
0
3331
0
3398
0
3236
0
3209
0
3197
0
3156
0
3068
0
2998
0
2985
0
2921
0
2818
0
2743
0
2726
0
2612
0
2641
0
2505
0
2513
0
2502
0
2399
0
2386
0
2323
0
2248
0
2237
0
2093
0
2064
0
1989
0
1983
0
1978
0
1909
0
2004
0
1833
0
1859
0
1831
0
1751
0
1741
0
1631
0
1673
0
1634
0
1545
0
1519
0
1462
0
1424
0
1410
0
1378
0
1348
0
1329
0
1260
0
1312
0
1233
0
1148
0
1158
0
1121
0
1151
0
1040
0
1112
0
1044
0
997
0
918
0
899
0
901
0
893
0
929
0
871
0
862
0
745
0
758
0
723
0
698
0
715
0
710
0
655
0
618
0
662
0
610
0
571
0
554
0
583
0
551
0
546
0
497
0
480
0
483
0
442
0
482
0
403
0
423
0
415
0
383
0
410
0
356
0
377
0
346
0
331
0
334
0
320
0
318
0
291
0
264
0
279
0
268
0
288
0
258
0
243
0
260
0
233
0
212
0
191
0
204
0
207
0
216
0
207
0
166
0
156
0
166
0
172
0
161
0
149
0
140
0
118
0
162
0
130
0
137
0
128
0
105
0
131
0
92
0
121
0
113
0
91
0
101
0
86
0
90
0
99
0
79
0
55
0
82
0
77
0
61
0
62
0
74
0
61
0
57
0
54
0
46
0
42
0
40
0
50
0
45
0
40
0
32
0
39
0
26
0
36
0
23
0
33
0
37
0
22
0
23
0
25
0
31
0
21
0
21
0
19
0
22
0
24
0
13
0
17
0
14
0
12
0
19
0
19
0
10
0
9
0
14
0
4
0
8
0
17
0
8
0
7
0
17
0
8
0
9
0
3
0
1
0
6
0
6
0
10
0
3
0
6
0
2
0
4
0
4
0
1
0
5
0
2
0
3
0
2
0
2
0
0
0
1
0
1
0
1
0
1
0
1
0
0
0
1
0
1
0
0
0
1
0
1
0
2
0
0
0
0
0
1
0
1
0
0
0
0
0
1
0
1
0
0
0
0
0
0
0
1
0
1
0
0
0
1
0
0
0
1
0
0
0
0
0
0
0
0
0
0
0
0
0
0
0
0
0
0
0
0
0
0
0
0
0
0
0
0
0
0
0
0
0
0
0
0
0
0
0
0
0
0
0
0
0
0
0
0
0
0
0
1
0
0
0
0
0
0
0
0
0
0
0
0
0
0
0
0
0
0
0
0
0
0
0
0
0
0
0
0
0
0
0
0
0
0
0
0
0
0
0
0
0
0
0
0
0
0
0
0
0
0
0
0
0
0
0
0
0
0
0
0
0
0
0
0
0
0
0
0
0
0
0
0
0
0
0
0
0
0
0
0
0
0
0
0
0
0
0
0
0
0
0
0
0
0
0
0
0
0
0
0
0
0
0
0
0
0
0
0
0
0
0
0
0
0
0
0
0
0
0
0
0
0
0
0
0
0
0
0
0
0
0
0
0
0
0
0
0
0
0
0
0
0
0
0
0
0
0
0
0
0
0
0
0
0
0
0
0
0
0
0
0
0
0
0
0
0
0
0
0
0
0
0
0
0
0
0
0
0
0
0
0
0
0
0
0
0
0
0
0
0
0
0
0
0
0
0
0
0
0
0
0
0
0
0
0
0
0
0
0
0
0
0
0
0
0
0
0
0
0
0
0
0
0
0
0
0
0
0
0
0
0
0
0
0
0
0
0
0
0
0
0
0
0
0
0
0
0
0
0
0
0
0
0
0
0
0
0
0
0
0
0
0
0
0
0
0
0
0
0
0
0
0
0
0
0
0
0
0
0
0
0
0
0
0
0
0
0
0
0
0
0
0
0
0
0
0
0
0
0
0
0
0
0
0
0
0
0
0
0
0
0
0
0
0
0
0
0
0
0
0
0
0
0
0
0
0
0
0
0
0
0
0
0
0
0
0
0
0
0
0
0
0
0
0
0
0
0
0
0
0
0
0
0
0
0
0
0
0
0
0
0
0
0
0
0
0
0
0
0
0
0
0
0
0
0
0
0
0
0
0
0
0
0
0
0
0
0
0
0
0
0
0
0
0
0
0
0
0
0
0
0
0
0
0
0
0
0
0
0
0
0
0
0
0
0
0
0
0
0
0
0
0
0
0
0
0
0
0
0
0
0
0
0
0
0
0
0
0
0
0
0
0
0
0
0
0
0
0
0
0
0
0
0
0
0
0
0
0
0
0
0
0
0
0
0
0
0
0
0
0
0
0
0
0
0
0
0
0
0
0
0
0
0
0
0
0
0
0
0
0
0
0
0
0
0
0
0
0
0
0
0
0
0
0
0
0
0
0
0
0
0
0
0
0
0
0
0
0
0
0
0
0
0
0
0
0
0
0
0
0
0
0
0
0
0
0
0
0
0
0
0
0
0
0
0
0
0
0
0
0
0
0
0
0
0
0
0
0
0
0
0
0
0
0
0
0
0
0
0
0
0
0
0
0
0
0
0
0
0
0
0
0
0
0
0
0
0
0
0
0
0
0
0
0
0
0
0
0
0
0
0
0
0
0
0
0
0
0
0
0
0
0
0
0
0
0
0
0
0
0
0
0
0
0
0
0
0
0
0
0
0
0
0
0
0
0
0
0
0
0
0
0
0
0
0
0
0
0
0
0
0
0
0
0
0
0
0
0
0
0
0
0
0
0
0
0
0
0
0
0
0
0
0
0
0
0
0
0
0
0
0
0
0
0
0
0
0
0
0
0
0
0
0
0
0
0
0
0
0
0
0
0
0
0
0
0
0
0
0
0
0
0
0
0
0
0
0
0
0
0
0
0
0
0
0
0
0
0
0
0
0
0
0
0
0
0
0
0
0
0
0
0
0
0
0
0
0
0
0
0
0
0
0
0
0
0
0
0
0
0
0
0
0
0
0
0
0
0
0
0
0
0
0
0
0
0
0
0
0
0
0
0
0
0
0
0
0
0
0
0
0
0
0
0
0
0
0
0
0
0
0
0
0
0
0
0
0
0
0
0
0
0
0
0
0
0
0
0
0
0
0
0
0
0
0
0
0
0
0
0
0
0
0
0
0
0
0
0
0
0
0
0
0
0
0
0
0
0
0
0
0
0
0
0
0
0
0
0
0
0
0
0
0
0
0
0
0
0
0
0
0
0
0
0
0
0
0
0
0
0
0
0
0
0
0
0
0
0
0
0
0
0
0
0
0
0
0
0
0
0
0
0
0
0
0
0
0
0
0
0
0
0
0
0
0
0
0
0
0
0
0
0
0
0
0
0
0
0
0
0
0
0
0
0
0
0
0
0
0
0
0
0
0
0
0
0
0
0
0
0
0
0
0
0
0
0
0
0
0
0
0
0
0
0
0
0
0
0
0
0
0
0
0
0
0
0
0
0
0
0
0
0
0
0
0
0
0
0
0
0
0
0
0
0
0
0
0
0
0
0
0
0
0
0
0
0
0
0
0
0
0
0
0
0
0
0
0
0
0
0
0
0
0
0
0
0
0
0
0
0
0
0
0
0
0
0
0
0
0
0
0
0
0
0
0
0
0
0
0
0
0
0
0
0
0
0
0
0
0
0
0
0
0
0
0
0
0
0
0
0
0
0
0
0
0
0
0
0
0
0
0
0
0
0
0
0
0
0
0
0
0
0
0
0
0
0
0
0
0
0
0
0
0
0
0
0
0
0
0
0
0
0
0
0
0
0
0
0
0
0
0
0
0
0
0
0
0
0
0
0
0
0
0
0
0
0
0
0
0
0
0
0
0
0
0
0
0
0
0
0
0
0
0
0
0
0
0
0
0
0
0
0
0
0
0
0
0
0
0
0
0
0
0
0
0
0
0
0
0
0
0
0
0
0
0
0
0
0
0
0
0
0
0
0
0
0
0
0
0
0
0
0
0
0
0
0
0
0
0
0
0
0
0
0
0
0
0
0
0
0
0
0
0
0
0
0
0
0
0
0
0
0
0
0
0
0
0
0
0
0
0
0
0
0
0
0
0
0
0
0
0
0
0
0
0
0
0
0
0
0
0
0
0
0
0
0
0
0
0
0
0
0
0
0
0
0
0
0
0
0
0
0
0
0
0
0
0
0
0
0
0
0
0
0
0
0
0
0
0
0
0
0
0
0
0
0
0
0
0
0
0
0
0
0
0
0
0
0
0
0
0
0
0
0
0
0
0
0
0
0
0
0
0
0
0
0
0
0
0
0
0
0
0
0
0
0
0
0
0
0
0
0
0
0
0
0
0
0
0
0
0
0
0
0
0
0
0
0
0
0
0
0
0
0
0
0
0
0
0
0
0
0
0
0
0
0
0
0
0
0
0
0
0
0
0
0
0
0
0
0
0
0
0
