1
361
64296
7532326
652912510
44663199283
2511317339446
119372323892736
4896315981217168
176034055470126073
5616147020645577958
160589552906914936158
4149489950535732105794
97556083936224987261643
2099087324934367671989302
41543320996455160794596842
759551615044395554696642747
12878182631699890404964544015
203167489519717152314659274674
2991260293412670340723657327292
41211130252839191639475468349772
532570723561997071449379653905642
6469685753518341513368030182126728
74026120915621505393157757683173730
799206061364355753674359888395708554
8154798757205181067045987031403874616
78758554440103807142415526191790226316
720956117995505884101464387881275140108
6263198289808403128560923773786960822654
51697235394497816240973197452617780561374
405874839501188380152327866605131932401646
3033935627409526193803779617886631798520492
21612995592313158414464536646021994838302771
146857088511216456186285779001120611004035165
952571787131585584807573628120466566614800122
5902712353538162692115917427995141369419563516
34967420793466213016584006855668563903748057401
198162327933950218834377025638606391232676553877
1074963185129693704939137624154076249543193226654
5585139455418470619532124482694289870363095530572
27808658755783010697155089987119229444053476770780
132756311387209599076163629664967753042368211064823
607952782537732324961794833546543658042873167904914
2671913142147962615662519241348183536340020087106316
11274560257233062079494112607390792651725155995629230
45695995781669783487553354047431049531997584824307327
177960907178917966149944091861338798778264419728783374
666187603768736490453762416179971634916919698331093084
2397965689942285294322051214037953015074908415621797517
8302423921931401048328975122372149594795265299226001466
27657693129136000523703768566949816361531593392152017308
88675311834376158546339174585655697350009628882262454978
273706618473906435426782957641470468384209343912667904903
813537626751072628062502599991051677859392185372224241037
2329099250046563144816721474763656496504900892162688616438
6424202475619968638709158206364185382203639883070923483478
17075331966429169307779438235248184718579384825661692651611
43745252330370302498185851104045410345346479212330825506211
108042156301528014369843254426811902322562778468425187794228
257300535220199278301889781079796027182267603354636107137828
590954419463825853745572344888934786048366497009750453511850
1309212793011035514163070782140183709285473518809755029333623
2798228658920523039838591495456285435413814080685966557518174
5770898971504822433090468927820894482348149167616267494334798
11485733711398619240143256625345095527754740107132936083307738
22064495319355650888019030409597564828980011955785010972103076
40917747121749552912415296566222385696972130345463199579033586
73260867596507636020456096310640803502870911390859359642815346
126658130451248721147132385015612655267081931880863900293540112
211471022303503617023960310923485049205147384364362945489190538
341019937580111738228925867838935938141922841962718506798276190
531217698253855686446148383974833160308506191956718003389852270
799430067859229438039964522000775902516113369844168668507068937
1162394790152225303162980534217420889266212735056486387912092851
1633206183160989237291433397291690193946944037531481925952838464
2217637545415673864058089410709189128758422643464468947270287184
2910378802469853336486841907050036608390281853349889134921185575
3692023417166765710093971704808075088594518559381421619778126268
4527739525282036066410587392957951946842373946589695175750410784
5368416775205326763285179331998497473710387425172080785155508596
6154664284796426143643130230554757977838402864683795759908751663
6823408493865254063724820802337826427034846379019332220267127873
7316154029817417983150556251257922543508543732166089540889427386
7587428768279300449792106980081601408251897636976782952970569454
7611723013743616234910675893228755223819354483690394321969264440
7387451959733697061257421152025556893886960753527019873048632732
6937087480397362614577495228902227674037650436083667733457956158
6303456668906968396567434925373720817667096365808434364610742632
5543049217810751460048036231704497695438955511582013159078552233
4717777354645777197609003837904764242783700443289793766906489672
3886838856491111684655099374592102673732935170317546546890239010
3100124031075545021153968920650024751630533996663411220071114384
2394085456108458249538425024863183724389788821805272353593868594
1790336124796407711061699809042929651345975014103844199091379939
1296647699540004753152659317071422979800343039522989179545219684
909624262598522658638000974147097671730551306062253056200078138
618182859141079355798716860417613032315795087092952771472610149
407053309157481874210941986928001507978170698871923208195465321
259735889479931159638360913385559894033299963202071705959230382
160630665633625140265851765799701665744303796765417122400613390
96297039560803298906803241049791000142242456220621174555078256
55970651554480374373013438117287638527098583708235838846591328
31546315658180020564928440001593058452390952941874515609693938
17244823238552883361465205300441861409807935784144074898875330
9144812632661652651333090078582725146980448501411150777759432
4705266945026207635686482823021555919580834006719035482077694
2349513449524780397459993297722669873448964115751534627701734
1138806993373607911713279068543943546762272472083832164783036
535918468511606065807018679797001258719559970978080153023618
244920575565070954728865467360792767674892465210027938621603
108726406024848708602457888389115930856243549228129407236920
46896134934423813463069406462821591403073085884812716351720
19658220035451524437365309520878708555539467668801250552465
8010749925019843330976839342237373590750361112774391352885
3174275251864029155918713051254159820271836369056937464620
1223440538127634109932223487219518542679609743237254303012
458792505547677337168950805105961593257187078149305813629
167446864094188407594452167510723742469088506894222442910
59497785379620630739748746151231669748169828155292825306
20588614669463808412326685776411414682339528151853006288
6940631282107338411898019383919623200882989944799400820
2280146124777871968657922366274640710063375734590313891
730243554595391690464209746515350991254919338461857854
228069132737654965885776188315747219055966009108957746
69488664896105866991015355857874670850353370432345983
20661755680663055117398254057527947483678670377750002
5997704443523323391022841436526054373323895737919074
1700306879737895483041768436443159248244569661307522
470927516584637683843537605533170280446524113863324
127474910491539098865321442575729712438816105744739
33736245804012896055293688934530945949089409507582
8732212874252011454816632446622693479595388134790
2211344479697406247667296197111765244499605028635
548068365254937881943892798569617845050870713637
132981498153237190187460441296981874083298413758
31596937795562894690890821590989002579526898050
7353583800412777707864879862753140468250245191
1676627001247672444108824854545312275181831304
374555624173719860912694550218527672268589018
81991621804902220977426693135832042029205352
17587096807467466335323735815139262571758692
3696168894891739793135421052070662802224408
760962536288643860210787623535318439443126
153428312075348245284909337029794619209272
30283706166539289859420611048696412520795
5848658238913842527298383114075153248945
1104538124912030483422493547926631437076
203829561733958890511101131094037463974
36724203773864754111875255290607774981
6453963020211805461391792752319089872
1105183670117775230188414382807025590
184195013533387546558169559167215338
29841177376586164664576908410791733
4693171038574753904515702639495041
715492583438444587728181415495330
105576063980773533780205641642768
15053439897857838376755759380088
2070409150054654117666183786536
274166332669494393865092449040
34884955104771430842328109354
4255891860557999905598424891
496658758141896466940905102
55301979184935374748198778
5859194249184234155100090
588887572517816364742289
55958940748101004249379
5008780677809577585196
420541312675333475856
32965043600481823582
2399575909664119336
161199255531405082
9922074018155050
554802969635972
27893169133005
1245019222024
48554123212
1620265850
44969306
996282
16514
182
1
