1
484
115962
18336960
2152832664
200156902936
15350206282916
998740710435208
56275322465903010
2789498946613648164
123154173181139792890
4891343785737656078356
176215443406652240209810
5798281270259278472350780
175286222091863339109703390
4893133318136338458706834560
126685695405182421981650623912
3053831282929821844971958940888
68773408442154555963029385724010
1451350295863429397752294468609968
28779309518033781602914527441965658
537535861613708936866457809240061428
9477956159659834998976821029746140364
158079504235375069980529667452154783876
2498543432797114201020103739570262359798
37486797897832335810489540406120878038628
534712344740887312081188526324625201211648
7261564779154153014143926247477987148044344
94011114829995205902112111730561063863060804
1161705559433355883503762750038666410805294848
13717406914626768883547908899019161380800147134
154940264018532085728390844202223161040755231576
1675711889420338037634139881627996296491812752378
17369037571351659648592950160031093371511222655280
172689779029724565799660038667872684706017333257192
1648245518989177539811658614578444297354837423287748
15113679960478729347816972330922377685251658200924222
133235737704993681659086458764988718557446310548660880
1129964033044235773837242670176167216456043290893583438
9225215485500734203366982106033236431791981260570609656
72546381775766289454209611777085023071595992899838418222
549828809156561738737047370633196324606452235686543838424
4018312752991067641919978700168811551323653321435645082026
28332459944815394059440405371090176662971660938162120289784
192822431011020003105218214102229454210805623740362818476414
1267247253241865458531102479570226993843359887029395633614000
8046066207477705588900947906622427014486535677171245939304864
49374524064418276619611143867681345752060771364287916167158976
292947151897657930250065617457287368605634178968822582681902362
1681142378000975505734833715768647563530215541509699346868266404
9334751228727063415215580658203650488391529283011792946932593358
50168490209997943241061642131747141263490981009082647522083168836
261053533650199163290728437462014077227675237043809684598707447676
1315625381896756316407880257414869542066885252718239163862548713744
6423428367660719815719683504152708465333338118059391444186681172168
30391748124660931696257409956915821758157343870290374862417554033180
139384811378328885650505291423817575484221929898897337864375769933274
619809100656007596617666277213884560696001675256213201049646940385532
2672945647223460933994286205488857506333525033108424550083044199120106
11181869033324350511964381660914696386277874818112433495204228177962600
45386728144274277475642368346704523607047737338151588233131427576653628
178783557987561072547304012784543061921138028107939770681407571933009732
683597787795810033952615354164627942580682877995235640986846673615403448
2537666597734122919306749050548414662405564790656655093530592344618182296
9147708011926179795967961983099466109779827608813897756609723137761850049
32026795916053138402115725172503648223967425531223731926536878648527411900
108921760676423120882818542898449760657415747767467784640418563863421557340
359906148305491833099943930704407704940075844876609148876976580203155256948
1155601145300388516917698571931060987399355818602881328255660405999505671328
3606107419873761152437774754529253689865315881616495761260309479291600962236
10938220610412005189813907776695521333698713131944596736498315781923013118862
32254839191382595444125163978710965340974939487596061863326038859339755136432
92479140114910789587610976810349401936563221270852998850319594222930452981686
257840815644076648873272786783244146668088594036234114298968616287400384686444
699156963647661185081325423283126317163061212512886232542200441190453761079672
1844025743733247027636894727799689099597191898028275077366557870991909926100480
4731302873232065726062061038522461744184790544449916290700308863585994057504128
11810448063617395783281602164328384921955677734877343403508669978033227310223956
28686164495755748214745859001937895107371424988024338363658462915338646369040628
67802554670418591518528001117414126015187013708478963954347765229122355340403804
155966920020665044765239565905860012218322721209808114426921915861480040095768504
349201184157373673070241468777425880187585570508534532826425841032535950276798648
761058749534135560038901812278870622036788893974581079284674552963654270494102504
1614734291947031449256462036708425012670673002742994096363815808312647391330711376
3335525282079450672922032279089130000137334253951330666952142083287488433006977390
6708823367052854457096815637034869464678853558033853007559934450371895407729991960
13139685291859753172547343822648346364864456641986832276114195792782915982892557730
25062045514606977271253202491328425419339079892022256031947148349956219823873335408
46556085879729953788947781127212696491461068179344781075953647370807863196341376370
84236304281181853890994340754612403346477332493574998713269203744128018060877661584
148463146312310310970835549404491775131688630563988143299484614727565274045981293908
254898517702353502381888910783643628862662361576372297889471442003987629396051317552
426360795066899562727443820946097000037308918155312987632456927962716534665018741318
694832000111756662939132308339204227978757760888191437169100861381701759725267272456
1103330391605374875488023110533464904900554885973383926103192600127500530135036930164
1707200734991269253118496011465272028659364969951635697407133833266312665807589812548
2574223754942343127678438553713299459679242548106421326593028478362886603267498048420
3782854582857267340525133249472275439460386592098176265464262625812785972949182183692
5417926945058421765326130556178484986733195289839460494734033365647885356242552185358
7563361834861180852852210446353406207068926013365038566588999705996277889472697163388
10291829433645732111959486369388318933161910327849337235647587320254892992141413696306
13651918232308662100955499749015588532643741934238132218482731993608459156317821540732
17654090181727710210317601222997517388987121119959540682449890106457757831562799920408
22257404769849997875889449303294498244673553397187041619280541792560664636706327451696
27359491496985289730767619158055066746235080494621214335550752128639150836296661148852
32792347721356612310796524605775574390127779220919802842835009193133349106744524558440
38326097457814246214573826835448586740661976900248151579198290128568633785810309345866
43681835068720242844887614328734302626632730992066995579136496778862266066881025282052
48553209824324218356592018113241702788838415679201658174088286852645144615714748816898
52634741563632012903174345526569107443134934018307625505436944486204488254824027296340
55653350992779564216394741760379939515778809334604293466709287508924041236686233209360
57398610671897759056158755866656326128368098626565581478915823893267520592258742524668
57747056220938085363728095512585733572065443619785294053357925984961226335716104748868
56676647714495397308282140890931324555254264167182299744192197065637220270219664875396
54269025610667872340726033670443058233780340654672324567849456917346466640555043591986
50699249973797999403250293712454100074666891445920224113700692424935630365368536823356
46214808559790346638837783854617230672954298660635536292562289118211702587084053976846
41107380940464034914465564624538179807018566030496044433465712427549590414163246782460
35681810435305031917742332409852082015312976921160804145231177512159025429336485888734
30226809775635118767604791620594904147145655284267180726838434735748746577388638592764
24991171419687702605761396884024923630758531230975700585824033932955117899264201569908
20167911227006666941682057108077273584352862134894407832115432309514329260275741651112
15887188397122053759260848405313846942888493991399839835484198012615210093484688432472
12217364059213382820770860125234232930992944448297610020049788233555575704425977703536
9172455701903243764454063523243608583545696150802345868497181358605754791995615411148
6723655782518805469666738577766252259816930781321890414830760066272163384339135731136
4812514164103311672409442083277791496360726455553132648565555015353145211846626343762
3363730024938092115080966090624913655643322265986505279218541617244519290997405322524
2296093735456599069394056262436940897026086439771102025718196765482247126013651778366
1530788770675551757519274049208812127155542826577967314612876189584910383502038390160
996866341019053325378406040408994638178184906226802139860915530731135077903955580354
634153695063590522224612791053935539599840602172990132982690804209059921716331066228
394120565391687863688411557178853477511168805631405371266703894416995004441829562710
239322127114054423534795711818596384104571174159923804937593614633968275657222418744
142003556340596856507680994939948434478702893293543867545384887953611340536872158208
82342276782410889830110643536650032076841632267586418280393135487029534976594746948
46665913324357258857853841664045087882456916894910238352579911762599936167081484148
25850992033979705245042375423232027146117343382261587830463696052038330821320982936
13999220927228285345960869002451509643940092587956363275732209901645687126843445490
7411904258243105035618642909709994603246633676803315970508506459959499902700846212
3837130099631062040615590281042339321974944198967841799649383348437386199297867824
1942616270952723487387810555801450542696305773444524929141037107322807218309769348
961890824320347359416726858981119761445693905970729194921254987276232140660813844
465885105919754269750117470374344005116764021950359459197252187279753762572875124
220751538340686652975005915739350921135145071201536154813852451030295530722567822
102343363608161229154682793772581249607497826936203539731850186155464392693141176
46430936540209234436146689105977059552833792420005800042153275304716242091636990
20616237558483111907188195154555689613384282288959440792333906114709156855016596
8960445933006767339315590510446559338610487257486189770364712447033633003154904
3812710013222833978113356098175462829302609431623406954634205815198496474797492
1588507290337213448996177519539744649084211354073346242695847695580482461529492
648134210562039805790439037283418444796779524263612649431178792439202835937612
259019012810896442318766995694419862311684299535857642114174027263526573712702
101405527648223203059253145289296014937652874377490709112036536405360859595688
38898142493069877947762955060045583117451735242958645392678906844051263673132
14622072297309798564132975228033202005133802291521912954298868860216077848532
5387397214455608937221992219213904565547546426434890189401852501962107159900
1945887872649472460678093234393197019588016672260758171599141328652847027548
689137090137006880342570952419803007571966373950359489184229619263687917728
239344890486886600871582730330592300196096532779954908293460532953708469968
81537341660536150073117002388362711783492536858254570612442070197155771432
27251301541858921147444576641349743505405194413872576306598112230279219860
8937210212860727013692566236439735052968515392110484716783634897925516568
2876653646629400908259106018345099731698664322365291882461262736813241392
908933147636905036374870162091234037542381258811207959173354077781149442
281983601953238275703046409310121446712893842609435487247520165983675860
85911802443075953343551647605026616795422335716277172748302117858478968
25710406937197792806351218723932640495632389482993669150978994917655188
7559318442885832926064470644565659546483953337913957149541619656001420
2184059355805373363195227623441060090282419397397429943649571288832052
620218483409584007935338311594748625925317612572957812952676706931222
173146340702434793354182812643868050993562419060311192871503357981856
47529066546942771731842257951933395409626424072150875249645386709396
12831290079286539005746285879675185270427095616926977709043858738464
3407472507492152026648259559379434583986032695880555677598677146072
890284819912006796947243043693651461220155812609635741955544687848
228897321848286927579072032461751275870864840440829212549433089428
57922114321601645298632220271137259748242660962176675674145085012
14428204404143589840554954592611665228774498697240325978822024538
3538433695523481779783573935847225564793158619155923991664447828
854477997395202993593523588190089537754389936531099210345455842
203204913952096707286628808809487251392010846836959091708477008
47594257543285070445060312728486482680861990167925119727489418
10979820484332989381392812957137417007678671279286175477313892
2495042697986108690953347624285263222517690735389448987291808
558485054954379419791936194326707084425287887153593975652556
123137523221849950252105277558274506438575915162497488151628
26741968834417536931820493295021155120687793840726710601256
5719820794041364529487492469418284406408779553914172937894
1204762914583071855107571534507669780044257118732916720096
249848125558807111830885153072403194035059891258342338302
51004867396142227429484469699767041374650780873656178832
10246932240044821166896786690621981311342232660178743916
2025295006608472083972132178265651710385820413067359924
393677108503448096738498495254863550724182193103999876
75227171790627744009988418757686043409749998149259268
14125299624064169502149795365821282018726359657658778
2604927005154262133000869118008041040312867154472008
471559551903723461024061607864318137150639233549554
83747330813598991362046770924900351895146505005084
14582500420915215684407438282860723344224751385416
2487918375980893675314137591102298063824179481692
415607755189342818396377003656673275263195912134
67929564862614428258477443043635860004320156764
10855005411232272932581488921646596972732885724
1694530937023836448958101583035707585540292856
258198006511790273596658089113893994213157568
38367070993806206788038250150400452150867740
5554782600811246623761110220800111294607906
782814814566995383282690185413664866482316
107274016877553558456374824288014680216570
14279430023407388069458268278169772930624
1844252939604857257015472470387671377688
230838664377868463781500985764210060852
27965985559365381219237273784757613142
3274966644325873120984392886858201148
370188862878430209384277596027005564
40329481168985796734537626058757712
4227673363845506378016347534682756
425700552229671453216315777449284
41097608401868183920286884679378
3796270175788381635059503024260
334786793787726474199767318828
28119338640821373711233965268
2243475954902420908364022474
169532834600490505522826424
12094872533176404823458222
811708657839941288383684
51037880478156461019630
2992859744930511332912
162818003043720479732
8167820804603584180
375158159768725016
15644669905291704
586328927771836
19502416696224
566647605398
14086579896
291257538
4807788
59392
488
2
