1
900
402810
119537824
26460846024
4660338618616
680250240492100
84641860546230088
9164633795788398314
877184928735421550948
75145268092026746292330
5819753654177159614422996
410863353131615103066128482
26625619248753362857216691932
1593243477724273296687297596254
88482897288391515169907889709664
4580985600996932683199174623807580
221959554377283719773038496246473352
10099562417503145837433569036428867746
432893087478882823488963262367245292400
17526932056493400176877632165022038555658
671983281860285375725222407662986294285972
24452164014170235913791073197567093696088236
846201227157881654922639440996034219787594852
27902445790038070343094655986190787085141904626
878154215516284059557778539272616727418770322700
26420899394247293177646826264646475395464315924860
761041895249951749763825188458084683368788653450344
21015647420673749999650061846115034894010481151285352
557054177821360470100920317313756554150273487734447968
14189992171030804563741013520314524715833564553662417802
347754396120737571232310689975066235732333115740738787232
8207556267205701032659822288612679393632016096000318888736
186733845354632350683778376791797346350675289592885085055480
4099132470946387988572372294423007919675051408542516900360028
86893895053241822314327387655351468192099174622526635187473732
1780173929842622597629284947656362606130167947223363526512399958
35272762567651423383346422626980980602552208061633234023927600160
676441880080036846052225030141934882099005170284449419140440256422
12564033275147565170210368721014156616197413415035945637817523105472
226158854129543533334724624091564866011527704012168787614630697404986
3947737489496658800109448857800315047324502972096097166066677464419528
66862746775753863617710222237765293374845069000997430667191305947329654
1099411771841934662946966915972394133344524219573812100339839188138068608
17559185916051244582919276274593025879869319791019452568742469768620095450
272541865773830292124719035620642142708068397483447472171611216717064874088
4112956096775402014241053975061275280199486819623817914742876572831758015052
60376068471380006652920283916009204585350536101186874929038058771876303739288
862491328814321845419328069817356028798847711071057744632267557572343480252998
11995128873941443767182400764567681529416717876250719276127691578401912133373588
162475865613850497863330542098221573717290528417344588589753397317102788105056114
2144237406364716182503696763635661752526660578114628984073768099358357933315117612
27581411573249227480078918256492186000938372636418544729319585000620908614839008586
345917783972838000089391467551243037223602924081363237644079251868802218780751658944
4231450063338194284026862081218528082352702975678686563025827900768072110055389866994
50501809377726072263180392421316349255335619060537594194968064051696363957702916129764
588250253375347181894551865492018651549835051542603681526669347949389113016559027692198
6689378274671989811880019799136330138250930194039076049856461206152956076321219991480168
74285488951991462686033688124201914785175831327192484670147748163871927316990694201230926
805820631651730019185076391115976486552848137209806628337752953243595817216775207173198928
8540949586614833214191366221947709003982867857546296057558318638394410053711998110668595392
88474963202448550405742951705298340006322543252773386036134533599320122072397730950973203280
895963299236943974170589182773922211759355452316682381289670447846507340853221153705011699026
8871989947982842480346847027792400947319464386048668180256015256823249118542314217140732792348
85924037582127092185642778650773628477541351617296521546954252725567314151313593828622870819332
814084610714842296087403447229861766559108903770258766682282433099861742702875154156780740993220
7547112379403083374011725833325465851300387653472730985972597329620449044920002559615963452430596
68476343109847519365651521024037582893700099720548933391712003247626046147871955115620376954708872
608188039581319704415775441518419778621531539864342951857925342891173156384348722193458193447025824
5288822990557885408707800197882798442891729915846201398099333608670141231370611542086234001066692684
45038880261339266334219195277950750588087556240294265702125191603653216313666859698829149346644129456
375668249080801973194192236209874575622217533757692936384874939677066187228323238105521998858821744912
3069645466794991859774136785017979440854970891667882640417994390508741728554934833935578446990594025786
24576206794557091939023545123645524504476937512505218262631953992390115136089125520686554417156279860140
192822712215431269125582065337270496428485953198740895744925255956027841812765354220460626957537350023162
1482824734625057637701139176356036840067623309704455672933791160910146723907078971823250577042090057937048
11178389716735455148239454830803453136651746143814686266961734176080456250649103051672045635020334438264648
82621661813512356696354158533743078240193820221175700886405043180137163715160343125522343367276324562697944
598824246726026634819290696048123420810764616092651581724128993152292219707985401127414564372515655757581700
4256564740870713903675378678815426167975161786159037737834868384779953733686929711021939158908297682124172852
29678050323660157757554941820230073786027127155935523580136940845823436882472877766992498338719193710506383462
202996175048733026511670448819358192698030192784020178128424387444147179394607379335526804302406249913827847776
1362307486043145707731368132303506881312618620576142979735303933538767429646081006092349922757174712893103550254
8971272701978607203272073303935836496658127994554119942789906884452987339393694441000049059989808907499589149856
57980222110493298709501108238173874663981554697758450977042941642613724612237380743398688157183136583812075185486
367795465651052664099570212834676066276274915113209632997018351732302445695511084839234669038903364724233095116712
2290265762923652873252882881468819788955688045035419108480435147508794325690618773546450861229511230364791813570016
14001331762774248049227035120141759651752063684196313073767353287705487576967315819391269806383737791712604453395364
84043932113477864808477250235314252946513491779949421944591677170356993973157872038694602778911877654213140836637068
495387710492051670827100180373299145126326659044018832995858637560297817966326437646207990394081454344281867485132632
2867695160578764678741665401914801313484212779947114742091032220849793505026769643829324707754345988623110544594361048
16304799263485999758157495401994490434322446620799787206499254811676962557205020474433486533666222843104572089616346456
91062024704553574115532431896698926071978099858131338660711210627473261441326763695622271950723818274301823535151472036
499622561687391721101069007811961028971153905057135152370956297150091465173333560781754444383096197719690960557199171232
2693221652439912394273799260417761890399662369914185734612381938346518216846876299018280057012547389491531184179693499222
14264903212529539090350219744090694791670065655618330683371363791817250266435328387798094935373831159530448129172601964508
74245915934933974671074964032896255388055767882715029948059487509192455927226758445767446431655381947405146401875456928084
379771747471464755889241532361717327243601778559611270350644918842888457721231619204004195405340831631043833672318735992704
1909226488202538104723307414116630944557133243058669333999841826429286211222903433236789140885593490359675447144190371633020
9434402476383306998184053658166907587145202092036922845977128071351723789878011288435925463679749901080135228706887314595356
45827907541152694495726137891772934469209675596969716779051088099086694110246940430573576183892030605072795837420608510900100
218846693102331118595306036033229107272580397699243462162569586948897846756933811667639112329124418828249960697209657967908056
1027493492922198953774904361446902156047390812490788837097215149558974729920010411423773388259380243311607814795940092937814134
4743307461349613666750925210163200863862158871704739222938156528870783346599148205934687818423521156776923824742516028069383936
21531770866677422851988334440353121738822061753557250099263455524928956036940953810287023494189326216363026553489968588949837078
96118479782443075109759593155651283497125798780599744126500691131590827581086860866713521711266754562408221267382957044356172760
421982408996709549155458483480555497283594216380372015364596145221231205285012859597063914486993379910555966950331991893436613660
1822103393932041923182844415165550893350852914337624060920351304662572330561320069552834403913077242487069932266252303728077575080
7738790643559990370351276305949329269947443231474252325871463546286225565696868471996977851552637843458066918837006527729495938028
32331368917604969434145136853499098537983423460282966155284708536084317517558481232619018024283636972057487044208612949737135293580
132878536078719006438720731746533135014713258957195495257586447910415116052632216252372550417739088485738953515867242109682062596386
537271127964913469781930826135421699253538314898610619542090045560693356966482339282955378262938364165417162899814877266298281987776
2137310618847819302896064315342589285730701905153028864496253414017357657142745806623874852725489850790753317626874945713531156402390
8365736601012759422481424576952447125064104617054950245148334404047488436324022212681105090949347497963563884649094067471071833134712
32220291360807815158564172464536333105081416431454605930459731202587339980555031522019681005140636721549697328012147304079304789037052
122115058868665306846522633957541451292637412478524783287322928035580715342643446197834130017528896804680392247627880242169259681553052
455458329808264138263402055106394743674937362914114378546308090093661429274804845111864214827777419345672231551302060483118601512690746
1671831001871555172406878752598613041915063582917471380088448756171351486031948854525958161175185654585756517176453404325320280030558712
6039826957871924000262054689090264874986394978525059979585968469910371575033648321056365990272036859983304491727253064947477840945780312
21476751473682392462757191364342990939867949600717457213300387380996437912227376583027896765362904757074739368486205520894555945628257328
75170550538635224635512356110299083524028959229029305716723931650760925742327932173399334941129860992185775248189549399851292045773041980
258990892425528118928961949774071721350347535268337405876634721487034220292383134292548222271064526727569776709930102595674341786231773780
878417487902383218786884279044341479934817019068846633675386929597689625982663040623544902629175273488111731954368841555415896255572416486
2933045541662575106776445070617134802911301107035248116361187343299140502521723532968409336093764004173276299562571641968168396698581641900
9641823322008820217462932276747915904554742248547017367666033832833074407671929944561971735522727947692552258097187349822469805882227541456
31206337259824748371322864154268297560196593632793906048172168275233096778640481429673246871040193477292572985162469677769684824445440773156
99446613484391842163882196081836974062795322516856991739992200345308928335370130152387322660951254742926387252902678688037661581538401643836
312047464959719286618776576835849598017779958180868457806865898486471089773892001405911847600366319420723740516492232822854119507462299830480
964171431742475229519534836640152430853256732500570158201449964779770043986260640560447416899757817921368245680205830207759036709584151130904
2933660706068737035295008445288471610371912344718057664842191922768557042738650011891544862343610326141903742315873539587360050869060879591528
8790351281224413059945555983261956116002902817514532617905722009707548305337601582503112425403713998847357587918866049362382767208015764716550
25939501308190266754266858641136792747562432317536767669718780974294263432469233325251463493583420874211685942860194690050859630049370645545260
75386575552356386417744963338339357137328448776264280660983436416161852013936770383351166295071955310331054704660022975476378607613504678125550
215784880819076849871189081499044268161006918779451222372903582318559920098798232105361165646361633471290339222766817567089077836034770050120916
608358900089712990867579781805974342352816336146190483572334770573724239616310814653896179301083710013995744979865469202495714340217013102818892
1689380570764734095997727999582759984598121202889000457950502538240057706057965665993424948303933603983586311584539635499728992692468943714953972
4621048099788932739190730665911502854095710639175466313258893944585957344695470848746902544356285327214276191582337244108027041426757444115991758
12451312067637213024627717171327056906984115956061234638573640895755518533970222936093244516171584087051471407384188980743511183548017426949020764
33049686292029866927490413775423790190614443003030295060967617277922066764025635346421419605548125444622358000620800994166701425521067035788263782
86419712424232440119557442489104464221634737583320939412322283566175993063281513210452392466061645992806778938884102245406901042795034846702218624
222621398604355840362225863565982455322608846566952002871053671801272813897919801503616053031669943429712418229882017651147687389982143128430036260
564995109334758873832642263618707696269183166324091636648890057778013718165583358257750626810996034745137585958255400601936051388020544626765104252
1412735831176239478183649206504490231976186985820046200757710625978592317831916216026280870793744313841723106411789313873400122130561559918267800632
3480408734347960801622565448190470407869465481744300561380173557731663692792207217713276208428553906631842174291519177536755349403983396015108191684
8448251258988539609323381266389048353968697951602113108045868482948619906780572171501539175650270219566432427913027521068941456255261757990198463054
20206201719145899525174238158849487988301790157438461758727805880495961591508380065603487964207265840908390259393510565682160141947621046193398002884
47620899794633330830352360887520706875840117405564973171053544602244896210389361435625142064456832824497240552637204167279335360421982169118649798010
110590819963168291459494915393805027353642943296033532502539356864529254685555606812883656807266189099642644750262215830607325507417858910984699202456
253082671401895491341855203070004057657564979521612859857276148682892420341615004191978198338191075762420187744397897029800795001673839793546156502642
570743070439108302367083566717587312859035173185057559407410072784194097149852945463534180553934616654473031687114390321706509076684168611561363554792
1268430343950813043766443237556170827616827483376300464882121736623663305482326956168268858031823292494258927332888867371935973541910639650907140955732
2778132494814058451356315927283549927277345762631377716909551192891602222868824906968216284475509372923918383627226039252785428594341744219650366086056
5996696238121843466648172381809402859605409650130990314134154830387670234990026505687315963978750907256998628078485721417646908470254058911685213041166
12757222107694178303733404164604841447247951056900642985823077189163434636815790420758518165509178414917039255715737091197403124806802178831574978763828
26748360229838290415204139809640990097024322684607983701531383692391255340023168590808975967997799598460057289333841849270073318099198372557253401633768
55277323784256851293982343116307344275503306416426598945810723990754213872045345133291247847818054074663131368072002000231424813901975619363779898332048
112594528664849561837346156283402874446367060741771470565365288792872064012078970470606727938202276925590375898944285380305582574442546704176439249652584
226057777763421645212073548510761144339289567280663340809833892442856804845782592458066655902987374123711099582564532593286956661729750847645207198097264
447367871361576114211630488987275806028948166259252067493573752505503720332206017594625333834652456083400304871067831351478318524093130583391241804029170
872698868989454533339686389720981059940404965341512131106970804079669351035542526476309613139558857441638914784556488315084167175107636666255618953561208
1678144184999655118767350998448453773514884977240206920682884760204266772780421908221857245149759282566496081624251885022508927254298225129283618072982004
3181047577245213765830582092755766288580532744042748624485874850438335883613495988877142857341783767088743352164569576188395776254537218832690282108971624
5944259143255791791915763496021549268446290292998831927742663985534761599830318765827243658865625720453435877918740015566863579965690859995391567546507450
10950210812760930603991133699904110726053722992472260879574558220255048166371559298232495613737834752551167649219402808220137826422810386040598778681425320
19886335392210648471264487234414495249129146073203736171521675500205228911163746925153320501330208586791403454429645853330443982415599337266881811181343752
35604492091975254969777955380232292596732072921168069714273234552972896244352043147427996583732195657234844954319720886872229027618340788605442333329755124
62846728736480374664850174519711903904981404078761254556311863462060089179260886980625844487463873528167089565101337118913071838288745503210988589430795502
109370040236927796003641273416592221192556680899757214572313725716486390365220046956035073208748570930503207468052411591520099591146472339513901070576599464
187655684524720480734600572174231536204074632330075836131306556014848977058424687514166382716250291493397258022931386691280873265932364773496928743373991280
317455214222294509454750279227934467211671917228183884628853661214505715987282554810770040069442301892924455099265771274333465113339929899898925806912830076
529505176746371653680015216173101219042163661325746977034820460803371341953964997201062321889201183413167831865944528241653468154379249632518003278857906734
870832188866238656902101758726582224221459610082285668832026333234951275088553078590584475496875591230915101749994493807147291944060716870453718714802486308
1412162469455683357665157896498390689084224127720505654739154362621980705706506112813982779372641912984622388518159003516670539529398072128409408643496929310
2258032034584401298728948208372408327648004952177941063965461239326453289888864417016946901295894976536005308413270306761708191177668316149821829721393398800
3560245912113534319786794840314288357416644728652446626187505615892625862615953175608319780503541787802395043053738350685974790142237160957720735455136698286
5535329673971891394744845181184464723532530107265224668878937749166485987556782987004985830853919858576139336023071073408823339910829302568032184817604574836
8486519936694387943730870039508121672111788782430509603054940924815725530285272023204047948539885082661816527103569810693122294719763421195977277997691648726
12830612855022899268127475085502727461022336200867533931987034392595724597340844447642684947734154458058605800773060943577048541618410839616917663725865904256
19129591034872024860339482330273521848528409779948103375318307279303307507332255827083986119128546789366762854890851943660514209880333182376868157780456783962
28126346189228960432004669869067663689498665132219038267374999240719688840709352440997806666637300650636985027071537194147354438440353418650291877594571487840
40782989871634280889221902995558680169812692008171698217147912955399459966209379893316020482584978709067262743563502562246907212885450284904945029454895715264
58319208145674136568132909452904040230425778701773571158801785159235826116611032554240231698892335080297068736610531482008339556221029240632676327728845222612
82246918361372258987509759665301688653595935852792246060877035061866619376072337190325662438661098414733017724051257169325957752656652448104233730006129911002
114396227685982384925326169045751154860318977393062703271870736891604733982359341508523456824395748329290061620274950013867491098945499759523563033945241340300
156926529447323511350737885706420216769944203807817401615458414847007578183175987804107688161592078751484397833404026040783538979496493568201329311874435584198
212315712853644707202330921565892322953332877321713329438228785277486991480555811987971995103299341484939072760296208208415469447869989812536281386178766309620
283320150483997282973929270293620237176950671508856467200691062549756907663531575941927708292413537516574134314101039435488579978561977880113252784007631054106
372898622947197338479644776664736916141650940483911052634267691902442257320156813051294773418271489367319286575271284183035446782048530638359325814593056952372
484094868538037421038264932159738514011937009593160570495591582130754652273749848293680977313348167774053969083234913063507112584755321331510140321135769436138
619876155520519059188862538994814118496558353874889877851292182825185386554785418729011588586530783085728168426130111200943487342899624741728793613017912160048
782929181827329373281249061178658198409148429619553805994883907535337812084295946321012627083805889214968163585487758410335073275215863825670820140667909739426
975419549425091516451304879294340067380398155642260714585155583338932980184130229975534540051849265443409314271663832450058493349135435138994129200209854302912
1198726669991474636366055322351359808667947236573322806252994569568639971665560090487861266280899407597694048533178533885972950763014210945797012389219161721818
1453171660829413897234174147296263014439452255182373452363837340258958141919858723054268682993737904226376715583965800100163647972863620516708312123888926674100
1737760843139129311898259476788640911475935759965952455201186640825975867376415309753329470203381292436223729000819182456583889059474258622412203291027457173192
2049971026786530390301965097443412917382073255022381322452450069124068789068115714641401062209297880986108191206454378239828729068492408589355215820227513242320
2385604047437594952793188666376213094354427922967390670184217166089734880008938525636018573087571368209624184809863639890037508217412185657331731916127661895690
2738736362588927399457308355754987725248814043724995662005675012818218452994116577257734944065821050190862101596420880411477481795143302903430721728851660375168
3101784557083787502690050876381584683737520729898202253565333820947585257617918287370177573679048646827685351943867014929748679662279427306966529426948505889232
3465699409017296329613970532393589965239014370198445310684998298855687220115029851122527573518416793931329461873996064634808893252271534202506165355211321569784
3820290248487128843953051270144471337237663371663044842925167358451451428390079501194770534411564705040330848295234992825723920049244029513404924516857644114954
4154668695480950071660799986352472826244873138390449514089990061383703431381986571284024491943095579453183953511378524522902267095574632535271599682016188575508
4457787860573195336820681045324709785666415397628350719231735814300091073686803728390490658828788321039901771176046764479511951940325594414402824161803909555704
4719041323093326482697378977395324941434420770836541391130461923932275937582324739259999756819768374672203032324524644779048913960869673056455159728816562289128
4928877257377287118400318946703198748881127426725798553856384057197889025307925955875914198039453920084559774266101683824073307092592546413540310064432729843136
5079378310355161948994261956952459961201698418820103879093845512147194931689496563552327944948991750814664101614597293700317482479394872163141430457180211920616
5164758131467044337429816040978340453675090540958201470640215174518025484784215672596290570516304292256822117956920608100193200184423935061778244560200409542738
5181731078310809650142105272136405373864422955206757796632994482845134373858312885590829365406126696570958848676797514443710423312900855052925506909662644894328
5129722125040360235122841454755963977093234633162631721109027655547912734755415711565095461053565908128015464432645509177876159389518521262920194380100120982680
5010898273898853340164762321747168296594422347707553810257683578979579039746100111503315254850190246902874257519464145099553213431168985035608397522039732001340
4830019176754101344813099770271761646615383730026886017490897724513476013340410318435469827107588621207586328809361477487028889841666077797533875246252033672384
4594121280292087789038415201266211553705496244516343275045776682000960492464516073904832758743178975468782726732934086868772030642935877089742221413086152784472
4312064664034264227905569335475837017504185911254934041169989952733624795395033072831848790901076973621949364082350999870552150939013603147556932382149464367928
3993983153117893111025641512990972925336368259561058722166683561506872100252520166792747155724219777255681376802763122904822412745325510537699708883719365350924
3650685060025197371908454176371609062032979778075432018840065748241488387836500709677464803155281642522942389875914085134113971317454004149103363755539895211446
3293053487420059258425232077216253601908326308685025324557673567021470637105038338373216458410448312743284366320446026398468850769981763689834356003475966174308
2931491643739311331046186206190622126101845187680259211539121814202359640073913203872133316843045101722696962246123641528872585859185371498667117425514046609318
2575450847955247057488162327478215532023987781293177930928948986752117997520899085689081573719206494146887147344519517066962519319034187032119197437090057016336
2233068069913038740536567777291623634422724929008380265504116199973952281601695916973154518130218184301438238595041812746924053473403763733064431590266764669152
1910927473296761807364687818149741570656702553319896212959030142523529783659252254123454711345212283624210458610892556285012983439993725270272616694681334637384
1613948040062613876776927619402278499917644387469323536838864836737798865569466094346225563629957448162141793185543251924207448382865668724431941314816008050428
1345388322073533825459017466084142041547011583162660680994353683051516865630562803305686304468608646677069510741878121106691769530726117699735644676718227658720
1106950714035578170697341103051896429962751787213358476531437507527614944455696231345282304175515341607941573963485446872738329904509180858552800603707346339376
898961968895932871707043313382889402122253426965876850309760505134612708858381271493424926551260070449147950049804257614705726539289508541254460652826808547544
720604133769806200367635768953020127628457703946735250701409531206931593193582945244824054133140682313957995457185916591130930822534564550278191039147003508236
570170425766665688013614760242806200570281721333652041185542050104519915566268844532608589639940910433422373273291601006684437273698578122452331658639914855528
445323248586395267072090400109844511459479225957911793746839497103546639277263662152392167529129778484697593704139523786176864682635893414414357968395423598846
343335852695480253737574471516076492827677550304992149948258747731364805463357073085836332538441398932532437363059825405296867322707427362340913448607622353788
261304294240927939844231518832666990158625180038192891166418436805377212774827019381937878011339321558008459676289843701904017434360428434632231292183509239082
196321638381206101106468743943502984692271141475280894648160024914685021061333329499513073031278346466781076721397841060815370885168541117448720561419305797284
145611205049870404157048652987216846461292004640052548178710261066298154087741632817524981710849541722703398218114121708476703599775201529957352308569800853478
106619671566402335787604713699096334913427732408232668362285694339807176545402742493219547796951114797566862695575692097984595314481978826701706338818318802968
77073816642459286572350559743690470403187935445828468427181953758954261710559600838183563756171769991581005071952112357206709366975291047268450395472662106574
55006572681570643147345577763104365642129593435452614151021069812860702931174963931628046520426621061440682632437402518066008541648199935466865931987410229332
38758938351586986267971491147627284250724242451551386820869918846445978878263459977489369080017944063574078084567807363048523946253804663622404063838860899064
26964368681539027447356456586128140193911367950989597521465380845614188007318235059871091574211475176101644497192396331706535062839409848911175203982923794280
18521725031974064367712522709469156688368107634479559770191391252761189227390171450888228999987948229189062871647736678310897080510990779676744513530526207162
12561955878667647816224719641556436770995179340812165592685991529590652749630805366872850123039501610224747320626253390562327363692295916225141175999145420348
8412591201131685592898636352669560431480687277207000032654602651125373859800284463759118885357888723645766411494894283059391372682693042100926445864970987096
5563027530481956538050292852257600301460254140927631290035702660501277731589098355482088944033455021399532603279170684953492447888540063665701413649042929156
3632569451888580255771341148129268009288226687785832711217416174020666830554106619716678205297408112548858969252039955637083260398182800476795515998915808078
2342343116154574530729707815173847295801714374786152745277718681639061825897696781980486445948205604273546076329773836187499957646417485848488251323213260524
1491535970271940177410903891093556953002416706604365988335291467972357976775705522709104889201119506643905644964824967559875905801065323443019899548755164514
937943197360807610154743468342734785271756790078471670855499341492852786310681907807874186246710361714359856620627016828266198099930438888169710473410142952
582494841099322658890793723034826557590616032400904422135125863297561256676637574240080642397140997034009060541581978096476693659942869501836958460715219060
357267670547964543097491029060528367785002029188001363978626343790499792874316093656126451473942252163419388209760060546531798182402831870619867876608525412
216418806071548861959920363965004737668747906254546721952912090176064673678117157867570168618922232510645202787954733881389289138736520225681418506572399716
129482083822197850766436144482606980943381559150146029290840437340962917199886637569139762035049077794120264624049141062441969394673196295720303662067070516
76515908717708491226780551404359522653427238583970225660481589111590094189895980092733148903178011050709098950050311146993421761874297777354381953281452226
44661711771714600567217852213645691308933371471795596702985082120063448518242694738380804706106348940555193310242808061730688632243631794800849361389658864
25749865065806170644183855807079085310147628730482029744364167208412802410045930005887968521051320110951544736687155198761434193897776190671398346714626256
14665103991606508266534288424116123312269613061860139323296512913288622069217976338782136515076147348419258415331703430659055458481406995012915074645366520
8250509816015868365642899241773939325273514482587519850227759781937556864204504861913074370437124578908460995388145946944013492880164924054240116178078740
4585397128651999282604643049372772394094733262239376898681178126879501116792906195001753382515211128827764324623484290030247986139277594542933758029513416
2517612983629453729900847666517514937164483073593057904581246442184483762186304760236495080336434018765368669053330002175951921763783888990300019174884848
1365627899771858163085585037805374390405920141997704649990801787759935480817605273454448804005354115773726578226427533303271200605005593276261638605661360
731851518932158287822992930314033009566601013756387089299567688624747166692512182556318767123914035034129172779220894572164206859953370875516289029223958
387504540630013419005961197268132179436530503846040642160078320133719319448849975806305449868735631917013061096831961869277819218344638893917916562677412
202726308243853591252159692549782162295080568805336118686713666361956897943413933205271760290351468144029576942303076488667631775974639872708010444686936
104794732848897105563224436044445501299665338633544819764804723078257977472756012741886008685024648511252735625775417672130805194496293545550771099114848
53528072635999476913650503589953166093222938520760658183935915766650639963472230200647920810503263636175929491124488394845063740245036150870015506981192
27018025189778646907569924443515092563711186964265191287993800481937246569516317450769484017398143420588014522278312618887872747377712778223217383301504
13476364162778494253401351282957898979209104169904721525579385271902446531093058750287487682439772007923576411624157295023767611673608473190733722765208
6642882495136106311916731981029524634622123302089944179447503265085061321165524653003386452655175006406424358160482878040271776260969955654783574803180
3236107349727759114872200850963960226455016084012579486551787471543901006880663611302842610378528596303513275498808104250305987220200553076392446248938
1558080436134922660000310152210058840885953181505820328995330693383426762860423747972247604020477694658722041386127966786377261397341621378293781001184
741439624007466734308454432913102205963278793570161208453859262577105073200511279373290650437622714015271675671471632476972936983460655656700114384976
348738023697988632746808849130649340831243814769103858401025064612065891241474458900087684363389276983127625812669495412901460107253139437359164616416
162135945950526831752380877172977347613461837049553870777261321080186060730458505273688242771767304400840144957209458697704244494101644352180484907460
74513505717615334245900640140029809700762424578931008272000280642107381587878029574993272755230395518387144467533865189564728609715659273141029742312
33852116274090726554050985784256775640443942385743413975060631028809594405406147516372441170083215344035396071824691401000346556448921678167080712582
15203778515401432770268607392396568903677858004717368818742389976880079261784297253413533000146094863204238176700357557483904446809911332310906716888
6750752002817857433664519241382781692200311043823668448839973823156763680353725494135969564197037035972221832469555247056938525839826308755478894378
2963520900182284943769803072554033424588686662591737610990339832506074219258783643007021669423283998254829402195165067144226635844217818504276297420
1286292254602951215736348575321771858985622944163325725703944452010133895837658252618285852593000563782154342250307074840977331442456587348939071656
552036789907953864934811539501527996703038760757692825995638865169878449842950804833878682165212610753511572987961657924740206074978517467496538540
234268703446869301755196037512605058316549057553754905307057792076692349294721016072957533177111978290643818235722066850312620082153179312069941898
98310494463518725745144885827069461835730926453183709034377534991025951275382452236116502039806811524799811413346660731517075273938179440015042344
40798726140633429975438069031431312731226320641091649361524941382582140899138669305623827717543797271990964890732251703954146625235300113427680790
16744666354141175220024407630532869349972476420901105404900055389100565808521994879568249573317276065843064579719639213390750368716843515642628124
6796916210174838783950156217265110744342394472685380481694203425143047844927419479545323625024112671765757316402154753702970527291027140981568260
2728823848792014719316034291612287652057823399781566691403634054566724287355980284393135499353793724722310183502898598502381463346559921209275612
1083652898697466436633730082927392840249665462458440221564798997282629702509915687420144174686495958335123423011940112436084011628386047334796340
425676071833679640738198100674305844445757450498194912828396779364285733769582764330919967701741033629564452041866028459547151073343332932453360
165411674549251838643544759803558264764538550527670991648749779380616243207031428944782783601281479224837132933915578391606987066589382377568780
63587944326992706616662025819908974125175512752707126496102328538451804528537556107842143883357156382836170117362351699129213405052006670632252
24184061728849739343896128301214378621459147702276866385940730151836684780753247461169511611649648363146045598681710769465314277621455974196240
9100263087004709785178592462491938808229294480135629280136548077988293154247570261481672146494194680817425803770422409013971780203830200111692
3388235680960617685872407628504592439073966992194050780107781582396776417399440260650645963540059212384011286931067068113685537056635456249888
1248283518821279383953342937943918219373956572535752739132238439417496533851348060110436606785260954034216556069947297212678739655350141437116
455090862163985980782197908471391498386888026172730524081640967246467120141309018878987844486190438080595188394242599609953155879124017037480
164192694109676062861751161201967784815055116132189415320312108683537014916071214579170184997086750639933733816166276833500484899791264566208
58628157231132561711095340894639856057396462092442915904958440361795621435254719553893273790924378909115748753653129905536537159586501087236
20719606812544106554164394964063101895837850974228632583549475616900563323897507051645679832399158174308670416690263879153185541025839527204
7247797578364800964458378231239884485048177029320036520320396457733372704973716130195127514810741775122105010492391228063307599637114760052
2509612023627574722636742338161986218436946216870523619016362011455575852099853781036130386171829366610087303208551247813333555169518805048
860221076298007653516353035376260948613826624089727652343221603248595746163995036939436077862702792403496183692023162923335385045037866214
291906507542782446702700852436567870227947431125431201123832023650726283400075014262315180101426746836297714314869667241184949142797399400
98069776432787418522695200791579546384768573390870025661209720313056876111519743297785086602713150792498787594660784361288395874793577194
32622111253918772476301023023035837992686951599623401341192134094563376036245709141770246813437557982392429668007501428313083088092628432
10744901135715630161399256249206113369790047058659911033022534097284141844491104905252475532607589807219979445901444521779705926141457978
3504568182782780234815374483782483887055923965555295592218375454581486791329906456926056334273355896864100521343892763348116670614953560
1131974952763003554514445905050875690169699734758414723935715090464299615034902495788586863328112101742333297985117202062277545390261102
362107934441614866442284504876908390515629308607902095973952596788253463609768458007348832801617878657854279513215351355561242316149748
114727387670558982860092167975440037890692817247716035567879270462819223332751249421366537729133762240919514624987410614426346528603656
36004197055951802118401569631486065725566397102965922197459914349460588311681284121001117353647256777782097174229530073524352444002280
11192456801485476609472063027310497294303099552570606940935619437278343228507454308506402574641799079621175944935699987261792129308354
3446779336971993340405404306209668337587587150088982193863346430996289355373578176274499556395761420433644767360709045345214472711644
1051591183414885583149118458917399939459769685144043517079246271167560469267086271355879885194733405224504357514568261242003666953200
317874419711635490929004494412809377420091172871520021411845676276054520645939800187810448679662262340950228454627309416420967722232
95207096944218895860287326859819017569491193365555866555228967727509039516789126914188167301271457092389488115934316861372354723540
28256487565288884185618415956608830229434196933887744420444558855549241172498207092906265922220979558861362534503766452756267324464
8310597129436500117815786510596873858856029408181576642291183999433133450775315081197302650535761512830382851603792080180444284688
2422376408782299589074779429885137270132201815023472020786805973242722509420522823023167923676931702951851741628768607876952722968
699804192088707246577676880935990336539073515646441041632502400617369506656083713998825077280578229045631351517764893414740468296
200385884049212632867753694757327446222694798255876803530904330983693142780923115611666445262834029053333002614492277875899552880
56877893369692992009952734551950009084205990693887771385745367562518139638605450387072690422163083718857758257735843200870189548
16004264179033028122606078159819041395549638820635803833253363397946226739444877299722350210513151429899054586170192677615560424
4464508628966080375091777956962561754904567275009510885755915514082174433875382821409686704252611648302392059717574588443297678
1234772967968945168135972289439840385463183767057097611436666679640338239276572043141872202075222991515413756543741426465666876
338614517841489829084665839408263455373423110559807817939839142023088597197783150422005726654645881980434491412762725977332680
92078512302388912687104801350624594133777939132517812986132693883091541233895617493430388629586029620635392941853850798663664
24829854488088117368256967683932139200248877638883402799026326835935066091643635646537823898661353984454462069905318005251916
6640208368973153996577084175184900216481917040115639692210718521452641256197390807182417983863852940918503346119458519531608
1761200902436681471141481848819123808081047463101506140836519057421978752588303717698909890116966979911040346762521789750034
463322281996835772283109591832077023266811016872672943696641230796816126862678446060470524471687514266401094558867795509800
120901405401134146168656203762934680587650918027394631469209399577399771426977197265430738959495911902046578044008346313230
31295321057624895239034775069149150350971203162411192093156746839321708241279092966689984617548417319115522548084148490860
8036233310315722524137405317117317671592538898104128945195625923973888020334066456301588610112269512049962752869803003584
2047269028845020674457526199726113216489409015846533265951907804203871308114526743159009515456571192820219963906185485436
517451495558520152711480467226248611051036924333282043506540857522259112388418264326968270839035555809188872765563336534
129765307395848965442082888125086653988259892704819196977163610604208945312510138688170500826101801574374331655342952272
32289572083850355428964845097020621682857286134096487057074270685498223580017282665967364271517038791586561774397893250
7972595410518120382111009418965036889302883259904234094741837336198118382487030696085683278561895096131196418213151112
1953386865183655109079984476081638359089648018423029947464672662645501841900156512271976028842568253917734893734652198
474945142857577697224438837462302877778065864730304017278764779846429184648741268059967974545450346971810995275977556
114598482510696089004411343617457697226796778074190048573128387623470339131064293610795661060524255485879919184236474
27441380786489968926881517521286668786195589967110626216608819624631963816102838981730834958558130555427530820709096
6521295581649061991206280398109249850855426638139855880507105894560998403390274802172673878618102569728584612111208
1538046053112029747931118209155377100159781015583216867069638982830913076213769515983090946135494297784849404262496
360011525114078860338369831844858803217224874280598802405158030289892598711519734387906621539477609405840055598892
83632752211867972808128369744538027846787158711141899689120540701628936168514933239634817793012565296294000341432
19281804952034277611104450090539999594280890886416248097926803690979001951741220871874654281656540436917950560612
4411899684806344451056910567511981486087051557155701598909385484396092055459747696682964148593024357493393137380
1001849243654975726809833000732613935316125577039275260466530634230887253661903890340454543691694860779884344588
225770286490483850857661100473393259207106985510677001992790824770256840775414633495772644684642162106582065944
50489879316904472388810901375014423574386895091957474070375415231002437757512302088278751266855234899272855104
11204617407256726918078251040027359981606301950657802710958994534027159134489716196109688740677290745218590484
2467308026347635337967683151471275866050408627227729619006055573555668165585213410501135175830661161482057780
539086286212848201157089480098281536595388566733925000417584096139271864404689984553145351549071648720583260
116861949286690502838242632181905880533512413313866947411288545480248797249332437556590586213297656300819378
25132499639671849828452389073364153296024722505032172381875486685633226329692810649567290521858356547134120
5361794954753949310414049284208003277751313333927451412847878827217659180050024594266146287786675191881342
1134638239408400241153172697613085038566051015160463012711861445405802685828130618522603097116154944664648
238141249407044060272916031637008642652348062427602622718554430982117604889360988998767843900623438590456
49567358480650339268305526015686247958751212912972832412436940615025143644452894788667540853983217288940
10230374369661407285257919607294276532269685478065853814786564150147336000012272576117736559373928602876
2093482730384376174160379827510085310251356195189066877762945169168782442323324685675027527699369280608
424691715930884821630757211867019244030527446606730106502010157824576556643555848638515495397362014196
85397716231971030344149823450795328076237979460613957512262060867617457901241514844146988783500502360
17018664484985374127440898916860580900121058109102205628204437892560597584731389889517717454024565876
3360836986691907084020858968458370376747457837824717936531143193115200667864613964608463353147694716
657575457807586689876220901255456511334686913705708991580995879941106089796333534073255629757086272
127453241726574490849354392556409489880858200831362230197073763210857673742761105332551543514227416
24467631689906485457008891802446367881069184146582843563032064798859561306303631195785131005206734
4651522313056126384538119329817313518883563345305145133373731793427408878845279017588669951152048
875557390352684503255914500687278909814697045726553981855607566935717010417720368018335849102404
163148315931466879914312962516139900276967558965779872893660257836445454159697575635440496623596
30089097543716294443301884136016460116220599175442183913479293718423307100830565949717325978684
5491392513697321117758157830477035368720286707903228833249065120618895664970888060351244542248
991559606890386513267201796995411863168402357370348792719558428002985641945886132768303149718
177105705897724594385181167065815955939987266698190322645099603071651509337899780525680914180
31285000995523328898811537750430342221102947995994661659394404358444305445061762237744002544
5464372881518076240520725044771035712044300764179841454629585234821814851287967946141393476
943525804857246290322474154958410731125049340276310796702888606830482798236138304149942202
161021329127438865548208839754125086977611681833716393380884427829391579245221323920601696
27154020336214118901624144737099424383272248322129404099319202022466221627409551348365852
4523857716211141181616160103190018833191398484105727155555995625597249536537415076250140
744404048514923796167855705067286117972167996714749173218734327058012417374357074500556
120957368412868465314011922143915926766833304388512422339149565668555726869061353524532
19403335361405808592981990599399171847466663647172284402646748816178737763950073154584
3072099546887541102400970984229090579428284251482764845718831334220443805864744639352
479955559294154020046230495192839751757183801040606147980269915554637538524396635286
73971284806428869844324110052241435764967056420813781240813411860540036958397526472
11243684576010936672725681019247713804258594107157006784651509093385707617348284844
1685084786711228086000211313210251355012655896875917654918957383992097509419320476
248933813302934458031846889756210508188549763757715874734491211700268260306580060
36238773768329850974579033433901461314991652422991729174376678515317013117241920
5197157396105307891235567442990074201365593328354818392299027178098404703907848
734062492222385361302326258186353744663321029867344701546072594925379267520892
102080676067745059422670990077074246437597777539314323028266399679310458752006
13972119362243936409428301864712043979114422960140372355085298762373731988868
1881699845207665997461769720146816076019451921040858529207319360451589927060
249266976195061968863735732867429810784784754117864831915738789171491158596
32468201430063850584301508153149878683800405296679396447963045985567675384
4156990799739621553636418963326427616373365779589237553990366973422593820
522962736269706938994667705683198335508641241165223836553998525402671184
64620714862998954205455113617864904380652037469271150333407784704705264
7839985866141130223712381225630058323308189775185115154638412865042642
933531263234099635972439853502423232599750663858694369504428086085248
109052123296100205360471961355898907813723876531587698578616186430430
12492413626385276716362343283867884230410147209809755238203081406464
1402730232585057656629482107405171790550647254318799256936695549492
154318864733329101283559567422120031598430303317101183063200332116
16625505665594863919275855572941388163926998954523023400906891048
1753184205668482316384098341152648437107163875469460186637102760
180864922174384175101755583904298612772509452450578165912732140
18244137776903405081353723424053753347923166938240694049049868
1798427025398052703017864205125447383274993877988482815609932
173145235886542816942088783308666495162866004582847054415044
16270954125532047521781495263667645925224820855639797834152
1491504721211191301238648361567779769068461438464552645576
133277469728980145038343013582765716243928444488246959070
11601299716698801861900420808233815276047272737157734944
983006712106260789742609518885780228364122363468212460
81016214335320097547001578072302688279746720638926064
6489345692034548279731721241287973853871579099811284
504744823800732903723018786186406935685360837345608
38088355336134139915373830356287582069244665850258
2785776435572534769049218535660533369704814204100
197284530958278266302250701797052436183579301866
13513374534967776624479344613531216701539737784
894250682393372354093793684702672525035751956
57101338709262499558416676388118237458995024
3513615070335150205352870578023087427220326
208051339030158794260622908429023625592764
11836850283816914674420363517426905856206
646010433500211471964097712042361573284
33760583755961242019269711644817096404
1686202260572997311190943464807853280
80320158529319762733913466914981402
3640431649879655296737094372609196
156600017178204886319247849051214
6375598677984012394605037402484
244896355983726375569944584136
8844128008864710491097125556
299105144064117851059902850
9430595200842728830484576
275780787944339425096664
7435429299585986915976
183537046381125052784
4113372271331484072
82860821285720280
1481725013472304
23152563228038
309652249496
3446229418
30638380
203984
904
2
