1
441
96180
13830898
1475233800
124485188701
8656099130314
510130577706724
26008912447737323
1165349662907816366
46456930536316159206
1664338064018236469580
54026283872192965444636
1600070340476481856728322
43490280108945577995042352
1090327809741536690268508934
25324403080661776640348994074
547027564598054763425528266063
11026637833575667073680518306340
208043399349641265347838783330564
3683976022174000650914043124385490
61374647736315340821314555971726496
964110051984168593507494112307696270
14308621152725976250278956661990371522
200999099370727380539576403080418640032
2676947916538320855595366259591112975209
33853237209299462685162632935268362627734
407087077300641881962884017856927727466788
4660867043632024290146356613453921503746134
50870017388835835693048555738807827976605562
529856918868635821159072666926597294053262612
5272403715682411049193637686330487220154887156
50168720846668135718379883851250387847993209270
456903812788095053917634348692377911836065255237
3986130755852185929462336284409223827514777743400
33339393259081609410237529458043744402860426301780
267526219785390469716499630354348591404832138018879
2061014822509811790029697616499708779453326164551840
15254135687122192356265729199880100496632904278270538
108531269609959442468212393480830626603771391303759602
742739811136231052047596073572584538540883074922466175
4891844497024102809163583955399809756708482273724057955
31023381737312079668452428083934717716004441303401362882
189539791949048091278436064270297500177586532039763019254
1116115850587977159885310903235068041548587970493174319245
6337354608662386977458400369505787613706450448743414965631
34711944637228448941406562484649176564639046596071215544834
183482722049952349952062214744635299296212160449296377795212
936313159993232602196130518872523762576030437289679977524162
4614377397453573764223356710556672535120143032994723012085242
21969481795118520543419834603318437006262102745609062726378258
101084079262870693098210085440633617253042470505585080465643660
449610809713817891584938345732072668998625889952138972035007198
1933794056086867186829142139491152433569949088661674364471643840
8044993019096314587253061449294099103200555331585413754080341576
32381722357970368868888626803616692855685569315060802275817111936
126137603023066832672658360912960328725064421424512215952713732898
475626530685862367184526035173515733247111532543009104392603822460
1736465691673424317082092356923455321460512116104749969424159273006
6139630889702226404470927859368511231919191511704844299687991176194
21027482298939585457073052415106468068833161384497229797797768951237
69773461511435070439645539366061851463164885548372530552426494513737
224355365059345409631840348854256785048621243167856186995366817384912
699209727406946347897347830717998206511524049086372439817908158779328
2112425870551590367241474626523411701745063727300950696953057617699012
6187760205515748479177070150004777515396974894876902141816357295608770
17576619741428868086498837555909276807887948729628375817682821818817196
48423493950441306274938713382842810211324474051355901733967946078717080
129408265801505592082044797226001316995514914558707371788229471966293664
335518661987978189612330587729141440550432130246131756151426481757137175
844075478775329006280608040948105905528316351739014927867006869230357412
2060699455315050777292771162845879421022930920027472056208187834649306260
4882850384468806768085904342816227247899034292923478132352763105922767047
11230836173959406495977799404384445348614440991174661877442704059579556664
25077441647562600974748144951203238595606413096160893451008199937487031304
54367267526711617718319815254438623286682341773291135834643716426207662276
114452120368696418404627560625718850145576353496383349980751333427832539854
233985797472454210145406553420273083332731419838275611567679416436869903171
464601027795348439981307096891669760693795750190924959160890311429105856300
896066168257520010556748581533443615562489760949454598350443216446016559988
1678850779312030806620747113153265725777481497826915227648704525605793420602
3055890484113821915722896357364560382161418288501473226540187085580093179449
5404524897376747186519749416580860048656609985367369967664491268791443315074
9287750977180041682206214979944996846555015604002734718807440264540474163970
15510833452577316382151411473213377455592093042525288431547255341686376356021
25174943940033037529496850367942191219218672474393708704741350818411498588052
39714316747726059808107748498257825315516708170649834920513338291802967584812
60898484757864770113536617157722629386768764170231410997751639401735067949366
90778200130373726552176009470847635121577742395106825090454451473820250030806
131554761018748459371429066177907364943560431557791798634470840524499093342637
185359628558235469591849064571654288281548823865654427743408387906168948386478
253945465174376728935600543876070555729377559486311554651926469656904542002262
338310302309999662053639644391678218352658868086730543948818386181243038707824
438300322762477187271111768277298913526945087386117078687244503906081524271032
552258265997609845501997103310580412363556585747829592227471334555751102239274
676796902416053503221017656249736831136521067988301660502666035429446142725094
806773975625428017228234690727358106393712592918012385966448177953481295479124
935522781056636466258132920055031073762881582148018159255905265095272977761606
1055352123284377923735265806978089493279015116377306523270098412951973515311920
1158277318341428226840914469726438320486045146685326196719415716177963490088754
1236891425781052066516007857189951660705834755316260693133764302171898411320005
1285246314413402139335529511158594761492970363605686430052024148557740827382278
1299598072691520783374624581639461620073631768926959342839585419370155573207130
1278886803814778490247768522442702510187282580686882644934925153603799020734150
1224865323103049721065418721487773650522089904794341496446840158664635044488186
1141855196160837921773626577017935289263387835328219992964998215669181175929881
1036177048985800837066112059125664976143356704849092875576056668171912559211984
915359109330584210101398682058541442449001669882823027913200339510847243303858
787260848075504758203110772808860296071769295297200026702916072387837505583019
659251488807710499931977637565188353149759590103536627491239347761991990791186
537558079589082155507811585251749748977442143903495068778030207195573402606224
426853463297828569589741705920648466985171322476588509687195469486501961186042
330103103773875251646730945663232043971293429580991955129466074709318801565743
248643440166763797001476320125682461476479240987759548209623095038671668648040
182432102374515836888425432636159213985400074530245569742959909932876027447218
130395842870940630319168698676863312079473689835032402493033584724896114217874
90804421309677454153006247364474208482910852101700933042090390008614902820908
61613345276972761692654565589186990370516632111088175144348085400688335368463
40739173227293561708628275467070735835633101155331104347479293998825267365458
26252200336460709123381218965821292436908112962385368926487897379459192895742
16488576575434758488115332502218211125501642059051449405215976444844281205328
10095177302157457694915277754792083159999212183117503256470359336181352081754
6025720625664050835367809512458275379751359292452800553152824033509040089820
3506879391854930979807706774191497449029722369496509347482804069290094466142
1990231867066697717420195815916959729186538954697021404215877854744907277792
1101573476605981082502347313736900900929366873415052040291093059402002259591
594713693580754764184193225595670051005087383068187481140555354779323945150
313217947852581212776298165785850186119280382098413641953816681619664817562
160950014940519994609961927973258523688959718299180095354994834939850160127
80705747413542995428772879697276361696545037741040158165108143909038799538
39495928419616524142883544074711952371696076470341056944000937221364518298
18866962724415937861950841654723565105949061975106819686333438510304729940
8798788848764868703155608015814416007980862543092520564334767700821736149
4006697658176223426025184250739432200288172493544699317253307371332719453
1781831680667854654205594359616995440570505914757215353512511679731708894
773996528896193422902738708867191631379950202481373636249287552370201360
328459295773950325930502264513711208527483450432590898840184308918666236
136199173100905817307397513557870597072870910393367251369922416968990336
55195047476406324627011609475425876591925355184881863950734395800788260
21864675532221272110502991703366988910812855835843909182115619819174912
8468178506265282071668814993982001791212508484306021816129701560355980
3207228910379813159629849795737347639958253728587220049656196667077037
1188102784857805418287410426031472717829809984260094698857288422008938
430581564553353454095935448640195690952787060810350186450930299081052
152696674553818304933401004896872220387175122815112101803123864104071
52999757932071491312866290691670030447700430135918782424777136481102
18008924772899431594944573180616555958069137360444772669917956356670
5992011425831087037595568942041804785846869483131852660741347600174
1952682488112156382029489816856264968499077783810399046780648256767
623404177685962637609744884735239853187087048095212472192982824245
195026393523115720522654606111682280256715078367113552365776999894
59801302216413135198801177126703977006597355068168348474967896552
17977557062016166918912225770907141218333416621318474337843667269
5299851792760416458303076212232353754328402047269576660111157698
1532571552299665548624375688427841486219038160843033791120312800
434823651705394473891568194657924281156240935374795645747695914
121074394566434452521330494635317946533270352311471863524879975
33093988242088818554379255618520382326910172058434439948571443
8882054203447831640049108584118795266903501262054718711806304
2341279973574440437250679519980993226989754797053476653851214
606281694866487528772097070935378690519692781362147481779860
154269038785489175337427187955052805319383971036209905701529
38580131676978592667382053086383531776554578689778773373942
9484637392360222685943538790730946866998860580626334523242
2292629864310095099884234507705015956139995262238987937247
544977297816740311014740507856525908380592806573786522236
127414356506042884157475765352707987368616981443462088452
29302540148267075859920610430792666393617249714576887432
6629423563599937621649624525424170271908027402887605174
1475535237708479677724441628333857419728814898148337107
323092925098971923754309037095183903919588930359183292
69596769473396937544017858386703633279142563156325998
14746582245789980675553962689120566734895082697392342
3073030059335340580016019429854022885718454461245874
629683257696808071286904017170493929044388939778520
126834543335529191611339724692401288447649704262260
25105336315747783456484248261034354674872302710664
4881276352995733934400938800199690929379543867384
931833590129599735498420635879859109645473360164
174563421432430945512912990268539547396936647108
32071901128426078763295829541218229851023809110
5775301982805751371368599362590290131060417606
1018594876570954598124501070893210530265858766
175824983156372851701597737045118955314748336
29680113197656212756997805862566549877337775
4895404526399128791808161499645635924690674
788244199702446114804584695872801907170654
123786162640239576799478695711626875003114
18940476037624795313546954122182465107334
2820740044455024966171224309336682697477
408423584941320251781775238643284807218
57428953061858996387311751697341862318
7832357356169758405440515104393310306
1034747888951694966969324849347190444
132239945515801341134849870806806948
16324707221332259979634166162138228
1943614018416916498880952228676003
222811440329705955019773451107684
24550291588231515558661482853428
2595000947769476515828235950106
262593060240036251763947655032
25381701685434643882352951951
2337703470172064988998880010
204610413249313276865115556
16969016745941301428120505
1329106190854965307662547
97961972050426955814132
6766698069016634309126
436023307655383742522
26071246906123256132
1437749003089310422
72606399993789786
3329365501187192
137216650414549
5019324592556
160386369228
4384793474
99698178
1809610
24578
222
1
