1
324
51714
5420992
419816676
25617069208
1282821452132
54219244028296
1974215715426992
62903854631232636
1775596290786666966
44844346211868003892
1021689117034599668526
21142215052854511472444
399692944261414387491606
6937676449191597529756080
111043494806607877235978585
1645161723771437648934775604
22636566614411901986006002896
290125481315006925375040172696
3472828189299344741378082755470
38916488122892086598644734027036
409134608985503344640261545613344
4043173240526241183885259153324284
37624140262866689648468841923018172
330214451938438364067873278773371360
2737464527632118189015767002374095382
21463906795121341825230993308690389444
159373020107491278756202214129121866050
1121921375856160602189942743563958098436
7495656493449365716421531358742638751564
47575189457715159743320368109487424349952
287123084613521731207153011466027764427640
1649064298779663795127694019189255801011360
9020459497528625378961845853031859138079654
47028138603352806152799858429295216025544892
233840744975062665286565282503710451088052168
1109664194765203169466387809648339124007216828
5028399427398432973603028584749933268724800030
21770886117197909597766255867967132980624658796
90106624230187038572676124797576373995152913194
356684059497405016315243207475735635067149047220
1351002502286853531595639430069823298528630455342
4898477871443699209123480367881357727899987603904
17008836622472789132278236976547923691626177977072
56579889326175295984146391251919299945643064095080
180376330118515641612946109007132827897889326182040
551282201658297263794785356183628944235004154568480
1615786795863590615025609746335002039339320796446732
4542979196615979270245495732821939170646203540276664
12256537688510649703394156436677718096804321648507702
31738199335962526004069942402453709035311125056387088
78903272202934211573794255926413320246703116214253000
188369697393837437136253741076851500156978915331000328
431946568741779113843980291588457082522866449684891114
951582967978110162792002415388315090467626672523140708
2014424511681618773117427337359265427631771337838153348
4098536732363889268571706965661460864294617779648643268
8016079512240606331284575017982662027301546258894691592
15074009396627419165173195973617687522597818860685234212
27258630843344427544941047116984176284230936069145597144
47408876862059217134324168185107661297492821833019957224
79316729575953522301321313309315840711479431974909819016
127669184977949938183861412492488490892442929900538933712
197737009441990821923249771640279239763923805229588527968
294735803888912301340478176643691439371654540271342681448
422845433146694228363399195408723679542607752438499510340
583973968138049281163918967620674755356691806561068612716
776473204618509509153084839346259105491290327285571693962
994117331037794379847373407255542766155575085221915162500
1225697436464461845761701196098493490387897744828079938788
1455523097889971563776761357135908038526648038159837265900
1664947447854841325332990208038638152790533500389182169504
1834775288644877570205899049532106206043559069700597752552
1948146474912323069639661985710295900050260735307642681620
1993299252323268604735851041217256337321502670744565165048
1965585524143456678897487471195822611917402394886065688700
1868259057116404201940153979096971001427744512260595249292
1711851698646152745262470373866840384395292418651329075260
1512301860369234544934271100027700297238324327413197946840
1288294088526272776205642282465709469825603629276163295315
1058420569531865348288960309819150803973214345287722978356
838750337547611513241512065535319360981463033095011402644
641216799573754094519301201545327690692320595182767802280
472981039729842493426254886347081252926145064320664962026
336682615246146510027905040843987465745730064011660316240
231318311578702634181755032960738386142380869976940291042
153422454664975436051951328158146654864811901712228897532
98251199969919792649487903801909333558186233576928210708
60763203627729732973671068263183590774503865923928660744
36298174040049827206659421430976290417189913982258071590
20948911844639709598268901707314192729450937691930412784
11683312428201500528609946584977829087601160219681585658
6297929189708161910552923640685036506994903169248223288
3282166376412691979484769094802387371787236700837152058
1654103648641367313281678126135775312883010210412324976
806337889370947826679725411605977991727049845866174982
380313120861626504459667688837748262344281044681005568
173603301739517019876456066754302006910944885650496294
76717521483498480220733940108620881704962975168044848
32830956484436685086487480840513554737431395378073830
13610133824830025281103009387256196840513105630036632
5467309444420058897010508921672878112500046439833470
2128946716093573785842819564582787230173973590732432
803874329704756860588841555330825407973892124711674
294442745127020992840393131067929782232850988421832
104656097512367048789550248978537165335933321743562
36111468923340100806636322885968010845466476166496
12100760511110429885811897975858682251209660027566
3939495651293327573786958555298385338469813316076
1246538552324408073194691169380608640086828428438
383519243057818495420798295576689493137389356520
114779949559732215856512591285797694747697494324
33429077564221917826771655566728658797568665700
9478602203103173252407383130668941816793574146
2617619634584796679716920587145173795731615036
704351073136034091448612304637602703787573466
184742045876860861976352614238731067087009404
47250137430784123317018485259193989709746906
11788504142411559992990665808187978132027568
2869972769505728387700302642409498210201536
682007955804871849578806660713685278500864
158235023350597119704131805856321708032840
35850997756888419449555393179045833516340
7933029253296352848251080764817445337772
1714485882492485634648313236722895005504
361877878943715346683541305069653693808
74585129295643480472745024978668397464
15006540722649638551757886424280178418
2946222916670475950584667008035490916
564110893371770342893229183631318886
105261701525163099187665326036237636
19125413275996361502396930103221086
3380237776892829902859066497796932
580464166282144876226411418082708
96722245151245716588633578167992
15615919222053185918906432634468
2438953843292467185535298892964
367854644066602868826969804866
53476541933246075245701398160
7477833434065186173340901270
1003582703602663439679305044
128960459698781035349587810
15825565980152340164439412
1849414169402048632743378
205181509602598833095320
21537342589645362489546
2130862087035578787808
197876543647241701666
17164921780809848872
1383389680184771188
102942263925329444
7021535598865592
435236342520044
24264875427932
1201341041648
51978241558
1924690424
59281954
1457644
26816
328
2
