1
144
10032
450580
14669709
369074128
7470004954
125030824732
1765597908290
21355746900992
223875748457940
2053314205564380
16602826428818482
119104390678166260
762045922169727376
4367889881387460324
22513310301238990824
104685680013029370708
440374822460888365410
1679917972622193857208
5823565771348698671919
18378617979600274084444
52886799441384307005120
138961432886420099538152
333797006926164874774960
733799548341861901694796
1477716854181878392854762
2728287092535928693619436
4621700762499501433144510
7188239563341725328901320
10271232926447363176331216
13491253816426734741796768
16298499304020922546502923
18119037371929513221443376
18545448808787132325147926
17485489911517766112232168
15194486220616358147124550
12175942102919957619409984
9002935168021182597694818
6146223699023058123028444
3876849204828432076800054
2261153084712429136237536
1220480021657095201417352
610223525687724541751144
282914086957933498705732
121764684003038107342992
48711099009521188665302
18136653553769386844316
6294098153143610969810
2039005506024863751872
617593692424638633086
175185008301896467628
46613816454352119119
11653389207650300416
2741299635645941794
607545291191301604
126972188580907554
25031429816490688
4652493824747804
813939599700472
133617165160276
20483678610716
2912717433300
380783471764
45255478024
4821860940
452625120
36606668
2475988
134248
5462
148
2
