1
625
193800
39750854
6067321574
735056106571
73626124977310
6271220302464528
463683713153681444
30231996641689697293
1759819431034286317638
92379684710287256554446
4409425339593029444946642
192706781213339145602025879
7756838230648120623360822726
289036328429929425098404768738
10014293177766905925861617168305
323872284552575752934177709081241
9810786780568898219226190905418162
279214837588403188935109907007873528
7486312390624337734228123079244234416
189567868900276613156726199662078909770
4543600488044872233621415133838391577530
103289871447454195512294907005338774732570
2231231098513580644855291606489581720052574
45877575198814744116481073110019036221246836
899303003964437749331236658308696922727282966
16830203502333692766628368713267125964795075668
301114485790299836595076603837582572969677949806
5156704127203515999452087864738041698183293010736
84627741017999967754224127112677631894180942260996
1332358194283339284811042140565453028533297888375470
20143456509489129971884760577675062594246573018831978
292725730268088065886725312858826800719922146008407126
4092469742839889356928149506074200366596005709285087492
55089435703675395031464488501578785723005203467479264676
714576625232288427806720563096714025695149311976208478129
8938132930572866648507779112007107593949384355946584283800
107885802317349092974130582699763347022522555584701082478578
1257438331587079391658295983048258947057223559132712878650262
14160681714516919833538120611658888153858873754289426162978380
154174553855613616830622152812506322230956971940584603848043639
1623735148909434168708276319833086981874822767970981567639980970
16550926675021777498005159153831320445874533594356697292199376976
163362881717527527878322109082068891789126093461481695178243932504
1562129831052547171127802176650351328067484080207838510334177198659
14478126163364787191038436580429766861387823702701225849173383226992
130115381220224097836218128082511811954150805460541382610934305864252
1134349421549190742835372309052914271467564667577452516610968726520928
9597093913437146348580963946982921083981448959793580688698919762729426
78826529061146045960473574550726454031938463628099767935807748414735564
628785806911279421448170901231390919485061174620175308273490645614902798
4872836577650971659185829830637886133487346353721973353530999064733450365
36699021700616669437350018751952786624274628175511406204751677564891117753
268694858549190351459635700772277198604167334761959481203229855682488849956
1913063824305580610592835003623513839845758626146575851879972687316592508320
13249284079663681158858057759489906537419538114926153540297672210917213960340
89283401257133976201627227753930649723922065814977473393223488040157343573239
585574394913089415856191444295384776757557805665356618867112174585019907926974
3738863031197172435891360129357585274427690913032798325263253036597905149727764
23246195740233051648458737014076040648807423170333314763948615817018233156109610
140774397138269363750808172423774263270629827019069569930733299098201089138425320
830530470957255484630597339447889855528752913660362459274258629632761857977417168
4774682373350827853123816169310331902242465855782821483518453279627243876660959830
26753694767165510826321348679228153685435524331933995933760345815430707396064460904
146138067812116071615551083158977465378422499574630864620546737375129871048050131370
778341108342087148329139888146504802500787604380049517106766949337734323405724661330
4042846006474096643682798244896584181437187617070181550378226055245649437313240059188
20483101036176038935624059034283533478215295319315383458000759451658589798960690138557
101244939063661818282003544560030546093087330567429985619545096866405229449158100957344
488309506344853707599972694551576500186850048420517748882786253586826310437274066696114
2298443457858072363182952132706979973738998099558181367471306875989458937438317558031544
10559888634104693735049843633567966650990542863599889769664418559493976403882481158862817
47363025038215156608859450576355590938692665339626817804041814472577652946985658891614428
207414710220711016625690848881657595649864389972892399504121643363582577532084556408965908
886998684948957055313820975967771700677353036248248376972196194712524071513118733674279276
3704681603547959266316121897931591288830290397950135663437063625428459247661995204995208799
15114106738801339983534668900164805869562137785596542198351729981096412038773913428645888703
60238623553916957191561956331586995874385469316140052697055087011013528221083607680952618200
234576222173895310636453592707274753606935844823984153119251733120721156374781638396234248890
892612565934975376812005374660122806622738468638354441458089411576914161891785468258908412998
3319433981550806290172409082833000944398390857423701660257833194464094694923788869679765084913
12065281085716382941114169604019901317539185675137118821343928785472429283718574213100467181066
42867878712601485790251909124806798731165279865227020828178693347137007807228955418281644430748
148900085581727788518326026606358488310081744032101322426144669168239154630536910422871867880644
505675743737356098814949794247154632360643510118572645889975669766310777113476100458969016384346
1679221317469898412190957047138027067604705344850739763702624091701260248650060037143532207336606
5453125342774387422684181955893185967886741990696724367806967913646851449003565822415335207735658
17319148598217868122633884022543097896288386641198320299430754213364702048281585496929000135473344
53801163227107893381509666364125157054524532795285538429530886284479714699046093185934631258257478
163485868993494518829817914360547461451535037520445404633188421384017077176017395822569587659148744
485993445445134828076204101249202116148662948379340574769705179897962355682146775016267927664605520
1413446406816670975903579895533349422431421351239989832301209859019881682682821956634981095637919008
4022194462806436907132968477891764628990697694975144420050996883707891704419400195875448462190480668
11199962870478737436977622557483904628181827374633033797123350665082542480271012769950528449445554280
30519255621222109990928177159463599843023078601334992075919374876769257920294555240797124689378606508
81389468272902986493158404461980779999923719522190138578854815474297376078477677442813573375820318315
212437695049582086233881748347892176080312691240037026603257276233933729812996636204883117316576812545
542744389957995984223207119884582852713533930704793839174373171467636630680864645522160964104938980354
1357344080748383859845865768884691771515976227669498370515778718306240054720256599312530471987165021668
3323112590919292044649372471533403350316068510731661463565607761233578394655989285382592455127580110022
7965068522876941274088115519326236886133054507115746031698476872108964478492333261952993090309367211400
18691814043329673410006479153472748082987702740838321815260954193777679611282531248577570876749607515672
42949514655700529363659556981220017317112906566185496046357822770893434907648381314935551701699162304228
96635489506775901097995290709798251231468972131329102683034516809230456928233808795334378178015846551021
212918142704365307531463525037166227838068445135779663822055860339948626127327823962822195280598765898026
459421934783707318874076212152085251800798161096783277457853921026596901775091236437151088301838207931474
970864509513438602136967734162119074705072480863270994555910012204547871352606594759491941044221632982098
2009451766784786062460653081281079560220718706742119491633589687367653078116416216549800586558887769608715
4073730275936942421250488430843518697449184412522200231862460652319472288383723514422879759251662483399001
8089576903332565776690287737871383237331833413158077907929958874561871886695220913172353404090238029691986
15736234454272899022621792534135592752928136680544568039915184828248786284261602553446038762716710611605612
29987442824080625140402318111520272262541100079445675904590459390741477082154479037719095132077993181027214
55983922585712042626251464680426978985906222017277544330124231988130597078472135740836367275178385471694588
102398530011444374301888834336644598332477130190263117346365596281234450744698580558500070073779408460631954
183506493330162034543884608198354952385158975194673502177586422432079547682142261819869012123912144347781618
322223254842838077390742218015664804359597815819052253895940215731434533428963684062288934029447614636712753
554408769247392745006431523958280622138261424306859427781189867970878823075923099551909500065000536182313556
934739832662264056946188116839903089494086130363045672957881513064376317145311039581286191390848296177928908
1544394346253579403143875002479493993239121767667386564892097393410147446056206534862734233480570913468195892
2500641770078788827044482113450563851223298342952224756037604927057417146337408451390172789961717948517037249
3968161322742014974951630764684238431150921538358865516327697399634980597936513099123937507449943555909698366
6171492107486275323226544480864455060165115015851011968025381305778322710715580492052750504052581213502733986
9407457350782747920575726437353502362645430164575078946756140281190964351327926338578171394756789201572363962
14055733840146011866714888443254438858852136778566199035845172102235291198724039760422664831413419497786328768
20585040372927692020044571199005570682032392723992721700230834214283431086374112293395323452332210884170653152
29551831217378820241999262768064244535579230209958309251046438923456703515053864086409510066490783769330089780
41588083812609258679689692647606866310662168002772799593798008766514488738370404548591937849180058998255682006
57374968422730957549170066533904501164943120993109587380303976548109383411147539321400079361503116405072229028
77600066986688819213634982711210120480974952253414319147973184929996063126267468259200210578886451781342404070
102897481097062478463152654589824661134622436096321092817948980206177177011094624954998470354645244698420446968
133772614076210895830275455789475030317392781515994396799410018989134339696629188349313690320236818744129955568
170516427901967281850193517944224618137354999925653399259404963134407797408493286343314211007842561213618183096
213117161907166636840922746111303131765332676743089334055780816220549676088827061435686015500595535423715968947
261180285551895389054914354928502923833847882215083900509201535159955366297637537695012270265589518923540873404
313869181788951348788043765701065540599107166816292851170103634575643739057470649493114512153141552050640167076
369879100580082241224926312568491518030242003069391933003188272914504381312342837369888604261877033879031089655
427454859682399624598290203997353299080809262901009803974024138442091854618926624702039963874321991170608383438
484458519078774091489951466954318701177046180435940075305669193868111155813145744412633815271898007207260019486
538487169248737133582826294168316407142563618374470507847621619795039375423376175090119430310922454428740838998
587033846792102799470029725539145926320220131351599292969419204320644933318667392006119874346158658513694446759
627677560340891049955643014842066164669268264683227806856525933262196376837551248864230842428332696997018206113
658282754418111998146888481816187742971524981468080534611766948009467839195354663990946757185271217216665183492
677185419656223471634644042233185082427965163477546355455242611935600631862432042968613833237688159868076275826
683343252913739023623901204442224227292715003872431334069589117342442664261460818622167503988730517953976259987
676430976124690197859050945241321420424564430076177985683814479673226690487894976457689986815782473784237490420
656868670803535559223898902835158246687387150160630004925163929653002188083784775851077232217690338853370519316
625779712159580909141452067340893128482644513579566847288301910857808903600855665507162598810074724266350071558
584884136733791429410591138773508419227171868627335684346352385043340462311991693764990013582424660247386980743
536341497847269910872152850700891667186084697830251882059419016013947840945438467980429982455688608057690889974
482563121333840490430956665968954745269351970682488881471516824081642637791144395659188576473569446349302679628
426016318720211075598486892262575599244082829117577170500605055790470233997434945661027001569935491273551053284
369042322680405249699589017584124765364741991810680691835406160524595469451916044531169704471183256406547951348
313705887388439779782133064406114427461466589372341656265366256350477069790439136230489580857596982626959316134
261688550526334769451127023722443351620670259532362417045198528019382215467298072497140036862780460186675967610
214230664644391431963713530107017605442400535718818755989392589552676501734234988109979710706059746815378999636
172120670535901980896319841818170177275049683903385568310669440946307214075150771947078717868714926008069747364
135724689602497108171552866584570856727578231511160892558963686022246311345627988614412160334322469743673028759
105045976409180922956701937883715281651193645633129449837410645953596030330104661877032183340668462797911417844
79802297681933530779895161247082063683702807219964395006988870093668275565827338457864495421201221483345034514
59509709967026083470644446912826739531849775744737905238687768326553085998655063784615262879833521259036497576
43563041407924756580476415061465384141493403998500279183671366745886343494153270299067366450824133367551926598
31306055395429434927423267017953513412896622775828242694416000961580146242701502783426229943480960302130197862
22087197462645378743485946815635083440868460748659213469567754961881987003203595840904752864572528141402685884
15299518014036494219173928759358916062960121412891065624058325083289194752844697574030389707300778226281836115
10405500812839349895318111489604090913874508791468950594734082046509041612056066107086211207144789437293639887
6948963739441909814079116158012061488288814441036217417406602441476896195496092012188704443751290226765377030
4556938236587238846946150722343513952816478271150206401909349052683882284391382295829075382092159493279240100
2934587175592807405200043650818738052611856107702337936799760413029284603276244427551845744070302562173645233
1855952838897306787917483989602678656661694399160016749500179947579301452938406928135824035085716310987298775
1152812635034247757884821738233671155527107130034242922024373431346963718247781509704138392509219039118374514
703313216831818471267888890126749470111521066800134116437115929177485541740749750754281129642114218169101994
421467470649324718016105779028363678107736982375369216550950715729563572516329199256923230843482256823584450
248103072781626247686346380465816916021133932802403240936872466955952828111694189983033470112154900064198942
143476643318446622776374355681592106714769849761474682342382624091869888098716077053735568922679696254991128
81515475258912691428741706985649772323660732103450513671336282607467537719514499472083729963059382238812698
45502804861960506514249879024909365258754098519565332548294814630266833497852513207677581408669961278477159
24957761328368831029583637868614914243805507510408826166373621576187091708009612320212099541484353415160553
13451577681577562540068172725648836668305740551023300705558592100524804537314074899624359169320666605125132
7124795848123920766668244055378796051196398758188460157441648963115868477829094836592782937031998230208696
3708816906330047075080852614150037780551207492374140738166736725850782663581696695888305342987231312950992
1897557773521433946280957538837632052607821219348307872803553063248017557430392404984039689332465322430494
954299868509358465800157122372410858928258806630733236234575182950770769373541101211997859337001738898938
471779752274604575328213393878612159635327960514115551696900996952827575690563609497038913951438029215438
229294369483123637300699248812932812273034906020295009873886779203079437845021401065502485797937084496651
109567809560671029655276079970688621120895759755685221789269579210262861193010384440302097915327778860684
51480726988716074894435690735343241493320191206341591486964019519202203261461168892558921758571198840508
23785695158163480422530227745335869749403240052904081769932560939472939149239667087353309540835081884676
10807734830421522975436562282199910600488921627640594867303084563292184332353961450494121056621089903405
4829922147418828844353572193099113190590512201424880084566014582331693020049756360455801457916576574238
2123107393048451458981829713801442020424194408108353978210909152953609458069476581886965652207990661248
918059331877704381994473402650106605492495715195472174725066014394632317153782334744608354329450517146
390551110577447779054984495850907691253025584765859523976001937604274297404818355084113924102205218272
163469054206923450555476184589857033857722698056280377366734829044278112664513230926597489861127160588
67326617240504175267998043033932179099762415001885984157955249881463972449194804470438981400948241984
27288235950669730414105245802630877484404236478148682719097915295678828177083384367830031809407036874
10885446041191735182204775983782813406527550812106079020568277691382641854768498159407093766565968897
4274099242816292540489824056024046479198731001911634996347436998760613222882228003791227840595111412
1652026122245601147015745329952497676372264143320040398655319342599099352317151221897255891128614936
628652009319921417481717002343265552444672215405347666051300573747982361365241844467851615437404708
235544392639841946164803403972713111390260602887960611448071499504748322300809636138516136215316044
86906665194532580846073387800372807871107915496591236685743545363901205916016514512782189366793180
31579180242878232251311673244575773742889150109228228312525922707760552412674179557249017460996428
11302290535553140367460095985266963902223327761765393079704136620343417300149598351914205736861716
3984750338392359376581085684969096739258968659555737342240906986676184631413895077473690218022703
1384065876007770250288369669821092042835697665556510353659601769592024653707374864434571937208951
473681174365215906448173326249223757378561091325861854905803088518326276451801455617447327573160
159750663913487569997090353860640193614532289190121236701144750297372442911455554460468988645992
53098296571778220662249240312471177295464454529774576956950018719005607303684060400217368464887
17396214748406264587627814721318682050850137270514122225374976449102889836942519661047028733243
5618504576698467672646594778888512864611393685412182813970214777925758460687621927412275336390
1789100409154874808500535129698350742817802246504454758976920592609970874937599168800411968262
561763447669183271856365511130603434585334522901360194899776956166344364028769982314727998493
173953980754029766919423274550336685492088041394126937001185618661130445899871622567515555423
53129441302840044763174640673858648250624066657587700628079924484920464695573033062776463384
16007164602880577907954752964013753261826655780847657330635385377501235236804133516539417526
4758066874735876977001037184441710269569376246519655456762154662939684727144485630953768302
1395541108519486283468520555650699090162516513701206414754236926749611007373854963374111109
403933525661535563183944171677795556697610956679746343260519556266808926915153877922353562
115396243709934245571395377725994295005426820540601765192517156885457269211297829742569240
32542228122547239890888377602206534176179597924530143491667103337946356268783678354104503
9060161591385036843206117276152638368574935562511738401367121547185974180541830672163411
2490672165119722906198691227143326732520044890002210476015205218451351239082443481848924
676157103472884602822847039440947893394124275403979451042649289794778597923398629770728
181295440392239804547534618557825145601449013271833499796986760506867197988148791129009
48016584869871489487315581187990102058085310134159010172192712833241748645139490845497
12563669928842496656038585353259195133411541319888477617122680935735574335332740247544
3248006746632008789155259758462273004227419618811068555952856476972374272846407777292
829745653377694779788994918520613236222011276315269412198248325060947184760009133755
209484094735619331109703705278558824503925847419429894870835254054241637494880831054
52273659388500071168502674070499318181060402433966890566514449330377677699862712102
12893929405374615180632216127862592342160680397686817607019777685805687587432118244
3144122427890393701103164774892831575949166701956618674974721259523328865177402568
757988445198921451096150072657850944487223758029695886534797225108216785986995088
180678841854034523084733186972673201997981353150725085424125333409040290287215192
42585426420541722371616054745733212462348990760683289669655967463099703028607378
9925338234237395535984750218261867372778555553136679257938567452470376953828043
2287575656694499613178839177828962642079330528760965912138520711159177536669719
521386363552738191335570871989359099183059847340587152646772786044567885701668
117516417021024703297350518533916717987750134538662921380777119336906815774370
26192958535775137429751681012988977533716724140762355191359876805317337589293
5772999487736439451467772600510754086104738927841639707867404506801828723339
1258125992387780222133108669746291329439220185313296750314583776222417952936
271092576687385741394335660470670013310367582254495709116326403571715727636
57748066129910910064850625165663075492997509861479769613903779650486489479
12159874237600809131792485532796797134218058259231985033319776611886189690
2530625997261831544007337029498484218851499318626201346471608000432586672
520426555163436748542524389805060685769611551210900602136341501689178780
105739904290004155636175879055009775327447391869968132793477223447963801
21221297486419747906048369625577141196993144345664818234288516566532994
4205857255567332556724868564293590255910630356676227378153189970153932
822950035366753814126817203449925464218751611062512921140137572808526
158930269903841877995963838871709194696200999109256126708667767347285
30284703970329413738140352142930954093738198995852064243927943264351
5692261073739325291186416214705465119823828012897357449436485432684
1054980659213521793642476559289535091859203854201724587013252213342
192729602928711017066157537809579512595877894912235363378491376731
34692494807486801007158183632038088868489582722282436472854300566
6150889375405724153289315139461504953139797733033116963855286046
1073695309281574303211456210269367690470623078516321782462626478
184452243404450399057716447539551972683661952056945562743702671
31171604065315615419417103800531368727425070789957113090601309
5179798276347807187868641337613506766307577227022294592438924
845950011917601561902975709679862152043282435048976820011336
135721218189910463643795436830490965898071292128901419651038
21380023089103819700757736461403954610915534715225061941927
3305255179361325006479987433210468805107064566389721510322
501198482216745955134540818147883380230677550470575064648
74505102826421519138049754168382425329263097786397731196
10851479906225188699082971105223859161756534670443933708
1547621577487579045016702564557066273824975383501986448
215998128639887401352652327696113518632368152659518888
29482943549312845031285106198168187947815160183256385
3933167766712414748422141319301520114285230621052108
512469552249417764824754326291487968876274226183376
65168529796322621828394433913984235588093784420026
8082177816325093825615507647411619905229824454781
976789050450921787779362980094238560917606213734
114947624573293899353266460170605500056660494622
13159919472193305146438021573021602250878047718
1464429022398261621393696857682442165771273822
158245753821068649362294076402445311441777017
16588540967859702327891231243750530112262388
1685136947512588336709063082106522836104120
165700517323285280112328613095977497959288
15752677427355185017571508287555821626224
1446016193626231217430918342050494265828
127993854662196008415772275804805958820
10908610973940126328753151646940671076
893788366732391107780642347585605665
70283439595276070508318900121159192
5294603791945381251676049676702320
381345120684745824600290135076654
26204325352792581646495034497690
1713863024342725956646275253744
106415487825521221096135668412
6254880578196580855655759309
346929242975744745670773985
18093812585495198250672502
883795795225240007309252
40247352392925573651524
1699927465974999303063
66194145198644138968
2359633303412080648
76360265866908544
2220701208573746
57317133032694
1292344082688
24933533556
400160997
5128262
49196
314
1
