1
169
13884
739002
28658436
863338777
21036576578
426265242412
7329246973785
108582220087480
1402736998276334
15954285398445904
161014213473412324
1451305771147909684
11747142932865762716
85782140281099780768
567383281176423553975
3410817363937781503740
18691059327028952551368
93611658580873551056676
429471893188555611142812
1808498615848451022488591
7002425144722029012750886
24969285500951145976048244
82109884547738331382435047
249318473726305868515453607
699782733808515452735761560
1817402269561674524887660158
4371222512677065808672422264
9744618387072483315235775459
20148790772866593291459397610
38666784201598243018253763364
68911118390210838412925166862
114113825021868312369437768495
175671871424529085337315728292
251526327141599438991078577090
335098310595904453663307969511
415575483077623392989466212438
479945241768694727131934563840
516380029995781354406171484996
517790998691480551089556464367
484083628097020010260463930884
422129401243159854359442886760
343491712888172258836751923878
260932966332743405634283453136
185137077375236934104031126161
122753888304209085672864579808
76102469348957824278201660724
44141730071990148669642106556
23970457343171226116501650261
12195373555953986072026649252
5817676663472512728297512970
2604437875681363251745750767
1095203220457815300040005332
433043390751443524053729524
161175122072615347640026730
56533101324833535831040914
18710612859795980349284108
5850972379591489423734004
1731117025172101958377836
485299999315646273564978
129098606442476019378469
32636462526441229312018
7851954702675029827052
1800189964958669821183
393736054596611555899
82218927634385499358
16396009580708933736
3121308248999943421
566550081129069931
97833714953576782
16019936570530414
2476453348989189
359386262659690
48629246799624
6085933572096
697766295938
72465423316
6724358860
548149416
38405830
2245900
105106
3686
86
1
