1
841
351596
97426026
20129553580
3307825029569
450320068030162
52239291943052572
5271299045417994109
470017645021627288068
37495066597754319496318
2703053436972464555093736
177562822028398705765303972
10702494867671985494990219008
595419730374122712787477541220
30731252044567406790350637207846
1478028397977475287397466437219127
66500162572779503883281152183488686
2808649210724627429548764083047698948
111697057007420570037180970809765160170
4194229171004831824760431853848348259178
149076061772247402119149777638327467339375
5026745778018748117410009126300319913863252
161131114362356763327105944461888031088411016
4919252286420741710470412418214163911319042707
143282306445622065596774316365733626786055707573
3987926687926469308544016261361620202228879717684
106217904153077269042605670619605116569457192687154
2711017240391144180257628975697758776561885320134892
66389130408274016509830916095209608935766617725610802
1561709948829391184118872404854587480245819043424863730
35327841529948666414790582902207189751741321218492658160
769291810783736990554839608259380423169759020279478783727
16141299308647152842197996154108462212850881649368691507681
326625422794379563627912649851044330174545140015607323470960
6379595951558191461158310481090132375588292808066509415314656
120368941039436093789966436592046699646795815435794151960139239
2195536731573321634055833106320238120604606286837620813298897641
38741907350939352588275789280871326926870845834220732637081389538
661801619951779922373699867483354613090695042356479240923896045892
10951117734183371585623593950479993812614959177609527601687518421542
175645082591622061336342187090310468815414736553963734720954547531736
2732187457947072853833380061518395261880656693815325082910053040643778
41240107013538658144974360739862517733574645650591941235553301885710872
604352559308975068666162575290037571330949224957408207881084105952558781
8602766984728338652209937298681556311702589255815251921218845180967858828
119006094711014809372768705282545137219222829125052193680142431469358445434
1600590701074224585325633416516533848356343500596635157637999023853533043826
20939174032352476206525142824567439931508267206009475759019470162153358544145
266555087967269594503061159109470902948833987739816542777767748698697171972976
3303200582112951389347043193757744809692998761259235792002599266328938833535610
39862876966284807595676143621463631132561165396412856489306648003238304529809904
468647682555503987399994874404344116823918747678098515286607260091333553494607823
5369334862369104767852230931754591449598969341455835869570984196307099472738056957
59970366832624076263978584216529160660877782051682984864028045460667285865849122694
653183863598788677834857907207851629809157309413953699734394824335776916664486066932
6939875172613646676663503222987988175066102477711963069094877058292369463286227549270
71947413392627718321802008239577228694190148583128762023498134109460106243672378772020
728032954308988648746708206240060435535361859902866257094333692136888536682036020088892
7192496257884189884942144951526881846117672174169541027660595132056511723750789061907690
69393225908538609571371287090026269858663526463035497194102030921651862435673445958895599
653996266780093909493049871800784299635475872549442350107005617816810354708639199518246174
6022297657546697262761550210989807426969435619387854857590238966000445293537062661098647966
54197863716903391327109379227216495083359394393740636608868426698859246825258473707130349008
476799509317162875281698424851930665726886596853421422969500511243520172295990070953384738092
4101289076604604016786104419665753447456197020955771957896699111781972335402910994694131973436
34500861035444056200889045188847193329227450728336484116075610554831611286113144028810422867678
283893451465555243576979817294066071913825569792846843780866387566619631053941557409537015629132
2285518053431845467905041066708998297021904436670794098503731699933691949446560480092861215121173
18005404986447668001374984785649578435493080521667867789461141312833145106766754552233770821653979
138832930861205508582903973982950847787225312874951850845551927151093597105589929634585321452651922
1047932368504680753115061812439650124378959528544472463502338882369265850979124173607630943989074686
7744662558758914699947289792360499413567522719921242657256745429608252101027643034067883342479835403
56049940748860573209519108372471185889734266062143167470064948993671174376325786887221958436957896256
397304854647580984913940884188374577901929796579261809051876435374117396546227954791284077915480613484
2758792831135311881051886085568547976367926892863587959524135629079755216535539754325447820141660359724
18768481987970431086012241294330619883180020139074817445628487030147965598797408533947613751216797664283
125118163892827476119636188614695812834420094354348908168970490714545237752391588436554376267767893675823
817442284759120458073814862473000008928295539486461557024099307196126377182654494332151894754655326209392
5234821200144304153293665516385334791872897494027981302398182749955499192728028101213556910606763249433672
32863613630009780485022491372979260834218111017583259858783972342943827781943098347384597288691848401287622
202281632289534649342799158715303688282549357620038029195728463298121787711837855640278634539762905257713372
1220906886092862025211290515945088480156271351828154083178732650422900506737036366778897985878331749258635486
7226853973927614622204742900122122681178805773021526715885605910819089262777599761180974191765483064932249286
41957614669281315470852687310485507716414732244318353283632001296095101272010994959792426193287652297059967120
238956975622854605086541035769851536819731998391877413416387773514567368683386970562780848307676490217067160048
1335141341818939061000205154031434709813340029352940255932550261212844095973398210633939053946542984315137838200
7319529872925259515542489533536546379224822661030429424733737516320891118550835150059721782895241402250443111516
39376399869597429782840626188687588981793674429412026644420910855364947656178531221720900386287296670726390669832
207889649312856996762081159426524557136831990219213056657816284259129825655107279543117553148661310937417124003569
1077257882746402370478768206837696897316331659847356015555505210040036508872641930720482757400800420343915774233634
5479502781574622014077721616368658483532547576718121903428798670916107438797322640722659434966751929889378858929764
27361557358417261534181034469095343234527653251945871533868875832480224302762076774166752098405649609600015238846594
134140853664397905913080323301448126197433485044020362401288069473562007690707482633739196969851716478033323896408742
645718484174131331773303063944881860477824061578688879394875200396605490560832751850655521634122312075835318484805286
3052302134167047162533899367568499453340281663829996599576163621819424791436738890718124836881940209590840624964415760
14169456619942610586385254626736620752272233511165591815758903486232539091755256004997962676536204574500546389058074544
64603861671667280883673265135099611852511235957345393348616658108841203255178352139298640300946080357226447186145921752
289321455403326313533886147156808020161428707648567290865405145927657205601712688382627624727215828637049839002754533538
1272787866272569932811062618284277145889776608710590099585981986032792495183327595434017044974720979024112096491611013762
5500726808751464712378544117566698429052287488367307092901351883574411428434730777572467134013917802380114030014505127909
23356478276752553614160607309847357146567681019046798641022414192690027622230294665896126850377647767733817642266024469383
97443213815292457930832511017921998576829651579188392566302257034896808212184560462037903673828227152624696400565096440304
399471404603988022152702849884433510991746729381201169996366425514403601716516717097230283815260997961396675120903162780860
1609317592614106428752373718673718256626216315164133511993737161830926570600599328746461318668505528445919105607074804867747
6371638404096000298204709899753371797367932700239696260621710774528135888827002842072898149667884924392673705007322463006037
24793872902546677994671489431894580035365196283347751670499689507594203190408698481053183329633875426453801807790833128982022
94831226580535513410503420422220014455027607565678937914144145834439965135143756199102943588758873476747808501053035862500342
356534261072390505682848085953978365949239632144848701943893218863311838791977391535120099148499722930764409767695567657182347
1317718212539079155123085956909398533900796444220814079981547489835618446489809394288587965468182436187068322433425590322902927
4787877317031478432580570547259235932232470039529996189235563208972259710104844061663533080416369167087317184073172924356865984
17103690536731808560810745659683703319311033115201962447465317681045505767409760896079216698304038792425333326609733633160572904
60074413181906874985466037626647623766411964932531886015956334464064146431453813829960606500194406563482890638378012237537124681
207476095884741938462685920715636415672999583695808026931520569621102271271435309403225127030245295820548768658294177696848445067
704613179690409518534610145233494210477331178146504772328431530485283655661985085477453101823162879418077439984436301176702805668
2353219248772642546956685171663375675752284156109825442576739622771949825872395258744588604955074928489445079546580624867330162990
7729068739928561026179198662598600385065278607622325404767929829873084471450728583183426802995384282042584060973618488084727733632
24967138357984691434314118201353537328794847303289425016635005312241826312802579130263264804072076996492042754613794973578531078479
79325046317018595617383596513595372272157432223563548897742832724837786066418275552424812772214098160077815036646323548426888278970
247898846894601410395496028280565196420628280657441108035923824248918217485343982118959289033715135223900360549136939962698034974676
762049929086953352800415765573181779027987651182119272804068220127525608293035136319329196425932360029697133304808127168925985539087
2304404720460668010049203884041187377626974666850819899644845157809935203647670156148726911695682096207141238574279989400705404426495
6855224583073777161312020018324791543435892473242031727590874703603739418205032324327139416682770317059532780185327749072330085016576
20062865362325137158904519494811948023329222208691237875111602373763424134165306032765522231298208899315210617593412578651968782760318
57768736343714210395039889181585871866651023106304982792123724062430294426158091551788547518149025822707059322529186150258068681597022
163659523500368442890736178772884738772086511399486792430678939037113002976684659572453695304085741767593050545784101706251609408401577
456202492846020248201805822454956734582103161396924336475635651309946361749977583791897290969893660920298975882266893321610432555660574
1251298803641473658791466090407262643291209101856909830072741193028840275699260972467029413799083412829184398205073802864414440635045328
3377303276902471445159944885584952821251308439525552625209016273215262410762448458859859321340551832320799865220868999859267146571534965
8970218491513570630916057576195763017935101209967555553994112931707871440190165262027665251934530171320270139122959692545495039783419739
23446488533444154251352168565515785768008562999737154297969202637719264679059256848552664419053507382005487096362041152216173963362045548
60313143740790404546312992495302578122160182083876793468648415301604945031216942187839601481585608034180874329474325006409987051422692658
152694249026109856846756170091274031056740295764012763510831481138512355587438095520067542969322906586916305548447843466263080158666597702
380475593296753262817026261901821490958244155401680771735080943115980012518405849620882797680583889590497352408746550903316595483675812173
933127211084050837923737230791335468130535008312976278297546921724907871620056059376015382189644007543022558164200589956108951356517280296
2252584204449705485718031474324146059586794124836566730965294611925422395993458760853062745241965424462566527427227658857084335003193257758
5352580820403694209659388140261858835303720570057280811819897772526031706053430684125549934730793986709086058423525526198425013734958551060
12519962845301434487488843060784390583136267625528454597295008354527460524210594337637161707746847055078179329015773973265741483865900124862
28828082090136419037494713556787509609740975339891854988053739291757434700940980492988755521010699241610504364472594866325269872922390989942
65345603986580536505263697609165237537315484944344696029575845135736919793019565821541302712264851956319413265416766738898846387242456394986
145820860726366537586859017582401143063091251597106010464262247812731584083516395799567898796842805401472887709071464222654637140142529436361
320361312804267707430962187133243583216577134322646970792306982046952851431876593610241147505242861571482232753564006473648534619431616031888
692933906061138584990422012728059380192064113595693413617692015212551355477341856811686900511114518958359780917396697288628824135556334806054
1475668696925901504267300686291190492375385137827584916449542917586298135397066662132199842667238004023693769698153118657514075947094688293706
3094175509764118398530357050257618218985999377491443105745234047267559564886075886104670043192596561347519412415812436345680099309328061690060
6388126974885668896545022637826858477812905034174010683153018689406574395234051653190323423359913079695254083286917487114573567443046608227304
12986374228319427505230274877580320809524652812958785949805927187239689376413921594676581047208155990502551650596958835872938647987762791918728
25995675668802598224422354707404015260173782663979688833274220930908655152620835449230271455963186799199117176247208109203586814851552525294234
51241986887814503297634174334456163210848894798279808323080893604998096420419124803894333169661438635220927405745784871209837562017896944626272
99466101362723613717587005658368545058730496163004299168337263020745890249205821114063303747126923912968108463121046094296379422384821437503680
190134508562321551539062436513756439704448570783992652640991778068797037886239931346163754792176645584497386821452073712984052996951613531107892
357928067465479508900930813956416167521007056724198774790735492720649119513746529214859631592473456171899379985866159678788846488715974654533542
663577394379470604857836262882694924771481159682362881641186961258868238605343986237890719975142434593119982499118794813421527896734679653041879
1211602922413460750862532221280040009187851292068189340686637702927624272668475783634036679087628855100004515413179212056497889777299855922904887
2178781397810477615504775426390133032587196718773064424286168380749777369425887839507081637485019666029097560895046496439595070731962725491652506
3858896893201614848387842194806383952506936619336847313386731384173522705396482994430863733694197650007374827058679691130583927681253590999984332
6731630306023090901160931704621449861291904334003291294291947644472226038217698254664049122269860825107763569796103459903731699744994275329319228
11566345277663598687495360236089521810209896362627739598841980732622867093588865935910772493733109092443297075409753137540485765299093245168337626
19575008806494519730842594248222685348019146259745201954126118542882226603222620057903747266099389666380935516709211134205972462648690119416883916
32632373625058000830981247443414134185682451883524111728113703950309924504106879113009566825731861470399270383543311779670856619588648724009121796
53585475130434873649798982951853562330748817593440998951038881822416629819494041064364666722817572919521811308628074741636304453469523783732964775
86677812431767749872762263624054231120900119382823704390139484580404544344173362002113076614445268925052904566589424525879173279748177379976233761
138115311779465889351255270251071465850555405810059933393238321409611724496177714783554933526792989296176272573511398722042750537375011739899824640
216799974313776012804327718338360882893634912876618995739860875364505746130216342328446512320891748376951972978897057429158754400650533613964303130
335251332900372594940094096861505837371437268951024551067307802963888091531181599705537378064459783156842248110666314266376395541075907921652953527
510723644544000976151818421059062178517246532343496813274867770601348278562370951325582346248913869452448244167721241283862747823544191084167286243
766506358413458916312967293751228278564738623520528944775830441805947157717177288378892181226868591577430557749848887819972717685658549176513755950
1133365525271232917251560895245099466951318006254805792422623808060850424008788164545166963819000650888199493315233439691305453715842306815376620264
1651044137769001763479013298049588402395823996985251084453244463058402360607341431536874122413536766536163969515035137879968036318377360902284330897
2369691173587139985885048348595111648388249903162455360893900882666264529374207789164018489966896924756783163872583911733489467650077641663663514653
3351035755934355307015526963270352660895741019570986508234529797410037683676734297685277394732696488334190269076300101967344760529083066910493567720
4669070288432122035746487091488192179494464114509492167344248169632475760076551904154067249770568611112513088513835985985374486412004266047060068916
6409963203435736342571571477671731630374509225017224895566236406200178554476471410485692667038836164948589602452250000119739835622249720796736905264
8670898775410151808992221437279085460072837868099018260923180660657212789109350107281546401309320067980687179557285427078487391363909379062224202487
11557550052368325953772861250372061892540557356201735492364874330929413260650619431627739233005178015773197116620758228922740221970371551221474641042
15179942422679568163152213037124826096906163802059612776536546149955871991310537623130168382689659290502398671704557909650887005539254946863302686664
19646567746040933686119152684853530458264517520470074853526341517513931685571152264585962670365892463540891842420712063104242832052889597663359687954
25056764857618283676776435342716287891057637605775483083096634318602380411865193835032156620515126348463149589225238500003152198885015364485554871767
31491586177328491973500705945012946070106923170759753829192572490069423525118016006039421453703122199825622431081690491719360608133175962688407993670
39003607124433793341495119721174927563110648029997378256346552384993750680080920500716896188441487840089464910391833912458937551233410607297264672430
47606380208590506325277639027627373622763976928858614056076577799649448716836977912818589005444614270757533946983483140847852111723239981235966780796
57264455901697061915019559525160871567034236254827346807584824199731655305426222312913601011957703895433108791645325833256110156334787049648092109091
67885049819035515062047041568657021925011519849365529903979679335515257833191789021898355838165568274733537815893024226350763092304788092497144012518
79312493145496933934433317600641601038414301720511608772306508061645957218728657857445566755235984739828057188871779933844851144242942845244085474092
91326530663769875270194881289602203799286564320679714385059575126124979393575026433842691890211264417582496452933838137020041740836587295949833473182
103645312141770965844860509711635223154773603811981104913661514846326120250545646479555941772487543392722881513764275956848407478041857437220796932337
115933561613779867559966435295285298926103407831728486695044063139776363186945710913773980022046881952004747991531254870700050938143038029615664055036
127815931037838601783072974955033880321697350726393175938251445412082267057410091549617296083125362290016989243273119209437262394756572995313842443856
138894997511669601598771453724571403163566053006510426970639193484860108893190585127861473031185326790001520385208739710106501611365918022575693896737
148772811399591740739304842292248443612028634172915912654886525686023217832766466920646652376119137524299539042324003150933277708836320030303943235196
157074419847768923529615018152111070898089892614687882513221045665868581753383969187674859680088945744630074474744638682917545459837657150378558198982
163471447528539479050288678845046433810891478691688961465281563202264992292483036138529180568991347810763726808914580668074800621130073248571396487008
167703671388449905920026107531935307753848672383116897247386805886794843025702078633867826377803871121917021417032543030866833124734192650087182347801
169596611677863854154222034097158188911818797469174240837769231555170816747706427109893470923436555409826183868697104365259675483031305062677839293446
169073479340654139985172706447487089127101678952098479447637982834362365184521933323883497930817338540304772477945187995585430288052089366992921248894
166160338434114686562680258131065401148539594705635198238041740080257579972579315473252503010233976987706047738618081786822194968786671030141557691292
160984000527632084800391893935279410180138636699733454980958807469138479334614799208285790448287853825756023732742069127229155479883257943811272027959
153762884069142134390307780576842624997092638897784989509124702948708912817900475932627531404588177516544753930033762541257403323425977414713440548084
144791755197392529500808913576373433233390981354797594893574589079318534848780071451783994343973020911715223219418930834101859835406672642506519742398
134421832575089011034361815549507186882399349247140585049699065071429140679148171412846817789909152753405132747481359005397886877999874341817198194590
123038120944883437379275835137465336289424113757020322323139282070608997299087019863929025668678096339082209238360295906224404466279943986323669908986
111035997403461684087889348925459816622502956427413163099518612752395292139820600528678650503923991040642958682862850317662954761661951092823756842547
98799004251670783068440353481318899899994805037516897189359289834068746255296797162987219605262117485874668710437184806442044406662514627686781962912
86679527459143100682910255816993634907328033435704910277878152199939654210031445605882339153220270321542794807874042888936694374659849026068982272048
74983610470490151689660068932126793357875878214798747177200567843004883196187664043556664248685343454409635196490228410380809714458692024763407236365
63960635409865423325185812076944364649541955397590116424946677572698120432243213500232732647340056266998971477676900449175090536132686076408086876816
53798068635474506121507933899457080749666354504062371572152128066636190643708896814508000513362422764036801668527819196871138787046487561681123206838
44620980031558028838452315759467866692837731748089858051225375011039580322052398634640184157396945079129671577255850039706101500972926304484828421700
36495655877271931333588051863776881600478389982534928211591060353555990770841220237984138754729996023151759667736848373932409830841867733629942095751
29436364371857683396514343911825567156724296733374802113063223058715223736441397696925957513091813604535688889523312585982166795257455775338605416686
23414210555847330901350439157163946725701111159067496213663363047300248097884158122703594156491315167349955828657909704845683667270650407670499772426
18367023949849594451012933784753266494874466694744452145732456106998155753936974582229350800454408089638921828191248995976073878732848168743844095946
14209333679923677823253089094196420161849582102537982878042728160396851506036397265651309656712754352741818684024627772933074709639620299492217600860
10841669514160638519652314102587647011573329169912553112631153174044185569983912745053037323795943409725991153208976669765764762704824454314403392350
8158647959598281763568670955918895340445947720474329598145487413414501479124615963496545136179616475868858448816544156545891184666925826526725515062
6055528010687587128336250322581463026179089577629576639017063629117053482083001878172519811650842856436401123347001498984951177576437235512696652012
4433125490244495764013184273747198575727576301084278524665428233131129187035598898767452010732064550561552450675563377835772538181860618324226928925
3201140882770998618640925920097569983669556658416487457828104390225975448703792546870676936556806760288318234932691830083538449457689556474771197758
2280074622871504499301849531189858618175160123152475336796258752815973765582880766988419945054450168302587187280042655493121854213297314424242751394
1601975205174188599874860525141410270435297560631788342778531256886166165870126046026881069888517581183825066803466979296719744297530798054198077904
1110294315380884485784302413808395955100428597430624777028702867971335287779175244550236362912795813123397422674195113495142383851065032058401474163
759118161921354162781346950950909606069314506764958724130374516724397087099863806562440515756552498182791688879090518741420710170649597404227786041
512015531972198429759669211917559214949855376669341225007401446151623910833293269216000950780333106123594031424657668024416772780784021226860756138
340700786369542783216676254316788028473990004751832901577624102730848602678696755006017583019287765972865515627375782168614200466590127422137662892
223662594959977657188112100467029754907023326640453365834845501552378818019448794266274996478313638554968932637817408124796840076277383199696841085
144863176161690869428138916864758956641730484391255856801241529264177858185293372980779244664077608768884876787836184823707486271573932739797608020
92572393133605919822210054268558006153060295489003026175024179670311670678274361558301972939966133217632229553836273575213486250396723592258791522
58368492841448270714010439925176672843751401678422437403088608352502318110274881700745977942171837773270634242028648256796314545328491418351362454
36313144736033543642177993912798433297472227711463708554793022881447837910115998240787455489135780972919474406593413518789821639527855223939736024
22292191723787227041689277645704756470948975062173388433695938025924048572696421384324014874682174345929421858081277888242726259608164017716640943
13503942729909767622811104544223974804598594712615710009098909054741555238427368793602709023386626410222300597213120428026535228591637644760966358
8072405089871482477354184993777839351931750596787534986666089687873959926268637623324435687407736308680231336642823411075802645511598421012052190
4762069613479132337043532692635207871383845631070373520014269099433716841575316447088734641454390499007466398552224285651862429915516550646240830
2772395054370393214090588856740054519766430769363885547188668827837870716745606335503796292315202492916589612524378279409543055056560029312849803
1592932936976486960705379081527673828534644700644616324097232971682771806841952184975155831651468282472560837109159141377238177730737892329230180
903315700632673855057656194271873361310836642765708845789937030185644157527617228128321908965221563427015756293573504753976816231121187013654656
505589771837956687349673994253141212859760809721451671060256026205512164527659324519137696214870825686843290952290384721766983744234254463852037
279312838879219918979164377207638396235487484941022095246597193446735656521324574757879691594997472287046005605940775764103713688922898661007966
152312289523722926941853522108219538068030647216574586660687429948460091258035893707660091104085060641292114910560157218321109921344370647296650
81987612630858206041537497997562740285357919657594679190048338828330256203686278206867491424397170798562271581416355069309773308266110207432076
43566121015735800084970341408004534169912550082322596196630726538382760058866965529260178756807474331839114580055905157642138244515031719136195
22853636498678487317475477280322066317878780954693234389656242242156108828779106279142611933724828830764217184752606230961386284124863396288634
11835489330296209635350256373038487879274990349899257702289026435599000498376778561542082519280931180228202393848683698934398075632290161758528
6051466318003600707278528274815292494923936606074737601881579437231145730024456054478834507117160896631639761183419916180803082006670117218556
3054905990983393811811591418981469904287517215175325408606845307952188365408787481004559696410060908790386290217991390994487952424701740953268
1522711228001610007970723081042038017862258955461886506032351899156152256902383692955017874458262054188412056097398629027264890887132595142177
749444851398876094237597497305057300898387160705986437247995138812031344871274006723810110738903381440999644544876443035853469631007817286774
364237387898594810643516614821076073741357310421809401405238740070680971611657771376802266548618251415297408581460636563927722460102296729270
174812580650092439391103109791787210260792626784020843932152980958809772183143388822754084453530649045093492816312400972748958243108746018181
82856216763154301370478235537786205619003345171412450936910407839515908640553768121510400060355912702090955860683699684826110312042685206476
38784932120752637250179544484840803895792023180536102665686222349603822177498201376797944406638728312617210452473456251008034786169749904970
17931147981051617530397279795994282359893125963025397779884653164640670286420555044896371174940395139347922961084405065635707234638589145526
8188082615840879572517024385154466841842117126126957411758452920087796654601807927772984233683206804848900862541797408140652074480121213033
3693241268270679770926833786032368631788163124862854099299848665696911395542926924733418898947829106261373683867803842533312513182813609919
1645534945398653475447502522699837091545161899313408591323545196194890861922153532889125313956923068394898319078368876629141303804625343076
724274967148720477652434485490293290598662226352404493564470790795600416577208128751118023307106704897347314808813507347319157268119822730
314934394902159442092488067287392525253061792342243516229769263060555972988591660909930031550947089490823708771888487465974825489929467739
135294653172710366946242186692621125919777222735686625279191686773368912942717435585018006496521760107571157195233772774149917945366109789
57426072513384994229560777163768502110022563648498981014938074934198374354028211464585718795097262919539704498120898672294307106336939486
24084071734896972590115325144319817003208021635510408901065282366599292767279125750012290129695720132712371460068474706913396112900847750
9980855195771158800166594094617780991130796011711425054828064360972477695315320485557578785848296276744927680809967552091426832714188389
4087405546468683719886760444076564317313792799046176018327659538536643655884878487829071760293559487082559863374201531912066648254305290
1654227674868760249577220374200588552728024938514399696735331361682417570019836395020042479033588207473661305805848894115822949803352696
661662033371871029317632966669260540905176332985975305189245539949941825714210090606417515940140344964914650253917107401880031496666642
261575275876484560305181517212815550978212825405190537897276177911278741909720856311790827177327438597379875999258747687244914086380770
102212317494818569382855644680915418792913998591450240886107900894957872798358165808384395369364565128701158484477599690008107878406986
39480507582420893750952451261165716110883719953904383944098458432642868293898257821374354241832917579152742393423385020797348680168634
15075176680278238990727777777964178834689944001666115385810669704141964456232143505388790010081342379424063277306119027869769557446266
5690754962356730897436013827452919191992227360509512767882861329449707666410835374482658983390203788784089380855493365286962635235591
2123895337124358268334130972366881879723246485101174104238696118345219025203083051156319154862914323871943901161439289193956035017329
783755142362630575353049549201834944036167177637107138255491485076284194921084517568658848719697349406292875589354161752304734695694
285983141113728451669920752460539779507037647371595515853197960837679163044681216707662376651451698291616755143974127218651330551906
103191094959386122978840537138235110431746526142776997946862718473180353987307758163022098958954644797426332484508644943573201046773
36822658792050512177046949686072466739218366382825261189014112762499771456376750212572068968568984637606212740354653224557533721989
12995378164286692231371341237635917428487533084451483412187151878226357079852754436409033430188714861748288746806409609071367560108
4536214900224286229881112622975289894665547234648532211939528931719484426237713128154911578184054818703414773636886085448389199722
1566244811192398221901315608414728793089883071335076616969358275094655284876340805332119850384814081066163527391864828915558103007
534955596728993457079919555900907450037035955790124736549423285488175051756344721260905202593267259452936008664783258558677537248
180758596928642734341810153964447168940234683915982968117166470322961475041078871281966311515738905999532276078722638748438045174
60427512589762903044976124289354509627404352134896653532663950901445102834212175728074246192962720828141031320085144625253496582
19987418874473874247331137082787326371256084987480755243137456916025673754270401096907746044878964733352168748039318013285731737
6541795613861579387307581954251039853120408877354964032473024605480351555302466594174942753920130519980438310312983540704903251
2118789489990607700475111197677822241407306808887819407858149177646262841624573930875615706598562255644710495161740920700932406
679143958639166964748967962653381947796455872121229735776513243727142537110054059403599522129886115147213663073241182620696580
215452708485072062274475126490982972122323881955362574134231663631433368577464285750279896905383074037956814375060532834660664
67653663343644099079336482211434432333098733320178885873966783075759835234519084181909119006659818162586897331474579249132217
21028744025445747814076387441578384414519880274692749289562769411553696508375991119269573410859566488780532980839497492479928
6470705871530279136044934134344799847201471916520020397802968906043295626856395424018893379335460418448014334883153997224188
1971243002380414515654873147742309927189636152767567750649856929105253902650199499753265469634283346000308687593906772345193
594583598534501107873918986496145136270245005020366407349876483350785565558801437678483551831409788937061614793598780622827
177584147536009888131309813947041363651975942744224085313586284380915974764639466418277577913513159957667194705103975904474
52522862076706118775611723307342451551150627983883452202803813751757695958305908592209643037665118632547034777144420093820
15384381084183124407571439813165875189653888092396667476346927786896570711581213796217271133556433821425436028365050864960
4463070698479586394858706572073133002246794951914470830954914907026495041486520041985192505044524828940913646860014565592
1282461371619657146944225264525931996487804018760104779931174242502935984057643955649358862334966622466805177180913903588
365044936970426093107386003308219875054413548018579637232006024728718571987978404749945201336906105164103998020563719566
102937727652948166874969331711393554227423893212871565309361915718533113501495283326412243458189505296176073968371685801
28758330320797074960494145175793703052774457621650924017002674279663398975822779767091716933948947488143004977058128287
7960642294685361023191467755473269841847711431850804429331447389652614927540800152786161710224279079368775844362686484
2183545396459825289492510024757504704765539745834779409458116495558225496631540846289683396501842428657152693837538978
593526458342434743771240532668733641701212879116283539174424118797679469626268870953646668052799783253622819447281419
159887835383901201824020095928562262321118228304635210368121714909361061947434174651595321306133024184671311153698798
42689548883156062067410573412143758150279786477182805935985183592168606068126737152110658759036150063365396614686024
11297733447726127925985809146094505312372898282670181066119331116090626219036898095846037988920685709403288912827860
2963854617384793960873494003734704494617329885845136138145070982848804638107144608704287134327517079106513827147260
770814282425947951136262745707093693701925628894946718083900598231197337919394911359819559425052573375243300695673
198746965585958345925882496190484754162669473023462231345387324818687410624741953278488323567495932683306412554178
50808781422281241196937946573233921031480376285266751399008357186421726625618869091376704701353512506579448017124
12879323450101050808108453988309719688850293471161335853910279860890858735753536538109497378350595486475464647232
3237356280378475444467843716586606359097988727074301755245415447629341487754203044383852705396681063558198537054
806968948034008735143509009542979633163825217742882942542312701888726543899348843649849876460050084242288978264
199487677039436637751383432181227062244514183711911308597065997336579114881221234232331379336963029609477973812
48909186515059701060779501572028185085792136331311323701293687923984386341560867011825330148392189096045172157
11893236673336463512508066820082036152859384956295453561702953291330354163271654596335540017076608574506953818
2868552573397342833161868840557706141355957356027556428400922387838527992042086616155078373424552696675746978
686268543305763852747378633702443154269727416389338652049194778665769963003902877259145509438351285143655564
162857061782670716971199978106589587050465869205529662056984827899328118335664480737800870694158874159829379
38336291901012927191632484097314029060735924171973263768442150362008571833570394812460668909398074066538355
8951818449561758886687068558928877166872769757336362299851454578801168302855328922585130081465093514570228
2073544641006538840479189435940061499953247961478685234098458864528293036938996692168689192571106827146742
476448802210376593047398250859918536933441983358350081951981974891693959079816156574209908821889453586121
108596505510979388469212798469685739875233236763593958163059710079680799763572350003978571064944669578580
24552988387433963623740064670383927147555734298989528027951361136732224185611861647794274284753509709802
5506426536568976608511424386224837407833824366908719032597890343062911759661394346350368111425031305956
1224887586232306101424111243424833194318846255519572932856453092535735959946097394793009245434983344156
270248406143043383800067100096527610451605904552555378643832713962068161659260957379874988831393837734
59135170526417979767535161612126214725981173052540415786746000966529741005955313940284876252702559314
12832617620612191972525590754251617370344532950332836416780185106501939946626736878245539070638151912
2761454002608202213502521279069676538459646715953800564360326299363181520941402485587181095772394574
589217460880982573650159115413689961284503831934565370519031596412371142153325982410953628630423125
124648299263427879210875253595739618124420086431027016876036663134161135062456724167664121429505524
26141078072344312175155806276329769531608170597629959404765718625109703442620373502571716168526758
5434208023202665861184855663065297279967961874486234399445188376260333522684312549298188150147335
1119617849731774753173603672026407717507000071295618137889059423251869555937960100924741379276396
228594285667002278513066947915522449863405930825805935391133669158605054386253820751159841706510
46244526471206433206302399554327004693149787404073157895198151744926148235383193757026296998646
9268052256349583072831432461483446108353232993897788723572937076410231040850777269367273891505
1839839971181018380702748947606043013714832394772445158900664572141230391042073771519532818268
361711239234907654497237501119215139760531535869505270935332152145326387586548503064740379784
70413851705385748717619861356094552409848258491581036590829383720966206762603510005869979346
13570288741470784300296107922545325459320084670957180503529993213818233821990899605017953296
2588646996642502570703046987204970844042245005725638551876954206704679224025060547937839341
488679868128768364858316984831527923553407925612123667769449292086510091249023035771385318
91275962752255840614771670982727831895186716096204636180049794058409561913920975574123320
16864703325921894949236571526726159069755999575341709151632169937096304270013223130888796
3081759883902477325646662640203570655114858411883238892868617205205387071764453783601706
556828955055883167644182950315055995674941763926765714421426472789247088761737038368520
99460471917582042668556212548466952889504431952614883319939658759714654660327102910222
17558417401186806351768048869914202615575179875865871586407678912898527132523566638810
3062841480685784782565056867535655292629312219798677132959680133165412034478550878949
527793214376286311381302112461687404304558257116916514652526055921576117006829049322
89824892137751118726036634870269019986122606833309883998051605457907095686943091064
15094346896954980669510691515261092335547582400457983551473627949871173336543568926
2503832779570143851566947527192121783832395550225279625760944219626080326188887436
409879137206547661190910016822866218826786259863562296469693198504002635574070292
66198677828481497851111071401236551328693238183031353415765021535926425475411938
10545486457661941021295068386336173382005996628576193425912851197661410227786333
1656478010694926860778817106167528725073158123959782134757867550568891047114354
256496515843303797546995587571326435317859592680781559710275241066217940357124
39140455490335053259989445941363441650543878877643837632111279269893970946228
5884200925183894539658864800204286049687833564088464451943757316064927187323
871227333035333900789863789396496108655447944522206962441623496271190286075
127004590191596641805847819560211089609626201486495467032734958492558076010
18222543900785604599862964325412275615723488274440045145984574421948831948
2572491625810442040201682033901611929056326647814231336638674690947704843
357193693725361969995534017696133029861729328635063917393633209845395271
48764461892615900797125287052130147584200271089890037738572275715131812
6543245088538137525351355955066383884309533455351859250425483487733452
862597689128504548255414186933823276282906054815984995397200201442464
111680847351439121107028769297281825233598213405993912762702871212074
14194783301535464658011286125851235527177997192293227636483877967308
1770422402095566790643306389102459805190948291988362501400406769254
216588399366052709432992791886872979790638790234745855921838034370
25978200542183101289943980186415556483926871308970959119793082715
3053492212262023448053053407692584751484382885285367558094330084
351551683287195853038133756822805879860493969634590361583213040
39624960053907676128157914712285004812802365169171617836552540
4370286087706305300090425357996940817523450183151060206476565
471386543384600542199756986865833769317910455342437902361834
49696507858805569362340327855925970926746069315875478100736
5118002939519259595744878049369988424611142080994074767332
514558166805061550610014921259450606437346672317903627959
50471814337097761013748216590592071770572020385306419290
4826719226377799578219673172649493064842874765037215348
449715615116434607902027414273361867044185120753330382
40793002222899765631931028427278444895953837287407547
3599628442192432518177082911024718970692014012631708
308744124434440973078441375650780658909965161845036
25717816709585119224224015997139543883204307464567
2078586486393957218850310631259442852731364729519
162847796598480056312292891021098508029147790626
12354676344965795411911515785804772106463045364
906660545898529051659100978932896234110145560
64286458053938934252666783827706491097912369
4398650780438136065401019956054256660834354
290048708244929210779405317361911952478600
18405955008460839898388024654105393159078
1122327392321344740524565659360407524184
65650790719239092936277469061025960722
3677442077852552732802965118837471542
196877677724673084672359567235770859
10052515840521065670360790076059687
488400409135607974674139828366052
22521352692119790340065650785606
982894398463269096393317789673
40471773957224027041150729258
1566776014996581103974178988
56800592258296494951644938
1919718154016559096302964
60175717343116192549222
1739037593592632193724
46010434715767762668
1105201862813572210
23860660494905326
457263430560616
7656617350208
109729120478
1308488376
12463362
88894
422
1
