1
676
226850
50385248
8332617060
1094434774968
118917510966596
10994408638262344
882899129269954624
62559173123844406876
3959995734282336627222
226190875157150803461812
11755042382187162156037614
559701498260776289867750620
24560500406241501797811723574
998333710552793313133689373200
37756728059960536707143486916865
1333768962481170031992648966051316
44159848573947150471758283154288736
1374565443033392625992509038692255512
40335410235363558756324646320052474866
1118575831158053255896529347602555781108
29381620183726439374934463495406096675140
732492429375879261775569501589334007293500
17364282533524531745693121281998167204987768
392083809652364642760024075141232573586093328
8446020761375802980983935317018694663329817378
173822827954954027419305395016530164794099594044
3422365240183130594914548542267642298337224280382
64543474161189666141996076366235083433297798086860
1167316664803764404748465385604267216413859223145796
20267743302241832393880016696819234245280238315525352
338175205199572645232545296168978260540678875587171552
5427617226478404130296851321741020922861603716677718112
83867518713207546265889184348193801759268597280062275710
1248700788621780744953762938312534708130706248904266397180
17928528643312643692620960402834033908848284913571665973528
248413259089220453310373116102808033725518541725908455552900
3323938854993720290509851131772143487073361534426180443064998
42980073812726587736517474212387966525337240567707044098603156
537390075753501067035282587925258764054820650623949064248366766
6500979801895547812837568493300547623133877077499879041026829420
76134219094307584926885335949510806778383084681464262735319789526
863626390335745461078500513878689473911604307762133657269612296856
9493765568938620115720334451839399532976327198156656459195177403186
101187942802750586103325918417935699990786278075328840016227955557304
1046159428581253406202855708949745076417620986247004854036710458674418
10496336526761084505292392620786296550371272999923546183343827533708016
102242540895148426333097837341054111283449924569807282821796881924038232
967285432771137734958912794860726056889512971965711100816013923925772084
8891484030779788152828123769414325777909995632488169090136178465612726826
79442101558171002087303353549893794780161579000725250159675202314805436392
690140577867544466726013338650079292608798572654925141488231061767634222396
5831521526297561907210503880217054194730156956863390636372373674254586077776
47942951778981025126859511386503009277740696506028960695559009367943186844716
383620325776336997622397937763970758136596507816817322960091710908641232782860
2988425285771759807366770619729029515188218826709977781919648908468987621955404
22671071251316830308926243395629971771844410330915658505703169133950358260495192
167536942521392147529219246850879781965720805355619623715530903092706758527860304
1206350480849457959857786159846651417615040284021335090624572511833318512773885376
8465875964490329367992150963911588869334486257613125860055231373325126811811183552
57917892970846788281323607389138810185338872764892040459355152089447625006809286584
386366168491769242834266626507702240625983570045962984512513648928123978174563341060
2513796947791567205900037910760543837755679729820226929846351433228987149187860667468
15955182456576144347733354087018554281578796498237913487237578249721887064068362529772
98811191968532743690844282156782068759944875743089982104621603797744764134742554731388
597217248908839549987715421798856630982827375081119997241292663370799979074417138976926
3523435660975654710686425997503593832203929824578335630104251204262055412625636867943860
20295097547101408286497073162263837172655306524203662921901303556712659105733875887766592
114152887141044985999330346191648624100670614434105966929387999523786937340109408652133692
627091730882493419671176209565045469306124867605371518022643490127808496314805057422887890
3365104312170493997269668756898033611183440094465115098790621494140296649099603644688975436
17642562176906776154446408355716100482614373284507253448882731028424948674810129291033430386
90383771414030477770265511983579099609903901893636466280180484531573482525293903261055007880
452535514884135852908422715542483066218117519384438854554791600298042969340217571318734768474
2214694510836735023070174620682871499235500367073643180774901318594574588474157365039123899728
10595888773521408127362619753933621324515791038996961855803156950384026482452452917239882569768
49566104616705806744621588909892402699489200915598460684097394346797194885210403464488506818692
226733414435864636768229899798025128934319988992500086684239230685399129418521311220799707841972
1014348648971320133598289972101340558489171694333949824687413619659521134886803598143337108009024
4438700402457788232832801361056228558728118941297554453609148376168341809073185593143275759137259
19000954052856411089691454284919636488405187573770444707318485807871567568800252133149391641359000
79579000021957257355996396995280483454590825807571668717291372546118119399814965292871772376743696
326118886740397365656405846682528801730966094306559192722031304577737850107860650339169683566317832
1307847809806880320545006646459194171054919358119448336281849164588436808536338200027899320096604178
5133223362881337135341103184567324427990454148463532311424113199577533399691400072072711050414548652
19720653493467729231663939303212245274387072080333374574549047286751353009576194187941582241713518762
74164446107676157806008646996125511081602529550609123395965058892557769034913488618033571640643359556
273059531548974193075121068183684335946366385494148559272889851387004224675943836378934369762276701256
984347850559334922069770722731239551216463962336415216114277615939249815552650071532956850453390076316
3474648283935199433727459578106091247157762274223630536904464906500414586399675929158625024056095241020
12011140447768814235491339942875526043330439360175141323821327017086409896610225495800930694809915638560
40663784136878874964219796998650922734721033960010053130193660715674256420969860777027174399487727453600
134840204279926446489376556202817577552782800194743575036688536099126283046540814225070876874683784691728
437981668157514804987106866683240130685652048760548134383087182578949429616449359261588184587246231675038
1393648407119899482647898098136558875567340933965104769935776686240010375312728627368112226483983848546516
4344563236173466238735886892358039588962886668815175387992541414359172387096070049740496097052793128386798
13269927108926486090705098436781197640901773992578446890572999129723124283968841293535465158180346100142700
39714898196255306085161413314924815747795748287555506744994512905016542474661567881924722940235119441170718
116475068728574344378575894218232588024109758094623865852513153533424989039958618079935361918579781596063416
334763695226248365665182990505242345055719615733440856773572316566125416120739372744483781384004448921256632
942974642087173586475441811237720637385142245167731198740434262971363205950855009665717800732886544724272344
2603440109648258181519811856046169673743330977115900528237665922578103307822141059845402833120153418616342966
7045469705918283102413019385343233086398228350763297144093562308932622194059811697842869779914101431199501200
18690254819083305712470920775598796160385460387743371245399412474541399926707489514218026481713944534955103066
48606104621346609098520255397410649782130665639839272847978452015008585892984048552639061868570751961904511512
123926294006637169267967659582389810580672639863929383719330974088425109868146426295141013130726521942687239992
309784169071823294556638742492052493593174107581531951662107120655946048889973977348814036784832835093238940420
759282715668994922893987386123012496055108230504218592520792940079116934115562148524711999705827334199765075334
1824824694015916197162133209471855350164497124254286354601407440941092853805789106561912171473512087187295660284
4300672177311731545122042888151842200716103389860818793797369280065858331653247928696903731810371586078493080136
9939687346028235285550803778342030531519039135897171863598392433449216561399665323036401766887868292239293728148
22529595367958398932576536139545491681710994620621329489875700006238255933528451262925280739044911556867883020692
50084218555641332030992262213005961691228467815451909171306270114192338299294457070813918985759200656236222282524
109203687311780919844039799987734128949674952917904987464579221566722843253202646145320562841036004974035669862898
233552301752621249170200882665359425731134032725295874309883257017271385001126598277397259500080555898430629467796
489962154145023450812651122948731439879045056252680087312320942633239031340639703469718033953312861204394715764616
1008307707499951161138736870691880250135572840025673665227676460740547729841956342933349535580484471403831679934128
2035616701236845795787051157523777272645306581745232682039344371470921716338904396289046430550166876576642504544968
4031726589419017302812703411322393790086884455875694467906490010934860913297564066980685371708062014371079137921128
7834254437281682917259427747653035146171969159254102943953767342837701265693121639182707057779756460847631829680636
14936017174084932344782715961922382680883206695627666922069538218519735304053501665168402432390878017482105883739116
27939659195636726938158399673714203522996612689561267250636671974992492735818944881613806306255568760725568483582428
51283169527063659089401801498356245542335157759402813031460141749826335951140196532586218991193001165078354746880004
92366400738858440046802331434814769881790622888640534395867985951505542035863346582651484503164743267243329695707846
163251141565235150236679426394783722746561656105421799617944176501753674046840611732569838467016478474386411063755076
283151464327843014234872738671257502780372065970204678541459273811592285271562857441661497380582986403855108101723504
481968688242770437943638597852373000758845063768878794067070399964531911323618505157893767897636646264358994998118852
805143038689778873227047974390430107578680116395202028153902174259266004057210822618172141250219351753800461730098297
1320073115187158380250180392171342274501236758513274201583020325448045865624821742048549210441983973617138069730181712
2124271075191769711413914590213469464719126914113071706650989097808846512465882632442147443392807181016283271539957372
3355250444573069974438067694475686460111887266479680633042513098909485512239828951888031797531984560427280638335473800
5201862231215326465983783717017300634239479735947181012645667027857769429037447951948915360379640415604993866065684698
7916391895579628564989922366401185432027965604298513938608279319029745748670203486109057301421283412191419323464025420
11826213522683239476070753543848004182802887079319747417827108551014391675356286903131672165096389332590205021312412288
17343207505740202551404228048397955040807125037174343416580919499467818775875993789942363930598431057318549356230596936
24968561592012102502731226806904139192118474355801462636135285215008289095240830448975664902879480561633049807241666966
35290109629976310799055193969144684548579224140419146888556104298562242026908727546141323540122698461957088525237783432
48969167500862781805628951020449623288142753736470489883482563210252149344883831115229705428505024366044825498320267260
66714063782739992744659522759943077386078479858946686849154603504127020457705538730629540817354619712918360801351046988
89238376269358775915190209236189302319341010244531609036467034812906786705565380124763494909497576276014199659627676560
117203355969060464237818097467644805475442827890083428443342816309045888529463424700534356889111758645768227412901411800
151146124476790249007034123194395169762181925753757794019348318433791946964893077951553140505557340125460194854567755922
191397806452374943528509792171734646908402867389867224651919905522012777944085579381053052010190416132024806958259937744
237998492202591795670647473380295843705287317004971473816578562335604355961588707404369656582867416895577723807949566382
290618369504633913991049030741318538732552535667528426149606685417905722886326695621880857492838592845331152386537551664
348495997451918568934360881360789414699063842899330071011014693608237952323368003171899893224109989086313056794181563338
410405014342045261622687910321837681502778744926383312141577007070920834372002831280629376238886247979159270858297199056
474659203181155555470824451522096238747498409160265061633184521755030713747114373527307179050085809640436234101703170144
539162650394782385875294562451592343681522026739123376431435434454597267764105997294155065200008492964664784012611791648
601506915512163811683017912477589469151734244059188567080855875022772002286538871084036739524928047184597837961581725764
659111216213691018341653851711049676125452211089479178394210484406669184153443871424819244092164222781151083567949763460
709395452360365316997875737067370291750631108900175986031020662512882901368426463298904538445089412763753311049602712758
749970441728544210535459253603074744452781798165577600762755944004437453899553248031070309221333562872314556777410681760
778826005558790065675010648751716522468273239822948910883997170153515249999943138268619532558395346147347355591421496036
794496299741984046521323086775691588823689459147448830637126653634478226267054018542588559798929790878080364046108408716
796183429093380025729438981726964698217765241465696996154465590981731162038761278511910460058702048371665115587006219098
783824809118454014364141268419727521859771229043423539425617354491583348309505407447769026508205818038567747547211596092
758096355287508900623894180057849505820256890619388671527819937013036206780715969184371341532531863840488841403447185188
720351386306952397797176841273499497274695881393165119333116204082408096243581946896773753483637118589890852877292738848
672502909735342886842067286240948696213125590987471481823485264386225516328504561345789261126582599804105501880620106164
616863512637471279606417917518998077378115317548586986338343568875966321836597816446566101607140091452001682633853026004
555961442158989317096385654652511433241486158761335661244820300059685098440480560576599650511580389103580654460188443080
492353076027960676101245133733376161013878245334209078114457774495103479702575737541004297670342006427575714356513320996
428450787542135493993520978287279378781414674917212590481050098717554067082524515038898341282786070395599269221061727318
366381610317698946293274891026634021239993746712904230327660141249562178545178151128225852933793783766956496665688723188
307886869472336295360345509961612387543688635183734613615589549022419719068785085641228389842452996072610770524748610664
254267018086489127834534587002387965407908854778249157066860529069793589271122736436909170096914005259348582359307451236
206370246657509159579296332940084191868453242262850988222405534944553530402656767064669754726558517762781653874678709758
164618794870029004117721755339143637646424647235203126692336774910338596245099925395784902630370783339105976130911281944
129063784890914141298079457708244928319907953427028410773132923010791267946897095760676875162358942256123688018858352258
99457987708040117114156856185695636571507632384800604272677485391829329407860178293606952932362098308990421166004867336
75336107488346203953473535686660916393450935647562987494971894924688273141425355388051366235568627291992775887491483664
56093582757328369850751707095941216235251843403897884571431354428609001997415529831790656535869020494125810258960929116
41057098511349560777515023814109451562793721803987791713361577474133362476572376354147692076684783492861470486244522638
29542504853586254211841260706572950539651153025771847042228088099769643513223598204278627385002471906074840380131900488
20898235719252684549085192321332016807960492162752976524628372420401929624255285945144521721964984898060829694415224790
14534322732170051346357751228546059733464834939102877279929473382535472971618178451214187894421769012950125914338076652
9938545644336635825836790217269230166367663347945674597797589290286442431864978032125400440776160077704116986647092714
6682117571783230940075203485797451925029436896987774298285853956656421082637171341426270830878144830069345515629161532
4417630646459655121828613668148272528597605211531406378284216359883476079278314803201617331101406038186870625669419084
2871903796560559101034633711573387297096759312612816149996564342755582795919939862417280178078668546173132078859079460
1836019009570356154416809167873749777977362870043731158279500019641899071164605706954180362164093587630445714477906564
1154338805736200341953296206325458696160103939774609980205826070099040002035503115395616886116930234760019635410118112
713774018637629890587938788483537328172271462112799106013539521962836349067326905100894330787116611939596696316859810
434092647882553625438818419631527405673859116024108117091797959979155378378127167421322813701328407593277445581116048
259670004248512195960955401612784491223191190386496724091675969727854960004312096515689321072954074184509870110984090
152792727612253032896164515313504454836976827849112506513690613367135356963813057738072699772977607181388054026954900
88440156308711242365127614169280118749924951315156279295419876863537881831586212604130525947318946880510023582844178
50360161484311666107046782303653606605193704652314925120162273980567360501786492259543530992512457991950391716465804
28212456996119089339032074885013992194514203615145636914884953924094182593254030441613103990976192630720744641330428
15550229436217516631109075194653490884924786695792813750200300481821383107266267642902910700222745787061115219267516
8433371510007486310785253368466847476644925639844569743209159174868777940708297162420286682839652462491335398958864
4500504419255457351521639066036968951131487874366301210208353722940798232802664883913880270059701846310568725220112
2363438052557503589741517525231381017471072792324705580312905809816809009972849376500887837962907316791837083317522
1221457699031888491099062402926829168620193632236335353767196957032910523799052021163378667924452122424172940432608
621287324872031872525790200113115784612059562982412830939389005722265549404170247389181249828753612839895081036970
311039589260788277505133882773469302860053571587032909297487453229472130529504707759588048369795321731167202382844
153277288723818355140974488247474897051020966730970756927193989251584480576096279027186599302800049412790697785508
74354860199049147226953144894066614084312578195915139015714067020363950483292667684725345698995811098990799119004
35509240159237304925697055091062088633545620459759611820616380216493389238357908581311486462613689031898558220972
16695734546879458081424083436550989708358400814666875486736409346697744546468758577027733147549569987448279011468
7729192177420494735520714688064902505501912628013828506646589234863046142392074402793559103062864622080135149366
3523384331864526608582200678222251625477888742798085824924386637898689749764929902408092245287821638779972033728
1581673430027494901190590229082542872859656738682178357375726521663021553315992622493960031072922671233513228428
699260013217361707766917705748555047939822455365967793083747452037300927991914202566955152134679011883116134504
304481194051189519431364222734035130536932172718839388879678530847659500182366881147768343064518767954024318582
130592319922173754811170637211780192590789802486261949771175310590683246390194289194999320968701623094370991728
55175504349671680963922077147021044650512135613412349538499883972306372384847270459124505725095541205246774033
22965890000906804696574164046210100936183616731746792986830315618223159137887169326616963342784513087771595068
9418158198345506867193794840239666304641134020898919594397579045902953778697765886098192062612749071463735512
3805682108334114172685881993767333269735091159296129097582607983322545691522081181493662808946622082687077140
1515380220378489368169007991208361880558440686013041606068019139751650999895437871244994697303283681394847408
594665449482068752659623751542310795648327018049359756719566068333929266641701578669576133909036943467750604
229998946794363909251108592184396945154901132790430632118418064347793314497310964167898813537257055054666834
87684282230613473800810878981401451443430593621184245678283171293230082654878066378954417295035470742957148
32953517621980926863625680098990734122524606326099097571941329139675327913502546090618149224777853065806228
12209782797290523254191619290404985159117346539863037618738520683801968293988259365912676364434683751478900
4460493034161970229488011619464582405040604273772463575627082441315784844234457976815063891087995908177868
1606829621413970009976289067891190344117036649230029552357438382755398046731139561300467182496783752650872
570837787774884559353664844226057513212137994374315917152151339505060863276411353111356260648400008785076
200011981271379434346918706295844210110456917595758002634373495254878360550807234616215493280597625813836
69126537639929449216589796129239115649831355797284975671745292218857041954694547505984375221771075648650
23568109800704169113201506418291064878285674664956382534928932690224312173710035862187916557937062763072
7927606298820311917068296975125430795680107819793867842972160422737310097348647724548020511575967767066
2631137378537534791383684339358607964156182052701143302969902488898684693477428250635118503033363226796
861740240553969235574921618378342833630831507158258471862006170119563316088717829384164332307306806240
278540518257235985564517791850795812366451449618062777479252354767464753067966115166433861514411164660
88864388364973791184002826579944909674605819596088602559978425369188881905220598544395612236157468574
27986148970468640959305942772576888574959460403924017580211978691922621307149582766843041054733343520
8701288291383006385857553343029214999771895406648371165875609376250491530503458294096961500163143374
2671150564893252940624316999967861440140763843842821019015795063244618920659525187723112472254714756
809724405141145180309539076096755105216009150065363799315636934881004129105879666277765125194672326
242409721360814543432794357416575666210590117866634420255110562453193422899091282255578543916606120
71678159687048148045489972080957043527474146863547548975917092755004889585993832297108865525208482
20936199356209541267404745407634429893747937448634597028591463499010029802719703209289832734255764
6041339317152794189214922892699436762484774319263183255427848905721966096914460268009356976041910
1722436173195500428163746341885929660936980526487391866552969668546111597701876972928979430061948
485263414463973871495331770362405654110204669710963167993602849326120349006796237075288236397658
135109588528622939992540761090661061164044107950578667104992703036331974795033188744103866621404
37180764058140545285245071124603991746187257842145706963264928033477655184570698357247550768964
10113994995353088349286464951661624996181577238320485034530610800919750632324868540880662070572
2719866038621792935004794433653576249692507723505908611149233159000267550979758580748001298298
723169073999931683125363606895904768850404405160499327653416713292256661831502211678247738108
190127900026153759918006860015783406440108658934323264746591205839946977034426318202601186122
49432248368625702639736803479530571286985620752339860843641091663075744134761706390410820568
12710911126260963723889871911570065857615126508307715755320050521761106330692960642478293060
3232855565140817166667171371026986307503767512271650790407875907258977816081554244333383592
813352165142831389560691746424206293869508212935554040125205416151038711914713556727981448
202437352729676199026442519868981704362716985151280111675654357435323146120693472301188804
49849017903599640859466058458191045000727520401232739807287389731841520731473123950862122
12145282331281849954603914841860310065849029436296034581066562044193856766981563652316872
2928001412163525434086463106551204261825761775937629337294837133630583771681650952365402
698507861366709718675827292671200269616024319753786779363004002505694228485545163681064
164902415868849508055048563353589567727268019111865889934809623549956680011258972754942
38525920974863025008061036096472694730817624339807792412567192227797801433959888099824
8907559289444501635711762847830138443628346199334942762772063928911328670168244655820
2038204991647546999879094243766542101757373065265507318085249336297608534670416235848
461549384812587024700565680893200041304898026190239309163058544917403581348327704710
103433440792247331945790552659265120545264413238706837694144623500209346592668336944
22938275626451984099993136431369054053424351323792648936662883795755473508523408114
5033788653778829533044361401842389706878833276267970343048298501998201392492212692
1093033939242168498782169781153764853249386150503825416523721288534371233876893130
234822242099754136688718435001378420863422499607478348778986414955276712153461392
49907571357289227352680142961669957521756021814292655431515332568267363480836160
10492093112332034051147878307543266542730525055694357446728092064231288660382656
2181550811136240996486663260153582233769885307537158815595521099343956057601572
448546213594669776377138882018562941477908639393891799794416100977402922055388
91182427286619169078275424529320049891934189638952416012511078779311157232672
18322849913769668480687767427096417766350971926593401328369485578321585940604
3638825622501831165456793929650491882755021187896002253420128174632324291754
714030978128771991155624839262628671458235482494739281047947204946995221248
138405954705310498567053220734682692636955309075500385581367990461538607114
26494887269886848215602485009847537554104268613825893022134373699403439076
5007491780707627485524823076844212941999210532887242113260914400944113510
934123855677313189347494095523071172164846532549128742728473280644025576
171942824795343108777045806149983026944699807324949939184724089216794420
31219269162745556616423261968267602738062606911808755493265860847464932
5589574772984023386441088045728357359767098832277829037083375976689474
986518412957829662220559125017677067174114429053359247086947757170372
171573375241675996766898061446239200343666335918759949149898546298512
29393797198970031499682530995999611146313640478873189132721376299820
4958614930308371062334063509158911669201754381967333929890131747376
823373158650652337643887389805153354250003551907954137415240108140
134521677701728877645407862845883514289075073197907180204437629136
21615708224852166404168573945033944327577521229839023571843172992
3414642626490912495858139316037169353267810188517823968596502114
530067267348048740693733571293004286173536778483247876358883656
80822470582941830159236937026418195300603671696550725638224744
12098957183477150887210015359374212688696579740508731464315832
1777342705602375493320438637776196950640737578289602435471716
256087056286241762255168621388363517919678920709509850501952
36172265524394941332372453382495594573465142302625691392498
5006174272896492696323023826774510705735393732211714000948
678485415262244810793263617523004088271613461471157492440
89997922982272407227987419076642329315986033653586809160
11676840181138926269068478921975540305207722993259632708
1480990107461961741722011674108139276119198449630333204
183499504638416578634092537488609448513049535698782348
22196448716203735455180771229468503625131865003231928
2619358611716484105530838167906798824191438064905552
301336906039180011775596373418375195603327661941272
33769412836797892536958291575283183908418228649178
3683494826013977398100462001209207817219701934784
390747101485924425226412376168303320330587999522
40275881515226856471438079317390147887265365604
4029965199280780361057299793266062784764858766
391052274333162344872588536568012411036383904
36761286502540728248240535703261778793570986
3344154282040278123411139037821975067994108
294041356104491957064604596963013818284626
24958014741675346189252377161638534813628
2042239538508650659748914506357419835454
160868911322069483996447625707279090056
12179612776758961368930313345960967850
884841503867473444174667039925666764
61572073274141153066644992578866932
4095783748221550849923696865866324
259894758373789185704855739283970
15694592861980698140948747581208
899659873131845187592033991170
48814482098355965039753575272
2499134936014669596093729372
120300476589381576556213916
5423170858282400548266922
227921164218234902553348
8884066429179387589008
319248805466794426824
10502261462642736272
313646665960504600
8418032260655216
200525814496608
4173047513062
74315267096
1100989978
13026092
115376
680
2
