1
729
263952
63287950
11304678954
1604557283455
188508383315822
18854233219586056
1638832271731885550
125758333951420793715
8625821313759452872014
534170709532778353460290
30114067077708800588734602
1556268688445819136587792765
74163906010430603665262741826
3275702754120716606714413799994
134692769834173204244719683540452
5176083452972317286831615007766886
186539264146145213190935913685379510
6323873383534105899024313234613128814
202224645061075795746708280506890130118
6115042206970419536462201497058112022309
175248589910746227038097916798753068341640
4769653393317054557996430523376174808045726
123511480313579499558546657860027932573940804
3048315474764179478618766638691827376215123981
71817318712377171350280296307154828656446792212
1617510959374331327276778233033961638788690027164
34873803510265936752206643842163545822632625937238
720657364663286248730883332729796200404658809037859
14290306277419041198611551820127664115627076710732640
272213263201855881615916539921367324058004251055512854
4986240380536396817103414970782125673132264805888239816
87911686357475505855777264918567812496457814327243197386
1493197986711127704283585264427156285581263611698522047202
24454022994901993507727463121337403223369639160044261102946
386446086966544331561524620372379854400056215942158810059945
5897354888622352485512938217270216436567524008574439864786447
86968409240990516904760901509690625066552690537430565031346972
1240198917923424226305813129807719548426967893403132059690361506
17112801351333133282453233761751682767065439920860538534798157190
228618333374931186364691543009420501751039970887943689580903930646
2958750299689761984512604231254948978300915893462184030825884235070
37114860352187951715274056516395193357998442636276592484112737107896
451495256230821890502176098558639529737077652296269781775361143140772
5328897909355897344453956168303153951149356333649956966684187925823412
61052516454766176021141502419904957702511080630782508872264272843749350
679274887926967505217658880235283465653961253094033042186303925621491602
7342577877213314474467681102063354932369172318506837438485807970116642998
77141775823349041917511710877649814715909827910667349238735637968074424576
788021718054747597418007264422782931561602565453034480397852710251451637750
7829904266247780663262244357651989508214845209660855232600445221967804592646
75700697994797856666375917657354894342333890471081521838179382303605651761772
712389572966735040074297681631025289233233001260538764417282268393843763873655
6527584584542056560206813232984973464936980583254032003055247247577071528090828
58256192329711041201381575730574879471998387923862211626231149363318185375871666
506545285569673499541837023997150205336229504047176077689011342632526045125135744
4292476385409766228936552382201821312033920647081075634134775654482293434088618223
35459534441323700814021306920584509816756699077068338300249378041273932801646218906
285634759568195263252173460160891307543613344679752316785632940603709145778739283000
2244166495122893889331910468298335547404993654618014598530065397776350405112754108560
17201804924983068879210170265728736654375824923359231205472825232545913103044998210484
128668692042203515072804375639486037406963278308640935865222603788548182468485094978758
939405125074983824464939995455387331794431009160202217770664488821966521235981006895486
6695943951477016481466596777895052621458937315677741709501288509484539087664046688808004
46606212176500353298420479180948464842667704546360062249606331009269084944075990271825526
316839951510399133389469968277053317449042690418916409837516919049132862704671465449107770
2104205325324627645380553960215773231332772875575577071381287879949644534444627564108442616
13654421030253629240325053125809077032706811510244830661057161532777756277495675420462254898
86591961649035270464271746995994306204213690054088593991927962552183503180699697751029180048
536760296812647003119624014687756404201167616131540220079731376419855953386831051463293404934
3252808659568365009096165650307995047969583837235029680744953171546514242073108369262153195578
19274641120963196488016935969688041438377034983567350249752101216564814685689626280293202899824
111695499443421323363564573747628494088151460899692819974115502944539609773373791725305005820618
633105804699124493617604765025750749026762856672257503374855692517925233460483856886427289875552
3510553764075007213376518471634323354961374195897040793463107745555720031901820651577854931585494
19045791939241806818330187553964051892562948116857031907241596222656754379495044070906433230034788
101113666401789376915111755199021761851414654697700897648661493138381579940090915250703423348109377
525375114291882544458726335252799930701799669626120593553605434142221089682297049587128983153652514
2672006369381574072581068810518033469859599778583503600049737346439439240590045525635297058037097822
13303673411263591170536694451859208618984432517260873399354913583790654741792255774254412272983382497
64852656673311939320159966440970997062948216710201688108010634546989274371783124447286517584264011478
309571117187796093843691612173905947998522272183835265416851987278603185332896816886065146172616571074
1447179228235187533458553171319045826992589300664008995826530872662065109723292122695389601055974893788
6626201612049065462497348621726297509684391333870380037725302050103515983417706607272979211406838294272
29719201984550557316959027304653513709072726885908829691598594771241131228448061608831140678369099531231
130583443408896030548155559139675510552119214410691360454710280455554014402831953496633171006608814414082
562165886677655236306755349252858346643010073944529983941640969666132471094846205891910003814283697633320
2371438426218833661600855503474909927892002901332890213402538136326662550349965696601688238380298914603626
9803350295750443446703021713743926401376989717156726539035622148212339943236083938227600246991445203003777
39718749483237056121591790342947795069321731116875644217978933449573410276245611676049376318386817654673252
157730931036773939408060127389708579613989820852808607115311063716299057481992889527795521338508993303444284
614015233760379947338961732761343213551853501110049330712919151257475921721343337359623642136271159588268766
2343268284050052790379622890210073350050346699881282704372132853180665823591707913003830750290172227932114543
8767666160566659547361882795954639512997957409616489317600419678735236697658645927300991750498109090133655410
32166411385972449386538984288686844648470750695068832181338744669483955328177941478320004066099957912041792808
115721571687291422348401182106631717042186948887774361203295905236000698869224875786131586719631037545513504648
408276757425614271763604493642566837609424309517122598684285057275267369018019548140662139221800688244853275029
1412726821864655436152732256723910864986442704887317526640311232094719854872332561527701426979122793776479303254
4794668606595226814772577386807108394344878455816235502743716719488150306203928232602794573302962049529048620380
15962049882075063582079187566368384003493011383271761854060892685732741935933007915014572940150460777353748556803
52129113486775206991957990459371892977984032195903421117939314979835360805330563248762424452798860745607622453980
167018563909151352491596621981123829905543128213132442817927579747283579363475843797962123317142188117330774952660
525015602008723516718349145548563157445566507474069375559023559083631091465541322370268597699497103528907352537654
1619318558278109609997884243008524005076297816696266787151497541167382458144672672272550549319760355955268216839808
4900877112741356920169308916983063519575823481400441616437639382613050541731628507560603036625653517407587955759727
14555424206457715731791290967152357246841356846149272670797085379692334896952980917816768847407140137415348051423164
42424121562810418281243081496676109470320965800300108854398246978664534491670780610904288517747728572345542374657474
121356912000216346689184934106654209408202691335189520915735140941635051675946233326429409964632917187200376820007214
340726507395617563275942095508193522231208902680571949762676452258932862984331138821319423956896816906809937205263324
938993360452798881174250594924328444149748349638186732058088575205187721018741957146455793487973508052384639658752448
2540148793203568773488191892850208094296478336067082820031713047022696465056666269690995595260899557269900378770421086
6745592142775148971066528537905621678637224809167675796600115109435989732260764115220778651985095169042399829066837404
17586076957167003583254438505250275842132305814850800838032314388321839002814462055060153702933120740589009275652244459
45012067176698430218558673024223471155121449105429302979243699818543447783354160121300386710509308056969382502669251626
113115636615283994233816942459959413891705994901034031462549307254257823177928395406462302886822492968496786271620015756
279107887438193267218372988836598038092675188487636494381596995822424928100720460496378837919929662079424851097195947918
676237017468768340711343765005849054828143941410961357216725260748936775305576861526472761407218324966181263385818868962
1608882181068935708223442197567563404767417272253765082324100208591264048132245944321229407540692784320106737029395349118
3758968218300899142386632745814807759345551816366947856034057104435561728629046518947856400202844806013978273961731078468
8624866248735831199793411669688077217410709745140606227943007098550922426554896588128001108966571585202885704819345976241
19435474430562769778705150864003586862775005139229090919058195522137443674208657770408424176129535053895530113661554962826
43014643536638559774610005931823474794863501199442240347098975323632307293030508948300955007824024700245768273000438848560
93505004030685655865839994719484088196352078246134131122637051010252384889463869444296065872542677109494592050036212746240
199649980578353906716538924502251080710742754330184312237400761138347646598334386514167864107220294136936536183707267858491
418733552675281035587522425227091700968061878349790463623550934307847751286673222401846571986857919317064240072441315049689
862696702906351754456520663158923621392277845197765217818518148558177156161851217978375125823236975771707904696759339096602
1746014600335277946873003163382599886323605442963578989556971869262672242984499888606337157110282592897220360873904478497924
3471555367557304328767024524492511439806423581279725669215168701761109166869287562707858033397998910528867793644426844865191
6781154343971530411367397543938048665468456463164891220833612157524364933089948091453060135786333626435928708187428486236706
13013765547634397279113456387250063972264733223185614233863491850992123783191749012457782776549875468354532526281280863780498
24537954439934484294274030427291450381703734805741141073193419290826266067046337589029269719102127114807909254568025510943804
45459608502384000869890334576684235854379627147948206685463785938779112617018264573067821866286462611116536452568208048316352
82752408667230309296333451195752775707532031209698240825059947097162592456255865962973787763845355745352755123693303249139045
148019390810766640598556352911531004811831391231230072474005008310812583787372786314858740857581365131334011850608982925257414
260168522302853005954254093919563738574836530009955145835720766294003231985812973697156591983104924327275069905596148012023838
449369894322865243365912312491539274690770095997434937995987644647147194057497895310619113630042926202111335800034256119170567
762747817430146579946450234561872395086635388452001628587576212930858337432844127443583440858377125977254811644812665537945779
1272331353230121564614217780801461939282066767028078714796414458405902667257697506271009471615991655797103982173192702353701840
2085816105315447986816509171929305432946482127258930064151256476456346300520481722238912741318980136722263865582823823542145172
3360643303754719183566280875291988411400302121281963380330154689083026201030557518465436439384963015698661411086937953913151989
5321736177913587487102122764230402635251127462702249346680792519127845373370968934981260103465920072155683131763985071413696774
8282901833527968614967153836974166074009143414689023813260082102939648563303451355240392479372505262066714742152708389424117270
12671368251373227974086441822646921207246840582936716068854113868686007844342950168657588976940594042254032847485376097915088394
19054157850334721573020176409848682277727210734404229219666228556473692067428767681079115663223407719825382300313397150477308152
28164013066024877031617964603768371622070395278888722924835360920448566031186036716657262510570761114902045720486135283718729622
40921448908099001509100107768545951670309945399401947126806659176698257669882672039285190402109925755393371184508537880511208870
58448341195995899012399420138777971040728203349734897020507072903031675337295687517641423036129903854059889423878518720725182168
82067466492381517263348467949659735292889819736910401041713616002922338599830770099506002970398760256580578224212948174960632854
113281851489670595759182597357527984013974529314648848605259257688367960388298608531945081354889580675062062068270856946992288102
153727959829475070890877610400885770369159266675000472604542799887450096505063911912965532429565882707862779151105112880597761774
205097921430139507027179333676844316057196889941531999035262094504678255952471229197340920430950365832064009323952290803043776724
269028389765907791196456811630693273935149688545713467621947242275321209040849654500470595305832646541300167721744643891006153462
346957236411345637585869234510756495316283858640898028493315461243016518462830153981915659670010419367031429022564244899702964929
439953976891565573179166306714148486925459954679755672411618254889319428216622355426037621447412984336891190417845098360426780836
548535121980596419253790456497285750249592452545636950573483916471776599596051332876147211147225264516903726298568725712821753762
672480861572070315771940977694739882963289777231748309923469773349597494165338861063715526478108061191675621693282420815280127002
810673719665336488638702514825044649158951794241171414694967691890000391662700699580615071592563735127367006380110767107466129579
960982109096352829918037923226108601230550544812846897649551475293531205768652628962547511863655138593214359321194264966119192936
1120211213679541219630111665117293479495869543579184258536494975430543557257423608557966580025303149864692653244134558846166233104
1284139789257787341551716499237274968580187981666174460923908441832991028589894530525659672569036795760796911370404715301444971879
1447654240011793594050805160655535715691705263702579256775999562721542757371145944917508288881216659326807320218770572921011724412
1604981218062144466159660575623396482660993166291310644257505379508990979428919814184661751604248213061316553176936945598314689282
1750008133771182560181543118278475853129483948187037614556884163831187547230753581256144532761250803767213464081308333256135429228
1876668949068420776182469508570021524720308926434093538622379516002908531149699366947666165067524980325930609254125009545905208853
1979362296578375716051360605680962947401827361109559217472637239851764547596265214995153706523303895878622864976948451758041512804
2053362089705002485459032155621708121515760680122445610055196755948387090506500311244074308713292336936935191594868290598191402850
2095178719031366112377171009164915971405973418193801761423926135328245780774731878801294695143470189432841172899064214750887240012
2102832327414713814577087069339830620619862408683533315450812573061377722871998529503102681115370723001246920517213294082202692576
2076008312480281598906951908214254429008816023399960389468594146697736673288547024118615131435632137136517365150596856504445512804
2016078038556736186722839865088335089339865846666437324978826482896506174082785523470606933060644611454610498143944524577256282688
1925982956465162736690242111920039594088628535592305582151571118282893805109059007343464295568212074533090256686366211867698155768
1809995729123163757680938878019885385578279615228693881183194771030881126969787583966535927832778728046036356772415993825651356796
1673385325072677757244683939278142026909715852302184171974305045138840760070231197042310755486225439719055958499142692718441515302
1522022521706430094460139037995938487560406606230339619066373448440717184973884016248934330072093019899280981305414125528509825164
1361966685142484447772102775171308560940196201861549321117170021539992172758406785075164922207023253810728505265991744038134673786
1199073743716449322710329750404437732559819835359487785627797628749249150880373457797552885293147559451477775851030846279145737349
1038659478732831325129131749328983512208219755230042251378056824905422364905226173767774604476396516686243727140403022385261854997
885242849407406575330686702416946459367632664071927932065314526867326073490477137844203418394541598106334093565167718969737594724
742382707958758392122316623322407375615172756628403249686845429622947360733989628556227440402576937033581831977414916560644064086
612609713548673803650631308534915951686355698025746938205411741296750585102635767368860230506580981380707468769616993819113382031
497445093382089887840447520607490472115077709981215608871588216647059251716308048276637388256539223748504474942388319876379595394
397490273681884435355335467282115298629563919447101060437971364470164455541532373240201215155096914797856405292534351761976851072
312566912298116838444771712395790845022519452771328350481328145934709298453936886303078629663742308387979964410649608973480802662
241885552245896306947634246024529540517174226412116695176543950048462487882301744594562015615071547157956806696204550883644435392
184222559243039384376635660488246986439525601906932357300163505033701442680641791309673337583484045127735968319893758450912855731
138088471785328632031670666533076465950977601690035026969483611642844884603186896380731311262841997927111699273078667568440919188
101875509791084563612474318570323553282861736709984865721151265241346754376954560763132791767454148897919607484198654608967012066
73976915967986739496984051469530585090010251183011247449058192014679316550632344750868680331065512014701452821729723225767611010
52875352440572285931890325702435134154102527347695023792804050399581254817686679276426458942390554161690697478942503886233737780
37201273702692584818904563940231625304544516807523496722842870888474813301045829809106895179919013689690207584367514803024883450
25764811752795790055047402715275854479490938486974893490007183628786168269196265721883184835983221391395663936853109333913283260
17566215999293922136172589790542715314062741114058378154392106991305219554947373483393528165959470279452032418464502754604027027
11790420854193314326538104413816723788762538355468837172644411094484171714670708664219846084487316638580087922559124892874168640
7791091833137729555092217089293985774599198505530480242145277472822197981611888456700832329074329652030281626222754779818315712
5068782781713384086366535298348107563556519073190253913498248734780945511646201544685306686205586093118781431711875483975687226
3246864243087809049055782794954135897349819514462958835357695050043498510725599709066870796155982969901783061425497591541143578
2047852976524423344834113044509944717670690639272392273743584149196461585867578595574343537970761602596573067519617983050065548
1271824148194811122507817252466780398349750212274833544443755317808501068709014223516131360316636659388729168285433621037256900
777801598245397609872201234764270539497657012215404670713790640490217884418654519705013125027356484334727530445923771537249432
468429527416999119013995261147073192410996394425521726854549867768661791001394321363564586027791071501834519292861551432816868
277826674288372293978580322164963859344662275269245787756291181787621770988005823720507267283396006889251911832715690356382824
162285169041470882810787594776886648918066726520941138572970974078128273134335822328030297566490879474904806586323112562810476
93364184338233315152464584518989380428294454837209869117625162873855421979997383003460044688771903354628473180836480843874304
52905417002442193141805019597669563990011960550904190351004946033952202070156581444079521337738265997199503465456018886394435
29529801471976872140236674485824331877350438092780469709064490030210576168015835861739041130084255271247690433733384029678663
16236188274014919001866302153983517658332764073281322698171647262484585830250950924783574483665092208117719171081614190952062
8794149472406391653991940290530305719059595602779950610127088462014513732024863056559263183220113467223814349585276081514922
4692597506391986378427963054002469324837167749576178987729710976289906868604554553055872335700273127217085749353055194174183
2466984372107591961804661892119704915387105968157141718684789877813979850857062111195489882952765919817538415736760710290158
1277843026239897232507489201089277268719773534689277478917464320933006916604630936275909359838688884598417875905360145429356
652186009930780060558411687699577875978005313499423111911686733193254876410771348750589643848504825524303933364285018520354
327999835887798043782840670218131535939349650787172661858790313549251857112492795195608672514858674702728898926479717384732
162558520982190525347078152538493963749608316639837142138362837881173699516082057897750891991698400989737982556439576167189
79397364351184852334220386103351231856203699944952603311348460402947048836158204688293044669339944231724815076576951377292
38219889078188805529091518858091131828414479258749281467252125224032709038322981139394187488514067937782132128193454618008
18133723802606660767263778660401947041552412459722291693610347845047714631137360353257448408533560309085679615863262978177
8480599531292385342167249633311831671887851338759171635671426807791398564093624448225040679780373466937109459494086386781
3909636216978216186292943033352720387027571119655579302635167279744293356754104566923431102716789616408315937951002131328
1776826963184539546799543069818480926504150193527199284102443352607164581156527983478235421100444947571179783801655987816
796126697261420902814967976960869341420647888371572110384961508436800090774785391311248854168658016447416504092825308331
351703988658200792670524257560319577493949107338531182565410688611810885887982346921534733026550384646850264145258318480
153200705102660485713202440342514236676538299967493073727585252297821489541972037031432020317991723145506410933700357850
65805688080728296362785438816285797316188974191116903985713182808203948370229461440184904739838164986641009430074530914
27875115042417717675525082088366395822881083342051614976905337459160278020313829964828986784549662311376979818620387247
11645345015184380469387427209471168828144409812027108819392454594639342802758057757619288545657090860661974683878864709
4798471680687862678510846371700989525985572549085219920178072903481732736950877107884530283440711561381648593410848972
1950299722815709575626941208324331659252691453243892091093898713024400211662197810789935924175237182431993525641391770
781953858286336049323595943004623736114150158428295324090438843274384432289922256904933198631375914422425745638300763
309297403697823317912652368786243477571629695266966904872277347041007338187017298897860407955423716786331594179964421
120703919787688722480146319334471728283437547179863691809718509273820507762819259517361143579554374480879462817255372
46478438971416938208667235809680916233799882902902728452532813489922453050060144538929482972779588552904862133281724
17660475696927180960053644113558659940585275101925846487160232293447646936794210674930303230644819927825362417448923
6622319714389142791142812779488961578086182013678374759507967971606828289780313724601518223950162135760523829399333
2450820375942445478348661405259243346425891174368579271062733038430264541908692633954493728966017426438437513138760
895248599801169237160809215142321003042487831722828960570620156992040250147084249492811642764716914293690076529144
322808089854922218050365775341367038596987344665755635592612287851103066873058259875890162896283147023772503393925
114908470013642921467532112729311552611110811397806074860210849395684501973871339968211174813086482822866076601473
40383628798961607498497284099973536067187005600858277324633917934048787698990330632471719308897100180365496330798
14013402884419038843191060554476851894043279840159900738114605159442610059156104450531759552253498079030637205788
4801828463155053177639420707989852753463889353258344657383625252922666428284256118441569485460241131342292248220
1624930271119699305454968217683320486512586076809966426954579719247285844100688391686130346398186806969521247105
543086036689026510908204823007405704898101877718431450495131050649971796375239660350408413805917965161364381124
179287328084059189412322039456011291540200908261612552701553403820539106304563803471937438554674339245989129422
58468141085754252770375669053070496976302022070751258105793532210072035975923489413184790390090515869802303906
18837350911775068251820747504305897443178820014980411371652442566850662361068890165554427541561806682828903280
5996443623673824329226914875423291434649133783716144018052532848127735211761880617646345695732143708843584210
1886183742990521669124085391233297869066930000016915052711328079862344790088424744462022838421257850774156114
586318852046201732747538047464610917534409186342317582547085150686988285936442733751619653214507025496887268
180130389024413187579735795192232122084879485629933508114530644066069164344653062958728881351641804609983696
54700002661009742017529424800083970677415419981217859275989291836788102343816341330950967251795582031882680
16420228081590953111000285247229010225438209784848370370266248999199880209556599125405997414933513762196452
4873118674157747007468450550436531597052302438476073781228119675513135444173645415768656628220095896093460
1429932179803459211113358110165654041455803795092858141367162522822430469105902536646237976652171121199457
414905673238645034618245306039040845824832300213022375144624575993504362286768848589331813683827572003486
119056664069995937973644495077543956685989019336253738222545919469511591405876585949804267122085380121134
33788848770134857624831162657843842967903050188535375665078063966361121788550290407363225675626543336018
9485349251694186725486483914442189435177062579619503846925895374170113580653431390935658603012305022260
2634136442208980512685514750191031023267369302113624314185013529256331353707368731337610263834557761596
723723627060825315499079926565110723183895288288779993173359369430260143475344448152583798750116035954
196743765167276715319553898514060617582557878668698150432208865120268713009003520826266679786253908380
52925709690886336549221843836228066394557221198146845805631559196881887163676165410298989124631713180
14090066224100955858430700740408297393094348787963052476386394958637202209828518558139923323471420558
3712636339271075573082395749457665461487159927513675448589821866550744215380076710393323121297086576
968314206530747950436872966735220974606191622105801617994674189134749127869938375409876308277599349
250008679329746673896262447272205955040508033952600240581243760964284873418768882489514572596816449
63905437794349070915919939422735190262992861163902647021743135439345681911796043625876437952341528
16173424881051091639936627165346761719755998344513892321805485364105723643293127284627763753793288
4053062822171773768741663887591184221743286200309441850790915397244675998932760773285473190492992
1005808875806607773690993738567982331087533969719316015886597702541631841635123026686913324801172
247189286283567305352955721716698254405363676794798388080904215295955036103937077791323106380474
60166459600852922891449149874190337714787944772228200492630753022019264825242174557770225204120
14504924627850354637859262935398756829935809207982113593727465396191417832429531486704578028498
3463657357522973090089537030095414395157800399939655645703778136311986225784979873778609606646
819278036927609746501530897910278914109040211921109274925522736576993367867858725035142349476
191963694562502035652480963346052975785785499841352106458555097570083829128346508588145627302
44556218047216445024817697347673324635751995253898925583554816829265112254101481063094173810
10244817865617914230196281778168967489670304558702997694045525145530388189148412108289456420
2333495808404560587531645748704383456211890131328389814170858243073519370556779745779513544
526515802724318525431025665033945415755239529783187390085022861325479045531545033484992304
117681021109236513761926405455097024611646422388471159062167471208483034022785433347517200
26054044057963742971955019515796023400399646442093587995584762531323336716596860241960665
5713397530846807220222076049462323021870114362401723871233704518733880545134835248868414
1240894518537486643945207652570555682516342484540067498322394906247629162803365930567874
266907320712991008298160687143855421110111788731415841923955686898100119447957985521894
56849786626031010720088193691932297423164654061277757765001520936379049815937114761971
11989219530910236561335496292015854881699848224355806540830856928953864897064290630648
2503174797451753442847871924949321916976126667567291497181617205298409359259715572410
517330012183484968855773590900745470120775782036953692529110065320338939903390953774
105816194469830725831740538458216809636277947575069286347545574257426359594010268568
21417568807606418881249581389542379378156940457450609571994566420166283286732818410
4288855665649865048530359090699319165811419610564795094527265849624888243207475272
849532234676569293027519325951889293875176153874290255761821815968999838232431733
166415558950792406127377953344400178848555757020362887099152810562265475133608316
32231970410556570885647616916134352492444171739058927055367356671611689435421024
6171018977871139873700463432510973866109530514997941071326279898047649944427494
1167609146495564685948595248012832759786645227181945110175941026022642068684717
218271795998449309950798027483051011983035036997333642379180730497229190490894
40303419565360101619543163574572161963285566772100288182848433084603992227158
7348704132737224229651278733311667997171326189925294396406375130115420957282
1322758802662020566927720606344851688332833645351365383778765678684859631051
234976333885809630579324596740191864378077773448533689708753629697630945399
41182230159584956581152454020723194546239298306028955805524102741368601094
7118734563419172255965507771508787524248978803110684196891926343342945944
1213288517450978993805798016789387839270657663473099216753042497909007288
203822004497859276858290664079076075313112209269853331951625458839899391
33737835528464101007071046442049303854209792778542920451632436741494854
5500625023875174931026016763569751748395583222227954412119301685889940
883041165755944317428586222964635147823439448030264527950494949135417
139529198544864599842195521750009577869023638151329590803285080237286
21692079787767444556848584466612094712854794800442898858814320386430
3316815122749935175967753867939305342957422118499483961708270347774
498600178525145791881504839702426050276263969999721386986245892034
73657437444794127870447551788862736316454467696341555695734108534
10688830938897111746097841253498456878507192508624513090738719248
1523013718264263556216396685527010629098739006670276276978738796
212981461894158585002971706955560433095868741078753699162006379
29217426055589711986791629613954220797880359584757007070399362
3930022347065516988063544438462493082356070696886654329084064
518065019007987443084557257887891794134489909902366583108660
66893662467530112265487466788067651070792798002917925903228
8455978598465471363637294816397909941961601443634041256508
1045872104019991563230200912640437174470484530349350985826
126496037871356015829864838563832094263204453721767583918
14951895851749669443730824781948914890423179736317563975
1726087128201099227315296802930473210429635537724366241
194486875211920954979705699420183551313685061109286762
21373715580251301927735879879975112698793414015504268
2289385181911543042484798039554115464512736908112048
238824363482615889724782506074736232186036003731287
24244581824444831800778280804215338896532220521972
2393120962689722290973915622288325113010558161328
229480983461119846211471875545376928732825670791
21357871220423901946130843191239551125624443030
1927402827829166428376295539484081838146859822
168476406287883615859934796746010605413294722
14248817295930780718623064694676232996219409
1164614420570946414108191215107365287185735
91876791441472650730827624947558263903266
6986650074237479514167327557015940211724
511386361177725855163009672552662193410
35973033760850478306793177918202508154
2427902120025467167067514266587541690
156938966064762692939826908077948250
9696795502539871137159276704466845
571477985476543047462240230400129
32050368424811238480159717635610
1706145992779648821454972338050
85964457452842570552390210435
4086707213191548476397911949
182662568001441008648063236
7645789414780376203405684
298354499462324081103520
10797775405791162357866
360267913665931327952
11004131573149837140
305138259740954698
7604305568972256
168199894932428
3250365499720
53752766894
739560996
8126434
66854
366
1
