1
529
138644
24002482
3087838016
314851577749
26504518282786
1894575416012180
117386289427768599
6404074682642657282
311461585757866042374
13639765857256241124204
542310633892732559988812
19712186585668589046506806
658907618811455859034226392
20357236434045730170150472190
583891483674245934756132575648
15607888361712648754284546345281
390157525991394785803856948756908
9148330415492235192468836659770496
201759512546296249844116639875938730
4195494355044364998275722462887658802
82443145801828962480423051566264657666
1534001711526723596544464088140792346896
27076842990089193090035248078021100628044
454155864661655545908481865431142723150731
7249717380611942079464684009944386477445224
110298199633622036527612586317555723210889038
1601482003135106815110369738696664480378394240
22218521826264614823895502168163901585654353446
294878579247658511386640956204687691199475388836
3747725617648894086049391980318190767961829180590
45658290640429851417765322891620929802209871334021
533705533199113184709940628787894085554554591445982
5990891411640981069766138814960823628421032149252512
64631340362662556287046073334481667928185944209935682
670640677998567892330233090531411557080075464719595469
6698000522848512363460232836699223786693658715470104193
64432445308448516231753424544941387473423368388804948708
597375284426016648779354021334955937442628275267615507410
5341175411724426850882918208448198110007032536760382191866
46081114879655064804955027740117976543663247238204258248617
383832824708051758489613975692720781984554485046342118843440
3088292889684831735183940510763120226533715710316407520424402
24014024610037189252200168826734249467304763560394488695678287
180544299471524046455251959991742079787092987355538167994454520
1313007844278960536166746693985049986855397251437677939609405722
9240567753784580937758087305140060655110547854114267209320749724
62958183226233172397098782768229913929776870718794774620930442448
415426476574258051865687676283752043426937794484510987488766782563
2655725710343630720747479827814487321750475682999358349633857757106
16453971397109038542566610435147442489601575131710249813550767060270
98832862029612942662836166424068933941534167974873565673160392878098
575722729178705759862276878087469969600675225964035537964113214288677
3253411369313853813104322252312334545349020648348450215704920434476906
17840405739694889288221490011015762945419478893687425283598231977901368
94958048159380636571942785805274388915023782044089354741055119463027634
490722767248621757858207806260599989753539720710484319708995357574352941
2462800668478732853316201608023098194525393620613236523840968701781907664
12006533153493807893575638225432363875916048105514358762574711029495662464
56872672507768042249544715322800299178506678740648598639557065367544981666
261809576138341704199622261477301118698616943896453823175280463524390814409
1171541330117211096829603687014594938526147804487115354967270981731078823076
5096951450471388483198981707233535256598824690040486104756165635145333891898
21564095074664868925906920632902461345332860528033811681229114561137911957188
88736753238421009754244566873791680492299538472222266671929889753861155318145
355228561443422234638623063111046911093520156713331838823610207765611270105364
1383635518509532799757125506655500383738685658133287473238439649962971780716714
5244686494259450142769785518979936231683191548413243626952034997321846860737571
19349650111307458153304754382340250799876502549737617307636316566459918318678058
69494678223928743756786149619854207126774442692178250095033331852036143519146850
243008461595670796157698360079556990521442790302722148409914634622957072558783462
827459623639815724513054308847155347058634991547727067296512760906788019699961492
2744034956688575943905691429693956500142541778656966566834506201812177827936182962
8863587229704972465432127173658424881080127990016301125809137202451471277794778124
27890994412659440046197121050955478847679576496771253535712322556139223599895955904
85508362827819857045267561525289613229929798753750751191886359340290140594668513593
255444704123558413015123255696472658096173559183808939836723282183244124373755863976
743670747604689411243586409430101244826912404849336846230855914722454727651331987882
2110133756961473011135779171829936446818523781825686656541575120743917264536099986304
5836239300362293709162510899030086301802317570678645881962063407656690110858632838821
15736086664175556796418824925623391052039135696177205621191555315050960288920770090373
41366246795626855087683398680587871628782955878384301739479430084756198337576334087846
106029070607845335475699009744686855183800466799887663112670289848300593732830115656048
265018121220248285444084811792398037770636872251155650709764323969745094142339263335419
646009574442173948594714341083397277621827144312701257648960980522587482473265654776269
1535871273497148268002179382299228536278845965904888183049071171613988030094828229432394
3561735404381539551488030656343354997190730330830007227524215280624978107852423147063794
8057434702014377920963407459503816106488407885138846816021716536595216471528061791778851
17782649473119730607850216183076320104556789938459423253113998925280594782434899194131594
38290923907757288092705089063605213524427916422486941086602936691660774331470131828898364
80450564721433834907270337452169681250421754452263804578438054272629670970951924010994984
164941309826234520525669826951291796643904871374016665685042148081434723412190869102214271
330011582678705143790728558639592269524481377952760997614292821909322582805680087272796329
644406305541805227562058449318613889841499327316532996010243021429524548888472309572691514
1228151304768903040223805879162949312462857079078227540150460327405866742789880414393953490
2284732352011946549788511586178986253810518425508491893551282968778207271053638814980946573
4148960483959472467811364790338379480597103572573473697069468654719147315957366687296482317
7355161893009531235144092213864736680128145458690387217640289549220738786035679370514166768
12729811224654360923608984004951407354092918996725277123768492008807621748040364140849954232
21510757071293946906158144522647414345060633554365965590440369432111399188495919875348908319
35491151181843963499506114902489733466995881627312810404693325575907917192597287553377593914
57179619878146830112298728089614581671818550270760673839435505431552524311741988000812332148
89959052196713486963207375749523073857678625538028715053789097446823517351068784416220341968
138215293790877908892843663147620784649391077955971080778681826205925468859817839135546566560
207395694138527515984217005359759185707735519225510591144424823205279981527081507269434394999
303948622209981875273865774065497360492017070724054082417467132440278590771293493683889336236
435092399469919108375854723707309088619566615002472281836349928219971335774366130148758855714
608369521500149632242688712527158026130659735840957448192623954986809513490300444187090711599
830962687979713199894057024751865236416133739165572953310644315464404030790149156467634662060
1108784065691042889463087598461813715632121490719398598802910242514544965807535362657321888566
1445396034056204051667242973335320454068797627312635424993662125289000526605793341860984765180
1840873968565298454417950841995297475984779699062170305270368792608975135026510468201652049042
2290769122011953062513554391804266741340894303958404839435481239556995116003010203673708798511
2785359788467899149738707342247002972512918446467351055520241166778203873386154912932414985876
3309379582558287491313842624148375347427913745455108159758273103794418130320388783961377992396
3842374709058125358000231589321635848168790310143907137133252690063406109625972670812652973834
4359766658226836493967893146996628086254162091905895631495518829833782843902325560232992833847
4834591181639764285644801413802865304238770514697105451861250670961365249542777755640063305022
5239765962942380491420385562916038657887893718474399991454535108026278070992836088418814217998
5550631418015535504736651768758552546299167954774321503966412073021801655867928525807235567508
5747435792183382681708674511467275298826115392666638654597986608701924440281243282632932721445
5817416256505078125356942190882070711285715374621842096643584438156197056981740567428862392016
5756170581280733924350546514765643441899910068766268502044408322412643965042666058578010976794
5568114177982040130018130028974846773458304916230591486202028313327645226932565608472321060413
5265956757663527232518017385843627420106955048523471259208194017077211605092651222501414718282
4869284342165219882589606576355558032633086110695522215024578427170551164189568424131367132388
4402466011537095460856478384014188211859458275599845893047246869286998390627004276551229239046
3892195190010900948486398266607588439978929566498625935013016577424256237853514202428972087302
3365007389513918619332896066297050753626877866859896799986413547995899759453551606547345132474
2845088330267370959836229550495783432622690328801557708611468962335042023543776977406511232744
2352609112197918004320095099142879612717301059551808765744580260365987668195396702397148196750
1902718496998855145773195581844196853810948152026537748234734293524327050874266462066690843097
1505209769849584765811889613413723503033469988036883159304640945871834481445914952369557093739
1164782327874502367415493541310095391367430438275732443413910852275807942344652210284450327206
881750862863035701107222442090658408575049872151421136354476446744233610200813728739877446386
653023980473804228695114168711676883286008956429538089526224503173212839723853694133436424737
473177270347425462727019081228334807626782395778791966821874508365798995770074557017291676129
335475033223989301647624311367307808779523126910041190349404305710150671330593039797641462026
232738865827104486228181253094227024459346662963844526922803692993405874357335957800371345922
158008898091876563087791660928887014583439380562341615229763312138618698538050629924110202975
104985765842601564553309552793667057488134895453940400845799112699074342391497379881755309148
68272951483041714961743674736892238122527269944537257589049329714573851048336360473076615374
43458056106160759224020773451560486864491415784176439818770881143405668991784645414170541508
27078844557669678512478508187070037529865252881944503529461751797788230077773417714977931916
16518246246702207113711894643848509933685191852415232301627898513747858676941432968603545090
9865257168625701307517162614878795214467442233820292664777059272858676633750060920165800032
5769008949664837611155521342781358165389572562590842176984692481987383802614717715816545806
3303550831484093466904553320955201346057569929809851975993655595833871601676192735284353669
1852624606847726543244452615531929328735875166686306413201891956833714762650915794118140271
1017562842557183402655711268873873283672720258460895245502697466042195489063256458297106636
547449708466938361610700186658937768481266006096439077602389526527847947971361605641077408
288522241314880833317730766236527030068545843762994398442706433913802838432224075030632071
148973998460390461531338794598823601857236487204871179549730388620436864730034786717779073
75367297127593950348473235871153504079723549285808250425166295943913110038841386185747988
37363112713252884165454619247099658663005627585780041585049468813523686856347910930583158
18152579703908264221678354568706269933156684737035530799594538371166153136844050119468891
8644056812928980009874635387189332853005382478511185331232941251536208599877932982121755
4034881928041342542119930538946428050540517408151530183536780432522616647360185864405508
1846414736106574561652735134704966222503028130776281331654666814763353577996644342117158
828448302359907686453037493349908216759338702751474854894833166720015845525680411089793
364496275407134069853604218284527214532112131695385396417544261923757925349660222577108
157277790114084318037283193569047793177678777884395928833199544817151004716711809606366
66564813438515844007085845981377789835877929377524020009607389518804515506310398025142
27636482395597926866979203530121863848308384242726443845794989275618577544252229557758
11257463794120874280650654062459953290057093419397594933768031720633541896322780982363
4499647006167939124961692190547255343790379120295806829114472749697206191701065709064
1765054364660948585896814765571827195590958148193945865971036786695513718392886087030
679582933205759765888747152483676585181532660961862393061335392329016095200183761394
256859639597793006952379650526202034504794078712738804113607406466025832384731117982
95319970035316814209155442072749848493040048888378335459629562059172816652558531190
34735490315938279216611549965165109588971737488170055148183266252952366057730925876
12431760560005633833048700649429396728565862659873788956811267746473355372379877908
4370497920155699382564298939396119736358001255645717454417376153259243169404234953
1509520148272142689826082948743537928251413970923793819588328712133507304098262664
512304838897839351063010630440981932108476531648219272980575738151569880903781344
170872643803896303045540170140446423373848646628097053034916885144860009517666499
56020277986808959504814535842979334156723580141984823705970989345562748325567091
18056009783446019019644973103533197911402011348547104582953378658133917946470734
5722400682259877521874110936115536679615871172895923813584372723018857533410706
1783576701409338973506801601821410896395536647750937949648343380707845060037503
546814829605929933070953841196028556048695571656775468780509394259283190944265
164931042772984062325367749294515008303752601299526127024837879422722791564824
48950533901674283889260611655907638800862980739081148994109211230696884200680
14298323877565519569895785369182535242792942200326825517399559835783436742146
4111171332507853579610089233448013015075626466743711936783123494272038204542
1163801675225493031715487287252919930117829601000645822790176357608600946916
324418374834602517458311477360604774588747173901564115274482024549451897788
89068620036761042567543219100054412091518488453423055947511340667763232842
24088840483274284252809042055115376056496387711878231651606071033752808292
6418846833916367498500668685375765038336812846043254339287089253041724318
1685484190520632837866850992725179203756501139202950858422362183698272772
436207965469394664575299574391948581493989035353942485121670461221159129
111284825054978015239972736002003164929411180129741911520307706206123994
27991157430248294123135454051261584280145058189513022947142182623712080
6942463712841132905995771128181288637161895016851924467675228819387298
1698145638971729596538317772522258056575323434720027617620543040890469
409694413463328666268707992717170320451255231312008036384732868605894
97502954077020354284983544180190419715799488149027630506214581768332
22892306256185673111007184505553488147927615049312308725955851715018
5302837357632315194014519728498182726847748261444840990303965760590
1211985529697034778165673718299880630593351728415151629604049140824
273318891074180285135343469619877014422467447514034302119063094760
60817131938191951933479736388188086959453825751068347231632136152
13352251735786027804271150381842608878943014095531237109299190000
2892210502263310715987090986004547603202360464933292757880000978
618033612420342596324220575695566651628438766918178526366125570
130270446711826876445548300473704837100756126997028273031508196
27080733126040407751123494637838442353850130993314981929409417
5550967835967287961077392421521792026137137753080090724816751
1121676690532418458752187464288071822070830273645276629940586
223376856938687925623323503606937306265470838565349063466574
43827336643676964724943207383944993273971677373276061730198
8469111007302971220602936487369323709017584007047082901266
1611205049229935603999469502610530264554310531344471075414
301650465729827275710320506194143994469983753553235681646
55552486155537689071081170261616770715736424595465988327
10058708049936250649826988689454004460178650973799528947
1789782867228317155936207770294439624355354100284210482
312785069126279572918255177862479920151828391146740408
53658130321815108409983492446153863612035456203801438
9030540950178207035670615356381820110010188695490524
1490095877310343921454581845565819810198089224250056
240912324336427577839716403708815414846717359667512
38138075228228439638635471418012099479088398574862
5907614725643986282506072033678582767757625010691
894757758882285426097527869968628548042212847002
132407282920820286576097899528318606459643485498
19128926295387024505082680074454677362811858749
2695788982980786928487011126500170273909032971
370276268792608931747406876259259946583197524
49524617278000953499808379115729943375789288
6444112928725226901489314984398508030347879
814934274038711030268480503283506271235177
100056956329234134035245236022979783350188
11914066761323822182428675907317537331156
1374219133988695930096501135091401613833
153355692384473207576158379588224885180
16535707279940694573411785293474002468
1720355495833657681107501987193953264
172440014770707583291149381867789848
16625992222116379007612357409302373
1539287110936983427656949388238694
136592868152973837726675285944208
11594167579237252293526501219604
939300986800094152123143194674
72458047370340516247635050310
5308197894963978698196612308
368239865701059189201654519
24112639026941803616785056
1485023510752073223996172
85673555729248341496930
4608938736684705906912
229998448857534567124
10582595959025116242
445787287513236500
17048211037731242
585912585839399
17870928060070
476140428572
10854132136
205800535
3115406
35296
266
1
