1
289
41072
3826670
262913874
14206566327
628800849110
23445303141400
751635857876290
21044674478336823
520941837886274222
11514550832287400466
229114568196588786490
4132047799124246229385
67935116098207042697698
1023275552493351441882898
14181613091073023059225122
181519663430661533452513680
2152891145044113318145187750
23729731000596810274662340284
243707934455100603984390296192
2337590057237705630891596062523
20984710458871903886872028918408
176644287909325996045015988570176
1396713676139036280500166343727154
10389820963179647044274453548533325
72815496678814988762521856016168486
481419881160402742788435760399734702
3006290971953378797026540539388218242
17751090341501224596541509416446837941
99208419518216000691310279692150530202
525303000245532412603450267722000483100
2637464743283565681112153045200647571403
12566910513906063244218028326073694627439
56866920483236345048030731101664692754552
244557692021070431206983981726646995651540
1000168850374705630462143843317290055124201
3892210286804467713979224762157792659448063
14420923810405513298423407680842718391628638
50896769607843394363859765294147851250491330
171198219929237564808197362255715540816585876
549057580325942190910260378562237807056473282
1679697851716313577146519757121952277126435418
4903569566824920725640372589403469282582034836
13665447536622229680477315203984056257878019722
36367895926236946059823105841025150942392505648
92456729501825874911824873104333228590871178782
224605118782278894286648638258073361262007323422
521540989799147622608422197748473939228924387364
1157882825049683972894571551573816109048855574933
2458449058027487771648123556752447015187290077676
4993272242449080671046154103054311358912162761336
9703717525225109706680821595411880540823625681299
18047468493096117641372785169677478447131250149639
32130055067632618721364935617281442126558174966274
54766037585413685573871561926349874551440173625934
89392230111070872096946735949111846623292065236912
139751814870466345013043099549627474341443976172126
209296568648824072219760076185864096445454639021496
300323249706746724353704680139964925678903996936560
412962955616569310178485340064648613117670220829359
544251800052789262286105087328073052152778650305339
687583175746675794154728982068206539262900202362756
832829528909322465239546104740299796207778360495086
967298986673023879691450643835597982677605248277575
1077474506455835743388857232910161868426941436895556
1151232005587150753172078700770759516470913353831336
1180039600143032328100241489203155621592683100810698
1160585629609326490203220068128813668680576877282103
1095405046764216176936296525659059709251299535030587
992340439011773149787639339172751437197860517761816
862994947077916677100195945388098219256452238394178
720597455928029150194094149187796386377308395967645
577819024759114610498543286578126233704772940628011
445026734640369004140859084457309107720231678149132
329275299017509143153770297663790178501104907543228
234098207834618025415139455383281459890776529110659
159953523900265043881801369600904533346848166602993
105060960036613547748190781452443594071034885791488
66349897892087093645307572934262867750380842696138
40299049217075025671658956080090087385950820164871
23545851657827388758636425295193190773945235235472
13237741608475012112757311095727638442391942360684
7163311286484734056988021264320294759773712356134
3731991923072187835509804214798275159874291505064
1872523478379951174200187418995744444375897488439
905133815749483464628605708415683950375137601456
421641333224794432399172312603162143846929920664
189352584004962075364714210278020651988902730914
82008108649214761355301252960586978262321211148
34266270242597578126568984430270216753412931224
13818966394168498279440182694890238254070382014
5381017921408259817259745157456763773577269519
2024054415477896550488205606215794972440574286
735774426960971473758921862517541927552123810
258603789912621887129861929147531825808297014
87923006554726156610064703992348132170671822
28931030470633441345710746487597248243918110
9218099238605824478147666172098485552190394
2845528062946529933239007509475575498448024
851453794527246767553627877324038497026261
247099873243231600847295931989530685724236
69588297057345376320614568200543571127580
19027950032029927735250880749058655702118
5054502474954328290414637512166759148072
1305057935104110832886825241039967443740
327697209323692773123437972265253542706
80061115746399587250594547061910797246
19040269200187531764484673475771586487
4409600870664936068926904568737726219
994810285646699459948871391446592048
218672997293337876617493763611016146
46839543888525242440037089515579457
9776451166219892015267056538231109
1988014439014131747044632614795548
393702012944213637353851906027624
75889169054127433401540592398418
14227191311120397671869478978170
2591521055943009787870025886466
458100172505145819268056631482
78472258497432518844940485508
13004978361347314718556316856
2081320694774400900501834302
321006866059619609093714542
47605560181142740374378344
6771748656415859908054178
921466836630397235938948
119598363718762652783694
14758758372206372993912
1725555435067996351876
190404293700487717080
19743078060299865968
1914395648622311796
172635392920421396
14386549714454846
1099792914808164
76456433904782
4783293466375
265877206602
12920037516
537462360
18600671
513934
10624
146
1
