1
121
7040
262398
7042930
145085447
2387463550
32251861624
364798895986
3506596268191
28976973404126
207739939478618
1301621516799850
7170709525704639
34907078599063348
150778831174533722
579901932855759082
1991735186428644822
6124242816970086888
16894151401775192360
41885944005996799276
93480390903976922015
188049267227071365386
341367907745892475642
559771981798777981526
829896046269922521172
1113288397339357652032
1352328015639792457724
1488495683072485825276
1485583190217248971434
1345317240809673204746
1106208240705549591624
826534900648709005993
561638470111660860326
347395846462854878274
195801857472055598964
100680861535880560669
47293229478767848835
20325251523932872932
8005843230696923018
2895700690677670853
963855646457857635
295946042247859126
84037358795117264
22129744740424674
5419249910080998
1237475949064986
264115482296948
52773255586236
9875276240563
1727943407316
281572100692
42427723782
5850212222
727867212
80248084
7660262
613968
39570
1918
62
1
