1
100
4770
144544
3126724
51439096
669582340
7084450248
62114308624
457851259868
2868879752822
15414259554996
71507709152122
288015230143812
1011739583309362
3111089050711312
8399621143948205
19961486679770436
41841577836447332
77491015878598496
126984209905053170
184347623384090372
237345250182552888
271267537615681532
275475366152374076
248784526445763664
199996441106628082
143257287000739076
91537323005467612
52243381326118028
26672928102289994
12203249474500408
5013237613604368
1853480715287256
618279207423100
186596317447712
51098161665802
12734214976568
2896152074642
602507153000
114801548028
20020953200
3183444760
457615884
58611398
6543292
617098
47020
2704
104
2
