1
576
164496
31054276
4359706245
485484612496
44667204461754
3492330935274124
236861181017491646
14156221347206408928
754839053518328474196
36271310617513923916940
1583658587249117722923566
63264358381408137105415476
2326036900404726175447636336
79111334526733932962091294476
2500017691747737031605288887038
73690681223199823860498103396964
2032991373395737193995751371902918
52654730736699017699397875038226240
1283824673018652035303813474858453741
29539993285830526777560557744655636772
642865413175489033376140953690431469912
13259147941031612337143976693555780116768
259657818318053919752191494828630186061824
4836315140462534286669682382923605388470108
85809046369427897741757676759366617409703462
1452386417634230028609450331880349993339492576
23482286956499223831696227219658878809556382516
363115083910971679349801071785921504315591021988
5376415232553099081455696783961049267531427739936
76304632355013525317424525622434978219692359020364
1039089238149688814504040180038466636107605079322214
13589547444259600668528823825782180396180773374515044
170839508964510206404262448022015247656611670670647732
2066143997665149638912091479388522975799294735200545604
24057935351800393442584953028453777364920243099789105729
269897381740770644175214607346416431187479867163236370876
2919312992056669884292989609056685190041569600447236671370
30463998151662386629058833556882596340252912482401946651472
306891378952865179309575160707713655316512050171950972765658
2986256900521242830399657266769014200741193408169938359924928
28083701075303889674900327807752526055151394648744133198577426
255384194374788783375578666425721715707297623983143793674542784
2246790717514256673611079496577911669511808985323319007097856184
19132247474750644226248474954220814582765775326033264745441663988
157761145095555610615378171545496644108280327801780197868789609164
1260234787020653624640314171373409060225770112858727768863157744980
9756593532260198023576398133644585485001239728842526452322250733686
73233557851842556726028602575002974447378568695394079508238510153284
533150001179050712469109031629098064337265887318074174793597871104532
3765919616717568986410153168386833240866384517639770534817125293422628
25818038380804930863273698025133162633093052548141137267702234124244715
171849324474990415529607932069292228390238683583822840060448123993110744
1110914419215973695496703970539873302570905360468455266916674282551956564
6976725967933595108099607144397811019989307060420033962757549815662742164
42578045840874218453918318323436938188040123496182184515804274730535664232
252581998956507951799070290733546955123333818224620317661477891401077818572
1456855429044425871589971867457790290915711763232245593510662660729476089274
8172183390136228432602539211223201269495674501315849600149519812129725329868
44593666796488018600542191438899346409461783397896787940823188585272869766396
236768222168183335819754860888223014998077078600895708139155709272987100229076
1223450990942247623356139627185672158416562377888221233373144257303774256729154
6153989154489028446821814127477468205475977294379422742485045287573647724487508
30138688836340940097290223157013597745698001732609166739524799509529936010547286
143739644318680968846651870017594070132203907141581492033910591168395572100965412
667724380899567785143104115427858011097834302035980965565301979121067007626493944
3021809988384220711283305089102192151848400576928210949920645202526749847110154384
13324906594111729618817498551613909520147951255739965430054799599433878172412572938
57261581939442687021146867850509831196375405597096951737488751962274553104856307092
239848507641722506653248535486108513194893239643033789179292200284834467025467577458
979388517882158032139773173526331658653154625830912349327236937711701283860303200124
3899282060060912740448050439449585289643227008423779198921007598648638277186188766926
15138782611737873805784119638895342519041998470439879924361269239556150357758809475316
57324023895051754490506878204699313073906822918211584659857209212192835725300506212798
211730004483490035821566327866540397525309828941137197281288786125504440782082825611688
762933557583777603197296809729594847318656147547178371705724216190984638504895306792058
2682292774987545624640208630603515198770756639965488510402988885778076139965927090729884
9202280813905424954500727157897757187681521549843769846569012313006675078251652897091252
30811121194639550925716843480833938444649414559475403534864234798763537179908719965288752
100691632675333556657447837311494522559108522234636843146183818791945998519804848649409196
321220017100532691706250414155196341235911837315302258251703510254601714031328876022067624
1000421547580821519043987936367444458543410034365593942334786274757762918144133082337104492
3042152922675487266838013818965552448508366946115893913270817063535565333848837195455688016
9033197257695124781325164725238551418911109440424752672157993792066751342668221258517574809
26194364530442955718071488474620391089927684243252272934626328515376610361166227981557069752
74186055591132338456104647633566894250950209035573921380648912294472206732164574169595356924
205222776352776100706473267528633934321637294427914996152714995769478456197459735459055109068
554571160924648614425906958431328721795097690738591620188100923688973030187798037770591006746
1464049756586583121731956886639038879054822351388713122910130170973571365669661804958037065128
3776230265821154521676767728859061447011864327609241371774688467277360755982598668583233800104
9517027522444564397567361565540812486535416250789822740067060546409304160394064575788484429800
23437943523496641281155203459742018662581406165952162340434813542170034708314298305560605783416
56408830206547919309918153938024592176888670448101046375365664331268208412805948710907119507144
132683592376933577239057837583198536389283466110188309471019023259800361230061758687990939699128
305043720949334967397865744220750396947584634925076273306080551167063187919990257576004841078212
685508774394654577401790933434028686653478856961056736968454492027548159904736839681761905787346
1505915073362274335081896262162466826594500477315942994426780079357131130066834433437884025648864
3234105206906597102924090209982828527218438633364397505621065732092710879297914359276004300807032
6790517978866796114109949628085670199545597944679216916488701167202074656298002138489736021964528
13940389860581925296071296301007675096328164717361190528020718052702613310184531377931855660967236
27983217632147887982757724268500508111744111033901679964431333464041011876797253014999231961651700
54928518436331112775947910766945557406502380856591708207275888225396428591370663639547847421769644
105439121576179349532723272319096683379754793016058189269097650289817850756084112567520925913982024
197940600171543442461749246414447101061410656056374233314613502434202654506169002869669987386141500
363431171548344542829277051516772252580327320985653215184996158511919872946602606004979355868994912
652661641390784371206451005491113937567832039295532601720470372331759671269739372447161152644347354
1146453779029262997537212882469228774447536357138360114246712123189478477392080874212316032946119368
1969930924257589885646593762952791923431565463633371474006054631864047451576131181164659603515323420
3311268644632687514005022737284331513686923079242689565355371052020622030915967562694770842231403800
5445143939889668685095577578321219303985030900410422225485557570702232634566563545349551644118178228
8760280260188571220656053135964373368685698784060266560483618784045322088318433734552120968003045740
13789296518706906445579655935766780160722585507253761605754600132882457160601864553277012275997035610
21237487495455841231455862629922553604610655946394543839974662538714918411130453568791891267873695072
32005321864921792317264542201056866276175900781489947018059397002656631936803486791935198999320337556
47197623112897349425819518818771367227485796064616784918089317002146463930169209535609982578934245816
68111035651366389191907166824877497375851932542171879896104615631453275442914692974760691249879697432
96191032352531695244480945959489745735364831872748209107728175103234908889674772848597732814596430964
132950977590334391401893770182583420203703078654577455099173535638867676009598160144973916478141125752
179849088498706080332517053420588612570691545118391961572445204926748509121255080527531893326809161104
238124699698495008253403163931780967145510225589101501413679606937304902274584882316099506143300032118
308602717335571915284236994742374867556213138674576779967321436815642093333795746676229875557280192364
391483643425185129114044837742598498464085007744931487584074975719392382778421550204501020701887974456
486144588966668617826840629521741362186925513224401975980793197169366987964958346977779067654732119264
590982420579535968149863047080983611921922858353577005955001517809335799412923954144662401379476752482
703331722162290215250912921158112905405583204863795740955014315518376883322316947498003628147553054872
819486167701225173728644339774412934533747607231580595562442778013293479530045265529397687118605601686
934841684203069922404917693509306149363439584013181944189815032711966870546853222413467706004073825476
1044164192851751374156354985698516812328931227913124164802193286573064021447974333701888218879093925595
1141965858756536028372895310210506887591084200587102208900193828477632012689631323785535794191767184920
1222954849965852504266944261475518637508528886485964737746437184821661333706369566634426307323214985112
1282508296747873927140292083252538202639009562657758211329904425747507494557668883548392713367936482408
1317109834248260627881074778382256565440873053983505622124910461101805018744866120127095045394580389824
1324694048778787529102401279282150525955932400313689793447968744277148483985704491208028116279923320832
1304850811027956880147969638131204060420031044083987827557210346317430536404054287661590962250966037898
1258861355216765650845301614342525977092058292147928674262290616366082450573321904555748423917188592388
1189561793389109144545076569072134944920440557712262884269249901930358366857820871018369876023114123050
1101054220428241875807516073415888951834835208944855322891345393026012782769260096212607089385408202324
998306241437244395853371915291396816601617295972919361342567559251017286128457285140052263386972334812
886693075282386099810507729192909764026230513480439953162937990019846335119424042416918365999214025196
771540397232508270658406202155764341421617149224591382077030153332674412703794475447722438579562845110
657720756318134461372669024556884109552144416404117857385761431248162310478147159445247069449196716552
549343512877514075031071585771167390145185951645369507265602018032778746437861878997861156802059805646
449560820690285082024458165853927891261639466218078166602804792977633000731639015663691601127048034608
360493747977831777834790061069123028316077781290034025553005509105615314928453156441924113992273956955
283266418768186770713493314695786320771242705145667936895449616593823733946751452949562697321947116292
218124380498639121744561359537850901215375993543580894187600341931330215275129281387650367693718981168
164607361374820515132815652197823960933131742791571875617997292175490994540220589057612370471792537668
121746047448481418626634455001323513360220982485755945857644708931953807388549289824949616818741495745
88256404085186601340846868145462390860698280889916223294059063817415736977779645201315374609829341592
62711766144624161573990313371388684537869350970650775664224069062125793321303505426023936484968683214
43680695647582984580658192013857525993100339126669603445614251389511119784183452925830570855623772260
29825973075023320358530860921840675733743494217314234832511814992696904319443563359064689591047879480
19966029799150029139843680394961548493203827936913735882009445814858129065407442780591682375372316428
13104151755296001671695773545037838116790484424878447001429179953606144095082257679113933686105109974
8432861311786353785743989290762679328918523057030174012523755690055683574832652347751801366741850988
5321318594531304876514209604015360146302322084204103769357299287214691189283830766240763330320669946
3292849911594461047386330336343945346554084997153167697222529933426512381778043175012798451580228400
1998314369521447857435434080823997849185129686199997614601018389632561302354268181418878500035669860
1189395956234359252980790487228133728175076377783539013349097859636995329079063224767570531334089244
694372010116294681190968547991755598527302399488524256398456381082913043479228961618779138013578549
397643758979114456325743878871576609534034459543615787099564218853572459721309164649773619177582696
223391305541267524334211136644521035967154718630898156390925259796278563293113676084636613215281400
123124145927691632717825818881799766230694664694888380231546895982768585169943093992241322801027760
66582583732268542115014369386060646010634098428079823442787951884792043748488217951182236300682517
35330919835419410312700352520974187893725076281337329163630565730161797041087717312909102789062248
18397696484404589032984546043849366483656580273679251120560016806922391922195171156260140375548016
9402089333486420690413676598728028442572323415773200198221092770934337389834430477085987108380696
4716033051640302381284345430412330171847153787617038656159299159109050049017556062995401169421048
2321992986660979476128391605147523026125311046962394807323743010753698414395051902890738650241880
1122322217522452999998171531480022491591246264187493971539963594994661847318213747252578107614450
532584795075193270765674492636260927874348823534405305094067779481830489257750487020210546406380
248151803892074660122275525047405412331451162073041853912958653382747323519887702543620385837012
113539632668649376533763297351009450182961173479803426567092716730314192792579370157208742382604
51018044237090375688245154329972427495876615809176891921290386765377652459271738663142049845976
22516054945563259164823641650597650778520109465920470984712342671990974451548457601208841345432
9761125027723219293326572267537274905941570818595575514374903768561932349309922505982138385682
4157138168386603197302499744106330178293940064876189383003451465116703689304849155662110553168
1739502260204209613189116089536470538187664406478096643674765386829557525354695231961936862076
715222982592785005254733559136749291607880554663585241541350558120093254451691803129248713732
288998006950348650929588728055628937529526723996263985443308817733491661464344579021213607408
114772324427638439762560522357373841369355529590159833719359983811179213308458848336639746136
44804485297490619733481261717774666995189784861705278091073369138499935193064533158209746388
17194987011181888041730391874568874124005994160256374431421002703384954485728625626077464368
6488335851744671117487490348587968886281815878702382738387866619848153478730186241023478164
2407531427714773574742998857200909479545563036028169148153002481660447280947692136533848324
878566880251000733310902940435723764180626400442742689748586748520969908398041581319110636
315355144435385026503614116379270892291760885772951537469500918797770182545944237732422028
111354096451661632058474513297354901838722648636617515122210246240851783382799422789995380
38685974056848127795609647592624051565494870196437786121737570223751546943890929755086376
13225213662647162050599254337027934599597037090336022781812723503833376265971382417439132
4449541877608685973966461810391932497069958195275984288300729179536593997266251002123140
1473512323906380583970099724800723123294027151805047947792722408838628817389988679893794
480376018799968893096928174713727894743872597112201478780555980932508709241248542915460
154192003362113130100200815261527528006156670848217940170683524959294226526547157640484
48737128563130734079677498564908671995555846598658516761874969064199400128618276512004
15171926593067271819798607941817805516832402456937581996015997412013318383575679317975
4652323351764767071567222165030198397495879411695340744547613279647436611421911741592
1405443814662805863148351726882367708349661560549732749040434970990581474621014797348
418348202137297526535820009984729831517772587342779960554990241766188998360792004176
122718412011269660095713386895575053708418872930559485269725998403337668065175615948
35480978596824027098118660436646388236479201388508287319811207418862286460456955096
10112581771071578753205634921249608846581587296683421088011613930494960622699423508
2841681406084433358982757444084033799368580263752222830755884609257539883426733848
787410924133407895182238502464274503892998990912958442992664754856129167122285452
215181703593866662379629390976729655478083754995680781555292350872679778148981628
58003113983902864280768330347803371790659542312978811243040840081620705189133052
15424188410865250604111152403973176510674180541158581966252236255447894159729400
4046875140029644339872261720501111980823453671943131567656667169281207008596848
1047763511558653221225799272493969532598203124715121969609531961348668792397956
267725597086108445315891119632463004972451597160694643794321300969303961131690
67523364476389795420476588284852930562466092591852199134030932158648523767052
16811516839568893934138448610152708763656747958603509917372434438584336802990
4132335936706500158545293141608777437985411840310872083611147076370056435520
1002912454746355935165250261734615480255248160576268306598868736442664954942
240351479762979098322666247602324426492202542660205966415465602932623660480
56882521641929550464644408031313385182949048226511440901283305677799009796
13294883204839230820328327205345645931866866606386512882495326102869653112
3068894667926929968211990560126325021253203924368611042426962911135590460
699650791583108062417686345779706577034901778099607179545604682941256060
157537497320760557294214908072552267769518150090639084309773648434830856
35033354961188184888218710506389067780340019341985411072420077327828428
7694075919363719643742321832817150773071186990038790641515467365113838
1668703530069367381478566841931946786035888699031541646674511672838804
357363041735996564881217216958143211630190946925997525597159748953828
75560681835859120658408346569194619763759591864047394017693370732108
15771532548280955409675075147504812922229548900923562644107427159430
3249133065159192752255464349776850627470777626999684340384747408248
660523271107617762073364153367840447431790692981757608537050823032
132475304846323894715904743421520979001213342932302593839891189876
26205648501037640400383763184551706459637533065554643028460550760
5111438684256534633545407206094628435887414102792941821481164236
982750190069539192923725151664611828394792036428312609220630354
186186034420628418671703688345544734026115777616253709454178532
34745333105115795187457783932254939451713477940666499479957102
6384432498406741288739312483463271911734821037574941170621224
1154637360814251223655040187809935294775620246961297972197480
205436607943280459800020777453708041604878785106141839260888
35943564680236203709847044604176673608706869872593486004630
6181141317309238352917699557727185921334206703621891238068
1044250543000050132186279372669467691518944301223001759998
173222695303393300502654795387791099111973779184206909636
28199128259067539774033899305611143050347100164129767768
4502515925176015897380698827630654661060241649084022744
704712990460250354180307072739797482770798670855865393
108055295890735690172840814255238917942607380309425408
16221313749728555026905735956379646513276737748829768
2382600178203021630158871355222122761051310972901420
342175874844854795316461227764509513701726546592350
48014974009491005069959262218843580683581969890316
6578340918265668392361125440719536614159136628638
879301747965846900549660830485012671373063853256
114576619505636776316333892087946568599796632836
14542164579722312860930625883042318123639290468
1796213663195040702290993030913599175836864342
215717104750516699461833310664343904200863160
25164578314127484341975471958490865047687586
2848597965802338236878133651988537883536604
312566120851587007976014033648798542005018
33206802267632872148921645078411346845492
3411625069947551015604704013765866814738
338520963868250377747485993531452424988
32396893686603392576632952379928399316
2985908505042693123734734931218079104
264618438274287262903417737136386240
22511113732355927827552612412764260
1834893494805822989058088244320682
143020568619767630614276409022716
10637028818483984005238524105184
753094167679698956379151890420
50624092649292448232438293524
3221801090376474889448849412
193504286741740697155356192
10929167425744413011399308
578160214750920038205702
28516714464968858763840
1304607086490807928222
55026517603554555268
2124763952078751790
74482223139946628
2346358496671090
65599794765360
1602136285968
33480557156
581982904
8077672
83918
580
2
