1
400
79040
10286484
991835749
75572017136
4739431178170
251614892723068
11542835604897814
464793685059669728
16631842112822621556
534174753458397239596
15525971412669121556422
411204911812114530712596
9982155246235392622380928
223225147425779681703091772
4618636487907848871152988250
88756565287848867194768048020
1589544833988893051850439755958
26609526729946615248710875560336
417505401489091140564902916137753
6154578819537449547605422693658788
85427011205970113530948961777706504
1118701452373404719582133215828224456
13846503809459024877476270248959967588
162252177618154860062843259602426413836
1802700490322016295373811082440722428722
19017120172697892945732617063401426192232
190727193637304234983719574725860930007076
1820722429199512928253356551966964547840764
16562158913987691836327057214090983430958776
143706703757250111114179706585158745827139260
1190523525483954198467850814922457837769156864
9425097435026450511675677185640799583234346908
71364332910027218020793151242042440265118454140
517203438512394431764525125205828024936130795700
3590397069683770405095011129142232777668441101103
23890264721234460885559011517793102585419506739196
152466839461780493940083861261583519960968195619634
933829891750929100431390883717426034283879564632680
5492179999864510351837490686402242845389482492280450
31034080537841669154388770780865709480676274375019248
168565817044142435877306062622309430963744288674670638
880529314267255012108311036090464715098588804625190452
4425451991499894881934357207731465716247900290230931726
21408991126114817958261473355828843891860297879947699936
99732086225667154804735849632417142976425859341332697124
447548287427177279254584987761099925992400885800081550128
1935391044488952821464526729873713099878941038936185622278
8068092137462261328622545861152984222020434665549084980216
32433077460525070998770516203492686048463449578376196979074
125763741360404711784037747061426576124021645310597174977136
470544649332269188741733826307749632520193853787375335030277
1699206592672868238125602657717659088927531269328440711267056
5923896228558068680491905567871024265603041164662383471871442
19943208196915505678596339468387625868920037796499122926826064
64850617235920050532775934553156802046159070680713306311429216
203734689316519493663009969340113531271587220947912797446929048
618505057833088504969207388266715965105476235726367432194806614
1814847746558063076729117445087911351009702869199989451267584608
5148052246990632775942879562953423114141176876231851925021752988
14120002107292452900811486396719581040813454306109753297248807248
37453744323493775834268068241804179575963280450760499603932214740
96094943140855781353721700113705620701616244105653732704292331020
238519306665426722952261697430638092429450820687293116904125775863
572840997467651138558799029704197800931215523112815225912752236064
1331371189782249583262387375936363857693484507869614786459430677576
2994904485081424586075921561494175858302064324974858648596130142928
6521496460997868531261782163477918188882702763077747888207467474433
13748373886407443369919836868929154757105231487304485924780101167628
28064174547366709872622217036440871274894885072824710507704752425722
55475991034964865118208266254864205839394535072454697645736846110640
106209352551309894153596606740423075464016884119695725419608010790306
196959334491864516800022237873398518344715462097827120116259133788960
353831113854216927125825434728897348029956864036241124309143034745272
615841685603707644426380709469109675092883707401237115131302272245188
1038585564730818303178679248165638997244725012236171548085299052070530
1697308636004372414730572227802988774869939655985360887987331360178516
2688244057316547536148787542944657104835118646876424473080310917047506
4126756114331294735128507243750705501068865938802315209519315533947600
6140773303187488546150514517442324881783476296148477204154397848273594
8858343572113264361221594941325774123713457204269163390837925008945824
12389033917444032039688937714698688729142252082832677646241288249036282
16800315471428141364839138442874251826628836333966963475818550468384392
22091822816615610186780933064529557661049952395394161762085171897855951
28172044920097360907569032314174709795818587942618458420848762352147112
34843047058383668752872242311527437871555548310201635371230580709634734
41798701158844551748000464484466071988021582190815129965682721832414956
48640290565295106582545114148939567915242653174580514169535780211065852
54910323023387205815905507244354990422611136510693228210351109298915444
60141476744339986766266135039269571521563234865678025673175572982745732
63913757541437119310129780636508929064437083308446268169283264004585668
65910247593499419083430192628972883294517079997408302804225651551375104
65961169972297742158891769186767062543196833814939937977823979140427872
64067751971625247738445809175411705627480387002113198654948069331947484
60401230654155158338603351998309498534196242880017541415518108984551348
55277362845066145083097766235338578542200027612544410899887396026543834
49111686769407758947044775878679904234780542080772710392007881374654420
42364295467447293208068309085806472698825706381558177354799458588595898
35484218110205860096691707528239254320117671171580464650600572706711964
28862512101337906268634161870424486032123193953530696984419304631787795
22800337912741708991377126641309000156667769684718289045635223735160728
17494540655426095053131259630283739491758554923261544084752258986265374
13039623432326449096531737625175049203452653646242261676566362939566332
9442290134636241011573933549109871504163487841746548400067879568554388
6643385488564311319582510531154187004363569594469908138640742073250564
4542061544987282444690197188733061908171619265100021132024076583617810
3018014606384225056225450172208365725731507083572044503056212424517088
1949169082652161056898344906743952121595413916894802017850812536498016
1223755083728843007431310755509647139854536545804878685270345842902928
746990791781316621471706401292821277868672735195655367560245619625304
443376539087617764040629719017305866595221843083407425171193365130084
255935191111779060614905212138392001087912745885502714153583527413512
143698578733448718845756242838609146700195052751295590123958338112484
78488810426663194583916157057196670787598779305912289189059909860602
41712463820450063732582784454454327526375816843832728959972006937060
21572437853500473001748324231701981917774359120011365358921094297121
10858826220092007013364899130935487112217711594531957411028155905620
5321013733297751062543120252055668535645647012685249718804236108350
2538714855949983440718861623838894482748212780000911651266498231596
1179571888346619596322727935118789074106576124821089252282901167068
533840450592357774884558934903652988376872938243343993931020671824
235376725199516792200376108455378506828488024027394586438691752452
101128070011112395380532575148105951552727530142903151476948856768
42347725330962248490203184253126434594658742197155375478962535902
17287629091184336533920130430880117802512851144498350825746949624
6881567654353071433050277177896468475647455041409507968142769384
2671703953622376030684878632789173081329056612970493156374986420
1011913597571649480402030736208736434274164195267350440236783825
373990455694238256105042809721017001925701519984549281728122044
134911835973369748712847414837762685995293297380046392701776308
47514374215568696459358577232614082517993269968744477384009760
16341833881328891291252929793900915893147306925546292414414652
5490286873405267729690640304342301411055175026044818217415816
1802301705429323365694658821558600045174097897870922331033512
578255518426513960121426335134609811659496137046384511243348
181382414639772077502326170806671155565238017588854662813222
55638868212487297875772584519099372626504660323920574419624
16695319458412592324171764336953482398461415648250249239364
4901971142204979058347185250078157630379185785891831373664
1408746033900056961064498236865668561868250633597633219014
396375272115982532835327544727615407619440704687798930768
109223771989734196175521063933281797723341624085307746488
29484081133808833207432779799366562190615698283949391496
7798985753284978287441500920328338582938029149237245642
2022019052220470106570442229974553569909498236423277472
513973091555813975034063425158545368781929639882399560
128117510943395671059298545455637567662081737281222092
31324660860416887822428214140021369041738158091885909
7513820519220885879045530186479558845165795064308232
1768505662901634749267519044323960327875247639412070
408491927217327382319666946542620044794689993208988
92605143615960738561704612740257061884700822670716
20605585753863519252382994188341385571360419579456
4500226226132209260660933243063640150449356994014
964627325111793999971254646295777334086095582244
202912758632344798965372733924612346762872602570
41879606874418752225368867898609700769983557536
8478641448669571214833890431534837080135859774
1683192986637061539572731589920254986055622256
327525051054853261291611784808564962294717796
62436992442582559333667172657432573044064660
11653997681678170186771270350965305688355522
2128419144797088567307928912909909427592856
380074058976144502938404559090322286627169
66306236238425403671009871000443335172280
11290922913984651021787876063090760492460
1874889764199930537368160500610963268616
303280632140079583182945930801234544820
47737211345156741442049505474729417756
7303025366223417319338756342531439580
1084526957494713862991971707559184100
156133134358683362552443100751547312
21759921388729275567978433258082576
2931429761558301216890726378077694
381129366314683683119952722433924
47742017604110064056367826175218
5751453094294613181783573433628
665055019726628366700702367730
73659581915758676137304645692
7796603213206213144206588528
786705115679955637347920304
75469961644705270024875008
6862779254749556239369828
589603996428472389575140
47682993001518228734160
3615125517061330782522
255752387275398838236
16793663793071666098
1017274176674426600
56439881708239756
2843813599946392
128805483820680
5178539713904
181885353308
5465986476
136616708
2725800
40694
404
2
