1
784
305424
78829972
15164375581
2319116928400
293701208248090
31681043122924764
2971323242901229306
246143064850508559168
18234705339386284941588
1220223116043201815207100
74371116010437360023526442
4157300354964024671978814900
214402082774726965141542093624
10253438711486919067925580307308
456728888261345142333597845503448
19023330006211087006891708458655924
743446939591764988263486241754781062
27345266016600612703488961781682600312
949245644371001136895619709698463003623
31175776076276163399552043540822137268212
970900751397715207586164341587835088236620
28730309077129359515245973196481264876110984
809330935535682169775125813278848724772261640
21740909723526368636385091624508637790590895452
557803354587588688497605376133235687250260927766
13688943952626666062223302745105517590119856252208
321759189868868924545328131768817160631820246138140
7252856193160999548090776536830148715898206484432060
156968153644222979766137193414870890866291086786798316
3265214948069026982608110359400617304483494106397235868
65351027806299387853019487479429428429725265517195296061
1259645411015398060213101223870853264150702087693063936180
23403935458712870190250189631208784261361607204184458556232
419508213049661057698212549851956864029093817429130030874256
7260192395952077835201061386412826447535692218915991546294318
121405261335667631523979924170515571636337010906138379997626452
1962982044527528266943613802135232811625447978531146359678107548
30709715849858412937403622272431405184428781372789113637559815460
465148765526135538969133768762736171602953408122252251879137952580
6825372721303428945982625658690735207698435348049949160316553037064
97079606695748278117956858935461165947341618419005167225573272107282
1339162579473987231921220159012685853440986961434665039206204760949540
17925341660789117183644867923085209297627875439821721972273967454021878
232940506233116571781000765877792475873916337569055829123550428411892024
2940158435305125204820982175153945140015250248003407957921640413151208536
36061190452674294142247584324235307092041074811566840587869423509590634664
429971616697919252971096657754496772370797527497861828672906984728188758196
4985957628537819166515108434562132209844382841223180300630262917779283469472
56251935836795341184405121110240472946149598393775476233322725791449525065090
617689610196925821173870894524943934269710154976604384563650421355627240322968
6603955340575784183511610282437577048847209693331344240356428964308283403392778
68768516912826072001998450258421985163739513338615627398995839131416546599495712
697704550785547449499338955733332849543749783372028966335941422180492404425059096
6899042083946568154345548618784283837315007659262479545971674968702011181883878664
66508164464955245175028250445918531602306849900328525801955291204014665015552789768
625256978363110260602742254508717828165651192891550392274266958382228079213102004900
5734072818750679349578218111883350226164701721190841477278282727135549194901913635710
51310706866908667503712506037149113357562252953194515688288934692736864804806074650496
448133735804797680289590219829899396969159919936484287272124231986778855565871716483704
3820961823279263568714242101864245956131282489954466218729196170098222103606435440566736
31813379593020674582126603608022794092788002445905373752398018707594006265276770160846120
258715142206956525497306434013324458977899960063451073586099401850216202096557658704017036
2055455741725957498008919906323124840641795679571796297988325383912838846151150661084050477
15957489095323680838297521785380858659142363833349064928991653723575407662314658966810039128
121083169342180570008286035358844055731347838185928098467927178236657562063160224018272500244
898163393113766691454324831200073036170841720758952361358981735798018201974736600680732001736
6514271435552466893678381259885100595632123570742685698559665011056973525919503666155265720860
46206069727738043645897900212279093979818362946113033850598944569938979347222291489163826307416
320579627984152356718916957857552554528461894071759406716693912443808582928896083576368167266244
2175980317273027900595443151317229302747578715437250886693328411423881807967868768904815152179612
14452138166872799844389613730250933554711348785071162628847830354227090331766401151151402675839344
93937914041490183547244538726131878705772132577204561649930378936876294756775559454145033625649660
597657896677651292924772473453168769429662058855940461259207189585906168531509932944870844314379736
3722514841603492399127395779110791122995287892456174644323876888896924779414095607963489493625135328
22701743692140696386447452751632549714700156640412118097957534810548896334262977638846443042090699306
135576977937058275964830052114368428859125117830629258206901728340774140075415344307372316822265976048
793011791071924101514614177813842415588601001327659361458334623901882322453656570841628290033732796592
4543614125356892253112886904811724447031230544170731803109192656466248124628720452273079745231211034488
25504139612036183661321572685119186787562915642667752189474248119639839119012798470501158934174704252158
140270053057659650853502351950937632928139989363063762105216759498683344248153642315209407328618819202904
755997284189470293492171122678261707779896812476437744028863608157590920482273291446224276887420696600748
3993289867033463695296863954216220652541095916251634703618736365789585928390619698321290954803379082585488
20675192115867102106255910237031515052567937169330298747872699513787135783279498488154392037980286800446653
104936768866343776733646254976070454375777017371287950713542655095020154652347551814427846790537983602896264
522173826677200501353416920130778675644127797556177566165790113158031548605382569383586354104445717414194106
2547770265698453182120193453962211610841388170609592136082955738922429922138243289897823216935906862409959140
12190185666354757731860651393184206322250393635571369157378328797185462823791019302049490159315865296290782530
57201986552600787469743366892749682936185938655157969524904394947387242705380181485085882057732599275008276456
263273554261327731857079152658614468951291199108725624382598475814941390227987559707004918011388892976931609814
1188617414142629426865544148624625318398585840847288682135490296847352558792432583996536680113930634043590316480
5264509301098902521568505947094463466923693320377722513599270214967636121520329628090546381196481553673290520710
22876825879924085216927443054670799933953618015333547115779560736915219583853430089948872696869342803837893586628
97542911300849882365245620356660126786529277925506202069255176966521169524565305029787961144407221956604224457758
408128293161226649546830230946685564918177849108168455226326941478794126306598358851850257462120741024540131982664
1675855938070124593672221408207950501137416732696698564974201415771395607203887918801716351980938090823978104353551
6753868741214624245725982599477923590035076404419872455146026572218115266625321681900147104413461917591582794274668
26716558557243362313015695211295046922530748675252839566417470809328835009017081833116879292416057309049241924361530
103742203351503824559618731136811263287265408354156745742380027006914476796359650342572485542705318006898369424905724
395468295568596401707073649247236696819854319134676414646832373561069766629908008109007516149377897731270999646731601
1480070699232684220775949382225818750825283666128425988342054027225165510337430487056706948880047467878304735321635464
5438765454976048532668952554015790654415716127987688049219449721199462493473863096447359025891113748694723701355441480
19624426130900559972441860070453337905884530727274656402077765220371193076299523162704162238967728481134329300994161844
69534969280612239503072845743844514899803701977805945664697384394695121408300453982878380919981912276921711454715640122
241963230366446082912400464788014761795922640550875171931837006321858761314826570694346900559037498258832284165176967552
826922270286773644209901489224831271788519810561256347079501692003944152184913097288447770059604699238093281711730553398
2775734334906194876988612905078175286803787163845456010358667202448723192026229424786112233859435989744228882301490003140
9152020757367447013820217631649565760777691598676681254143168831199687105539732855076579431070723907369040723200901526454
29642123241939791681344366880862831708517877669060810306669592159633873483996567310617888566796706585035789986620899166712
94315160152546242337053420005924475329049883064891797362314384421992913818088580796093360463025933579810878676075060663796
294821826150233446308382594422177283008214580863766320501141108549018292965175491491653478208081892206610730571983665248496
905459677067875504139364576298822101430210393954091613692352578200391608663549143303211711107089085685813052221324472543804
2732340322549428107040741390216695640234053192514387140252824448608041541587054391064957900740565911047821066857121581178688
8101788909412297713900044790261671908307597027510547484234884300426642616313599026506440872480584141156175821595191376756224
23606479007887849868912451892368611564714694613926620893995029612643235758603254196943335473259930169396350058324220709824384
67594106219796094676598556420882706507936987719815131748619723956282181036979716876786907511150980848978350704250342438166819
190211340466993017061149758118829171339790010223075797079600945515124432088181928887371782006981855777691432299664758473578644
526060962210586869756766718561573628777088514948896261214066599921769345634863361872274737883545294721000446113031620319926338
1429978389635159917965969266978409407533663335579131297426685313077253417840848537098148544161329254942299455157503061067415556
3820654482109095225694815179292789693993288149376909594381384509631719994489044675650149343757586063053948633031717446407026790
10034174341228013833323433319865225861550757089875186839062700437708592946218246032411258292006318276648681110837118678870718828
25904866420755992498843004812311624266108400888439361297567602938627583842206870091180087350888634207608461851384919668326550160
65744090533297942480261757441025837245544928109079943173223129834964143784949256321600486546606706686265850182567119409572791344
164031451934252458189177716628975068320691551803648335851077894478279139088634660360090836231350555615168602075438323761997246212
402357001109857305668950851059532578125557721407948218339428083090360586969570795900861703374800462924793780077985490795683995988
970350448577522495101077188931851987324351796256930940554764051732444073959628995641502043418197442440118261658888593873782170184
2300893303075776053568878929305035425408598198914057305163485203435108617191164216249075241971004645200509345235117502884574679456
5364546386195954486113929348624957645937941764160773204976341955563694841756783507792893953722248916343879474294753432997457658220
12298599579223241469521756460100868955384572734002802363743824567121870939621106294060586162144182476274361430217140835092567701460
27725640021302449532860655281414010973771911478928948200000870893868207681036267305009568554846450755700025494283848164165920173238
61464952953678193722929229360571538251787649048142602589098178412723065481311294505732100550568136258096506639205152961916493840428
134001620630082803190204813503630000729756777398656914624324498336595954436047578038285056849401652862807318075931343929813337903333
287306351669719030160720087865857096365007771215611185295356222252499455589378488369042546788658125457690925132780014303991731110676
605827433452428681842549599579228628520060440423707713601320962782336577009417771332794556362819474656623015078015785954194080563194
1256425478947471706065377992028680957619579140931193267228308901364309405496666433248611005257048083519514212437657282504064192670800
2562854217253272840905998743083882963683409024006990011748217747826750475778831450091061406989649894427081928438333869781688522999702
5141921531467598137732146390989172594066166105150233442685239485783607558733911466706033380736926998266688116100398836796215875980020
10147430909251601068433178242363296574213361844623245262894370692144003223657313819484920101446812066674864645414986946489347092691782
19698373482408907313680347214592945253984441522030237892101943901189464447425511556814068604632885376595175243882233587739561562491148
37615122848990982640386176211654465864788880379072769369070024887176647837776300973824981873306446957390756267663033057097517410163384
70658834050667853538760564964020364249968309633348243491735530298821033453665764576536932301673797530757421305078984745197423434043244
130573817640239118643581685015010178091833570961452347613201248061617675799504224571599966782021234739442342320677884810025085598960132
237380457104434493911092686218132860544939952110793558622477440497093560960633011851435087960594737244639521987241525053499088407994800
424567172285522764706899286658169264302495077234195117214803193661813699911008690274817943845973263292365387811770326390460946634812403
747091193664712621004303672338428430479030428916287701041423373150457951503504280908425992295777058674686194479345589768765866899703076
1293419953990572241735653326081850008514823061529031088025909966366822084354424623531843332933788797641316753584759223524761944223371042
2203215740989818988493638363284369275633291712797392575495600340408528727869693442533411465808160172494931069959681194446964903864395308
3692654267947676177368222544594204396683109583265675498376329858807346282174837164205731511236378207397915397472812775713510618523827298
6089713792455556249061147575179728368384743940060873098021933646356740981726539138255898619742903405564981856859257762429000491267171880
9881981363543443784886593458502924342589972788415916597033084534940781988862224183901195592706797921499100026188791011827900389810057622
15779464042986909250307403832537014195581582628989749944202841693729864479457117940650359681008869336474317741426838308281753744746954908
24794396894115742944312942981783742735899046382955214501937720620550494952315545009430547067531871958759385179629458090593670079490706644
38338914691094294505108290724668130687911873554105045987363657528154040702675301150268858228825433818817864687250664699986137416577943444
58339513418182542152780164481249351381432369817427902900883588275675002390737212747424387952659927970885700165212336389397773929731175308
87364330518472327148756496776327903472610541451239820795694402129893162806870627904563836889303144137989804369361979420826582668350566540
128755383820914567685838702427028165959135099761934684738496750187792740882751634090281949492377387618920503387031905699526646134972228042
186753162985086938892564690611908014685687399563592155341345530702081973017183871878831463416773695870309347574076237088592825612248492176
266595732717625578586691908336370676443873569451036289211702641989376451547921595231073417746596407760374973704384838059995806783088667042
374569429350476001736327404228543627836688368101376275865621947153208514103008569802235684166249935590013357215989816689214255114213651920
517984236410250375968257857997993403556352427152305628158590363559696687737729023229262649007350133309515952360699292701063233192872742219
705045156263524342447730201664589325982616780989070116406351271677995654852545573450146898886204627530352397948731224414430080809033909468
944592586933287208887668820310940387759006245938038977946455935032681443708743022821095660700134532705183716311930896874820907456599068332
1245690976434100302265960709137185608929456508695004765108317735426668590867285938625670605824367255184783536469585806715338022900771137992
1617056580953264997033790666850754615579855435144462334648659776744271472194581425167075242037241234992434593102323392111918897882135502628
2066332037900754854646059395760025957581018656078964912568984175639342168844603469772984283455006580086102518462318374316206426745970549444
2599236792121338910489959399544770543234312832926576182670937674555203171455626151330802071195167446453356252503070730794841073267429205892
3218646228948788293053639915578863896598486181379025992282958710861140037529102891272579012685400797776530814268038334889387986608154942640
3923675690581601537089806672163878156891182848382417709326366468988964492009608207249499412799547224015297231655845386767980109724569724360
4708864640146778151808380579421204013478803691026915477241566292430819108479905493652257479349380797457530845456956445667131684015639310344
5563567082200888858881462607347895512157099207194098254060828016547751299068865909624328143855402496393764449355627533509155807087200093920
6471653353535303782845032907903258340321671208290651162834593923854195764509390298180644297919889531335633274239226862014202087733687179568
7411613141397840325159054902253817992836687610894409994901352723197250643492831163804296961841456341820296098498063252658544234671491896018
8357119513617472861460486393135024853309666729829422313144224989140137052698635189487737633613647078272319933905469881249383577265401225624
9278070638508905738885132761420670049041654913245664657124497532428307884236072776888333265501440573266716890589449353673870397078439422342
10142073944839410615156604664978748825871711054362487569711164629106730584819574018487360769742380526843258852481209826552065683662597401264
10916283005321215864312236334404094680959429009463927169686214881017928524093280604709145653355403911605759351015193117385780583004375903944
11569447955315928685774293763358894511521897910093858009967819371293229570854155951314052764693443542572119603339681937446896070748744226720
12074003404229533875925527901128943717657021857911417177490241098580834899154832288381817204564414797152140180157371952358902848111357489058
12407999956008640585866328879494456095767662343522474416559425612331304884188665073879005789665548652439367704743385466653449858883250937520
12556690582271192861512575628791102839878870098006401714257965352478736607925538680863799282980591520110346046743929202168929675356453181323
12513611844329187237641344503796239904251230647184364369192191056096652405740631924114433598691868611809262352197404197653730394434481576088
12281049395758702328416563986067992078914238018345092946298801659281891672043797083662179688544463234702545243667969058987969500213110537352
11869841115196968904035237969251739360638029033661052956135402293590529576664838838596804351273214994644351529396000486624777804026044366384
11298541109985430489731336866190862714666631319602386507696802641016725932911317966280627566624941853742815680693180675411828503368773133910
10592034256834267497716440981094423998361735110134756002291622816778961364162167840296390479035747522902337868031891782721894390119921118108
9779745089507094377084660095708865519669743745736795531508439940185829518754469264132829862135206976814319164168355005683251915201579583508
8893619931596001397815319877964097201190721334795821949768901686841711141736584619586460545520064478972756874790631555196108925063287554992
7966073494772302676962444480977537555279822304107384564193655685541122191188756072475440056826228011573276887063620318523209713652902666140
7028080517105965527280619183058703257447485898072492916758819121784721097921957963687826499282440787004054904819535394394708138889141666536
6107562518617364757667579036676017652143277990969595881123083815842250140589501982680032058691714161149646183330595093728084260285795101938
5228175091961859025196470341998069471230878574162706988642528444071536933517693377410627788752347754722964766544326885048172805942689064564
4408549467352681961168430212832782628894913296511588975437974706395937839785550726152975083304957231282713743503640237549953482272161773424
3661990731102218522206874659824586995324858020782032083953895828975474723199305899017842538289207674763602482256192063352277737070614377576
2996590422530049023042046168851657051112158257429712322293974552357403443022307475397995808640371555413695063593925452189686613505940145436
2415677870798666533895470629146667963659327292772420321478153362226465928976734474891992952485024581089407279122117755833037270346326429020
1918514914604520525268412310398623662137317653627512543305076103016005989894070036392931556325559176464018995138046502053031673266802947607
1501132690488216667924925629269606133465522553298644132989454295606621043917687420880797859617179272593202976933210214987434577187259900928
1157215220944711503731824221895801991232700743875619157030552415148244848434616659361466452840505455425287095398297628622306474454232622588
878949545892409658873383641665961975730519855371795237733402682602796896216399557926799579322985360542461434987806900329857127918293360064
657782498539846637973747521812566006500991790045603002201767780312745525072162891015385947410151122352657660965094931985533541108295736502
485046366647953644461972853822053281729124264436736027886640150140449210827417231019841446035708160816302454726990296819206213799843150172
352436598908487958416863342736204170946690513561796693737299188860565768473915651998602209000018527015357465789684210821161183234624300004
252342269904028042150739263424489760216788583045416160801805019070201186429080369622845377408504830084596523554763676398421412534031550852
178043019563413781708097343322908935010702631622401216959022608570483431319213459674958020655472136759221823460100076920695779485519732434
123794331838578728183337181563645930660389139731728585854712723495465642518207420112425353646453243847167776473478276381484674763256105044
84826704927628545626814750934651164628423939010149987716395331078860873883095953642094247651529468242391672800918457644921816322941696952
57284335358914209860707892436212574972917055523014037577042419328743238082314409258571697511569855233177786200237036466212524375584289684
38126441941553951501583038500049235283658638012063100347142551925366520125367799974840854875047143237874420168542216150504247644039051229
25010347894147539880617440665628156010873269128141697017342099463775238535047063458692929936292801968236773717127113301228174856631719416
16170835285333689367997283714151339622540510103416027892476745822828292848258776375093111671808870041844086433416499971699705787717874110
10305781420925844626706373023212461402275202665442288239047617017871389769329269626358823363331771998838929660407112059562797159343492836
6474137606694933437264266647188743208013787964237987938887150141503582280459371523453122231444222151180601412841736264618771980541228068
4009151923086556066497405255385228411756429383796322568427583853486338476781120279138057100221662768808476621223772923287646322794146384
2447428718429176905556006400972370213038555017082323468620617798082322483717855215859591981190030822237390625301760498806408186492198468
1472896418373326125417700981175294022010138687092515898232517961692792872036399032758240501598438375008581659160112417177622046829096084
873890369834527222615902248344442696589898463804320140565133977959419971316591498222895359816478219368002754048379925729229622491447306
511190280867563711651976869933202292360100860590456205932833888985029961896742058573316171130181776446157060837620844527737570820155956
294827321948486260238565468048322515736572411320155883848930808827927022606383350452071739144281914565576074691762878762089353251924294
167660717109237358385561676728987611979165693419549843735307253715842031132773068102322363891640368351525914224585421500573092243586076
94014025098750133109615354388858355049280137812750128188211079616081516159649776113958436430226593206437154709025919772073612400738928
51984196475742951818978668006578926449071645195353341952128848192742911175024527296953318355412300631713123818647315802440889630574204
28345711212873313420075477636098332911607816168419191012172601266316553470863860788489503346102450096445211419299206143464394553042956
15242669814005612748530849999714625953720688988877427500534650927057411117779937123655532607390794206420701286717053916337449507788572
8083753709884207931259239154598406619600224351569233254628243992462052707104512458456109768136751845431651004528160413991816115284234
4228287439200387279922033861589730300948690730041003378187901382825560389732752196456023955469996518122875362676458754176624076482988
2181407253243042885526830664724812964861575839591895075250018546468414454315240460865540894871167812357049566869254421780272444359866
1110073205738864476343018106795160036565492523644491035292440882334085660319360308076018273119481212299691442008688659168033867871176
557225885044766082509451701499113513356228815705939149144501794124924742924948956173351176127211341105960927729387145508061558969028
275929608413705528688926928374655561456479313695158801072283033154427340767354609567805571848288440166523330631175151289350493846060
134795576454973187497200445339982222971641575152037702269910953618085151325185589738795574373875879220416778775458991530101911829294
64966076553084426338172304855276426955939030189042259501620545224802416606441776573689742159044139662159326595623036146634817932764
30892642004558896080985703068333361424963903152306360245554498730522006127976691802837133854488558664464520213111367188407347106170
14494559791020034573660065313093002354435585078000014437330203955179915896006542968494588007033811498934336697180039657073419945204
6710596656022950984684387859018623522937640417595179385147756019048211967626858349429546474095037232675181180511899409830635812668
3065831928648272461236909133318097860840134375710967818192816459071923004365303658719229541775267323411718428421947511728802729832
1382267314368576761436967365054364937268075724252875012500574761250616159602911095934536216764772384415373924415993714856753266212
615060774477352303265587912898374483477857576616197588636185808072045145662425253699784774000693161995893613237192637576678631156
270117392054645152418980909496296100052436530488243915979988177587071952500016751951452185701914496429358275879498655726175399748
117090657257182554277547927504597376278251645235434340732204222810262599780102305899992135044394399727609956948910632218904954636
50101900314540734677036848375054179538196313949218341829797717810396749334801185008955337434534871104420541653460518167957945824
21162936157438611539647203861987146792849202256586423646512141051025413435659526876293938951476155204896344084419274388798915340
8825013008944976883701927807153232736448321919872909893492456165342092003774191101610795963868871042532444295106308511758018610
3633296739216444531792385698773569055792735609709232541818268139346271970756331663363212863928733411963555841660015948916465044
1476934628442923919019862498234358820626383227857156059269323411904960494196673887782232733314331326698368055328793801952222175
592824041409809928441484447644829467926556427721312072525328365254332155801550909463309389936685513387669583028194172909793512
234976347505674184697212968539328703125883599227532102789244949866234902800758831138565237910456715312051644099984035556262434
91978517838833098391961740233784553562484208270931860158196093204585952770888998848644982358470134362473074500718311856931824
35558474981069959403003484240275237169773909958877270786617042125682906870130871360027161569125220245383154342768187394279050
13577671147447032796492997525969078953120000508201315625257610781887593290589740571017884558758463973181755782809807747227516
5121112218146360830107164823330406311183609444155777996529259801969492015256632560141181818290897387438217682551625829682370
1908059813322277190305245134397373865158713818817122182893547637842806913611394885839798343235380491589746044168084362725936
702329039873929714180629502256611823055002542777145308211127299311637571728706197115490767884529284008932295911305871927976
255412943762975272038398967547465857406392641407153243338195125565562777587989620423875694731273381945691351493809472961280
91776590363239868418463220862250618520521236384177527606938601624376238503002473170460889783081670883540692654228078020524
32586760809055007687280398266357212188265464600191390768733677143732332531865140986105826440796850466669530216244937623096
11434170110656893769525691022666341614277027012713808883354989173520063535851547119734494498406077922310273567979421754999
3965122535603110902034387553910945878416609543806620114149024135112904512996152830926990630512994221439250597957898908016
1359038632910350467768312240262746932206683731088354601362167800326811673425602857710637504986428107243470781743892588690
460431808441796658081402738617744188008248891898480246607046897571503145806916779000591646786101241502432906543339383016
154202933903479879772450381069775675821379170342247927871679370210931613408526141508241092841625521308944552825422642377
51056329922074360754409850811268685837158567618310417813861478393898166666781806129508873861904497508346408437909673912
16713691196253131021179718021811404591895281343295137130421957929203504313819714725090794735471005456892417307327069326
5410002911440558997611805384219534684227220901671394217210845675788107686251275294182257351283432063260002700020808712
1731656736273377657784394150241298275467272496698104552266831342731499790926259018486903475701126492385175811226260518
548153808517388000092943668734798466742752052272850989796561687928361674321573444652603132137042850179697187714740464
171615616487292914849428885598396286515912833941927092786113837160761398278009283064095097967396026009627444208505038
53145021683771274962776844480164306064430036929742277402685692703278276564632536565437124286122471724500316154354564
16280123474635427119262807149541641378704330427195824241471670139839483995592307384753146310718169523589605850579982
4933785142269885714556591035759080038606899650850434993688779145722452204938961607534513682566800471950695122421876
1479341655217682653458020977595013485691660416289533733489016399477717586506511782998582446619496640661840372820680
438895243496461688389616678711239115207113985994609948889061829979970451704578584690271756275080299697045514710504
128853409270808331572272364784214001054806500705741153377689480768452502329340038252315164041688933691465827006219
37437960026551151179780989937986645603347506184921492006624602627409915315387578934976605465279955549161556516036
10765847855672959814074227535617010686595665844611621465973036655555909491170203520369139168832900801305863681810
3064380053186316125500198175486391201498385028871917736146534063692672269636774478688030162182415779024728833140
863443174193472128447538860278477959600523710094856283081727571762425541206768122775087008861909251032757459761
240857337358487804588893486488167065129764332310952458025941169633783267730009405256167898831368947122072822496
66521031881970942253575414150692698257850436007553441360928104087252013620610268176205452815171882604236798586
18191508106945651145616277274816066242345112644632285492611846839703812846391775748174217785347982924887165844
4926361621499643178606864915469634773462459102012351738856893871288621957547814942799149036013514276893181454
1321199575400441436828210183123231773534927286771589477639899181814988634770847403129335140722338609551448528
350938623618080675783796987859960887194264097284784518041030644241597918146271357129711235189697296809699448
92331480821638615025641858692848055675928326655589594399400716823551077806171529500170956279141404553907592
24063494738032362264815168948442867140858355551412942083571792574092789742706628376197593161895290571506692
6212854555460523562867467517433711030564617522255923611203909091136889866853223213772027416763836875387756
1589202943411788807352222912313622935488832056396760674454660042714904873741173536661809329136346695888826
402767039904677771124225566810151286832817312088173179768780519941771526047934306157235711009237950172992
101144898958873017352301879759850206194779227920065548930012944890633071721675632444036302883920146012337
25169631682480410981372099344955615847677618626482169852332265749476878894706003976988036400579252622380
6206944320843693425041101555582343107321023570624733261722325754192429659221686905791332377566769955356
1516945600212752440116236392076655022359963091123472378007121690509267435624311259523987258997367910492
367429395739996409284311258106057105453279750149915108909029758835528818110552557709487342489762329948
88207873966344450072613149049005668992481439652966105059122835781541188198556260848504946014479080112
20988684041460650577005421923501840892471453085326841021865815596105613425063151036245863983516240940
4950157816790065267861691192562870222314244440465507191788646093285050510614266881469173625365470340
1157222652897915976270476301232638407059162118162191221904409430866220163744152521805319031999660498
268153302853379354045480197753416767621802478882018935604721110036650632528659683172548159804451624
61591104925369616560687236111089600661321150568145810984561647015812417384075385570208913343778174
14022242877223702655656403340050662701251381497829103230809181244087474118847467094136920125426376
3164267371582800545254109537259188806587326017129225303145649548236457285467372113503599923812742
707737068030661272015025032417969049761923130710759563381700136514655603063228396313193783666032
156890207386359953196623405117302488775830542078303312671132813199807780450629485052500477336398
34468462901169266835701151160977556856742944288286072820873549658825862813297364816098072904592
7504506672106151602697212820933388049209062886928071387413802318373512258085936579482418020820
1619061431475634503860842467956743272293627677064374823199708174981149850896519581031836475684
346104335760708703160134414279339521052582789073478111930271149350718151593794173365817043996
73300958652520900932885144670943967566164073340081260739661584916425539469031705036423226516
15378796613561189968717218365945783190347681569430831944877627737174515035568444933399441906
3195885376537856072913329525412168615287626218151031793659370212858332979046270411181889116
657744469563184221339407327679892971098304901162802449736727767105447816179063728119549026
134046815555909263570806808548134182093735491851478353137685919044251735510210097484477548
27047082773006029145397117144951222275265693195587924922105733835553744254126842468323528
5402263085201076354351462594008369576178016313262101352510399069459398927292120096040268
1067934712352757170042026016044650828643536789708046171113454288982757140954175563514108
208903345074408603770033294028040057638040313390913565581004379826524729659634115975088
40428885837232948674730964360111283805905556957114526490836497802813078193925760524958
7739161547428712141052818335285632587289991645186725403577039543484078706823036839636
1465069269023640253813175766005159663555935500624066226702482745358092446429665534276
274212527846099959434522132351919408350467839452378607979379354580119432622976634644
50731846439171553181280961138595820914864230110468009002341057432178055229312640522
9275436301467003572882541512604675088718209180717434815911625139710523876531612420
1675487493904533684624098356832292946942906903300098828661196809871776410880665528
298944763829987430322539559056818714922801430095332512504815460761074599880346840
52670849925474256451565310013805735574591352500920564337955646673720045855001390
9161424244589073956509383814294812926821991636854154905673193931089516349144488
1572713528693506993388445338899613224288399808953410815356666328540499314295152
266383824642427819556787334780449727502640598791208079449025896640461238393672
44505353077421476604901902014097384083476722723888353454608203283926722732046
7332199434903857212232363722701456176672492172954047430870557662753041945408
1190809070602036307267774908107991535106086090265888672612747116060668935208
190590281061617820472501060886764217325956744498563150406897921202312899328
30051874753708839858762596405865867388242094876167994073565641344234965054
4666727487402637102919890670358282822266925996957508803529225764004714780
713472826211535244739867777269555020286393143745374764019435998018417840
107353613362471111554879301118437689369588286649378321916770220317782060
15891908817287225131487646507324352389945926571059097383120799724628312
2313647328802012220280090262229905069617994511804529256506859941418132
331143951658740866181489105024749999957135115569465026507060617177424
46576517724942719490284989754425916424628239213192223114325266575212
6435383855283274302515932707124517484968973800262724626423294499927
873092683409685664048932726622156356271454159179917417516888392072
116262596564845655850293247984630456240965673578280808648996249512
15188768129574724624260550923900195849410096684320308041931417908
1945854693829043393378948411724705082526754727559036531415469866
244342479635984660875940761893161171487009539566464947178742328
30059111667586181602216839820694826675571667641934937929225264
3620943614262251006372158151963072264094971411641263386349224
426881309945579926457774710849309248797929296581753726417128
49225987290751199272305482579435287036767238631610006007608
5549272062912869285837129410598067130427790126438882602222
611186528091674503679444128049901738684119501361302089992
65726171514892672579225186855594056181626247240756820648
6896809783360012091732316919134017533684204327001459836
705681991713714957139625430069801996922253648721485460
70357789016640200666920466739863938294934584417583836
6830209351857751834653513770586405118253921039139560
645110981503158020582885713378276763092372562448480
59231882442897823724381597339677219752995714041796
5282263304329702325252025058691911530610493477400
457119335659594655565160802399367838334968238350
38349768101610390407286389225730015491498508384
3115823192897451304139156918694463138127738468
244898058363391671779553784647389241950023664
18599245689296287183993069602971654634097396
1363213723232979223587890444430405522920876
96297468442355395426719241075066914673688
6546814133447255831068406665401930532448
427705279882816178336744195005945197120
26806585705739191413529839470186954420
1608956879027544115818498863842505532
92301770662815674439415239662344680
5050317971869281113329299268319006
262943984429108349231691783911168
12993773032301557077450364203116
607727703929934711175705260896
26817670169200002460150403880
1112615462682615217750723080
43227552653934926802639526
1565714599735036747737112
52596761057684165248378
1628928661276021827612
46184379240161051040
1188814025067936872
27502598557426656
564754484540944
10132408535916
155581646156
1987663444
20282344
154966
788
2
