1
256
32160
2642948
159819965
7583888944
294116445082
9586626461484
268042562131202
6529640029479296
140292065573112244
2684820237664172892
46137486207152713778
716785476860832515156
10125376419432407467240
130693302168423111311420
1547966111897855935957132
16886743887576602775712356
170224484349604148858405078
1590162726915765773287443840
13801234621550207019283641103
111544035335140057217818251284
841240752575465883112377332744
5931234639932188392892706397576
39160581224415111502630685526284
242489657883417140785315624487428
1410193302860580424119948677537810
7711766242736540162778464686355696
39702719832284451340027000886557956
192635894838614827614329255197340996
881711190047019957361175985494974852
3810441833337392077325918574145360308
15561131207635070369189869412237344271
60097039303515913610224241383248481868
219641868055275916120504584220239773360
760166068794365767719399484672319321268
2492834479242687522364202091451644460226
7750171564296261261674039071030294158056
22855253727387025786694349248441644530796
63962543862141440290873742270110042057728
169951095009293104229402703314619436517300
428905027974318834650420966053935537925764
1028502906703565036466047184518080268720284
2344306443500758042162840022363900795899108
5080832998585362117023443677075305422123396
10473822701204753293516480040981753339944484
20542584160465103222944106042820666071024634
38344830319690690817395809386097615426382616
68135911827580646793967753584699233546965328
115284908653084697955923819901056546303817324
185780579146687202431315349979892330430935844
285206435500928825953606524303271416061728616
417200840269656279821848389765424235411474768
581634525228307793524011189298876427756324308
772972158952516081814935470822099931179123184
979430262902602066795916739880610617293926756
1183490785642597083135663808534994303673574860
1364025800620496399296517459992139622184969872
1499791146693530602821196160147618074986843230
1573525193173722528556231540137658948321705036
1575564424147713492279272232147144283647022974
1505927927427760701149873214576215155502296384
1374249196802977133380892722882574547598175180
1197595288971714917668513362376046871259028396
996852200704424638131816181790684376824917362
792727215726444269303220493090860388636689160
602405863346743371168103659454741645875409790
437553971588990347145927329525800435668287576
303851018009225270475761242198312116954792088
201786238850313080713076409417296257812887584
128187422800270186578951797368282559767186828
77920213936963234443585632113189276660759492
45335730883336772350105052662224372993448318
25255696369902981423576749601773729525053856
13475869360568534666621416268103401505333238
6889565607860231834027271384331133282629152
3376230937978520107369234099627278599046030
1586552451023699199638871034064210924812980
715228397755438808295159480282610716369786
309455789568193731355459920661820594189944
128564510105869449471586601243843078899896
51312930311070953921355256430917374629436
19685196542572850075830121352846832327608
7262614892732891668323837060878381689612
2578269904892573593274934606728546354623
881243054375631156844620378039829313188
290169755756357817282648130562338178668
92100310323111771207353679508063449212
28196221982781708241854636766749551406
8331310796539599807644810796592259512
2377395145050257512805689817543139930
655581763133025867111056722512011916
174806387874434069616756990918903348
45097436565125719626136468038857180
11263061586578340431791934912360122
2724567704287823952835977567563772
638667445541816928607719472037104
145128028943172579980542125329124
31977426561005740303404974291498
6832954665106372808524143849288
1415894386745805406020560256061
284451592971001362532795742192
55378190174443956352290438264
10440159013183194845838580380
1904038195320566657292981264
335487397096747833640664308
57017160261028213677263546
9328750481702745249302276
1466060782634167012197834
220737049578199681167872
31749556213030445216162
4348493709176228403612
565097568744301782878
69400756227418360252
8019299716819514450
867524206182433912
87368933749120446
8138936960170700
696101731894034
54182136895392
3797894576222
236662113616
12899279952
602129572
23391608
725672
16846
260
2
