1
225
24780
1780714
93909924
3875953561
130382565930
3675893768908
88645482921449
1857084405493128
34211618699877534
559676069333054696
8196215328268654772
108172554228036102708
1293931847129322469660
14096224186664736126206
140446136722548693820165
1284444231546492320594894
10816996197483817352737182
84121665124842714456344974
605625298842106506437016102
4045404811525614892248353831
25121572015605944346235369350
145289835689147718317501302766
783839247075578448673630693943
3950520847868471777130129575923
18624730050643378887796655877680
82234463308740514498461880797346
340423141007673169355149762209058
1322564546056048854849797089961336
4826597361762841509561615783462220
16559676506558040153054480741676104
53453871050896784169332281290641234
162452244460366416028625337660867913
465124945188689994989337062932900042
1255355785626435244500434514156583540
3195605589281892706923518284905355477
7676202488419024764245496530305779587
17407965065322249328819993769420151262
37285901334952509995955203156913449366
75458793601188163339380124188070776843
144346196869058666039296205330515915990
261085230301853394211226240048543097552
446665735300064105997230575823204551984
723003035510910220242432196162872427055
1107596296233407821971714486507461313628
1606303209569662283921853703238702058978
2205941671454472295884785091532553875506
2869411414042705319630447480640177716723
3536166770439899262759482643451422697242
4129719256605552990638389084875596674644
4571532418158625862020196018237304691124
4798018912429210556009193083564028115361
4775590377003834117124585953448715288855
4508840064047004555555560843155208007034
4039107777318820600363142183593803465714
3434017657139852575292585262944788383211
2771622182547424585354067554942265845066
2124237867585988192060913356453513652324
1546461861843091490704091380191458130120
1069740934224101763819913748858513152034
703340573170830556089538551664297242824
439697021882198458960952402322109147984
261459839782752397350139105995761466204
147942649868118763908769163200689884926
79689912971756008294662881251183459720
40881943454812463149448390642461717640
19984225959108616558165667450127312612
9313083418515713751318513857913459061
4139869453604904700345640162722924563
1756376998206658288809276572753932796
711626923639357478214438622166695544
275531317046687080053345711608103017
102016129761307482740233266665358870
36145650452401492319628520940877290
12264701815668092986514843794208284
3988502331163158190411768071855464
1244129266665756432274678768297626
372551321883876297572029423408600
107187198041516238167679396920826
29656048038595843766467068713277
7897258364386101759500524023392
2025849683348452260088384997246
501035944577741963875043189876
119564309408309353893417513276
27549192268834437270549313201
6132542858714604303302601244
1319386465748107510502803256
274397762166400735068595584
55159552577735138188769776
10712714009690509987637406
2008418350751718496991348
363023568480767761995085
63152828918407297135832
10550560535935326926206
1688208238692099148158
257919857144870675817
37487839093449784570
5162675542433939332
670578349281379782
81729519187297532
9292605665128087
979142146211148
94880967501136
8379905424096
667373812074
47302442354
2935300208
156110036
6913437
244582
6476
114
1
