1
196
18746
1166176
53069000
1883786680
54315955588
1308045124808
26849172347850
477032549147428
7425470237502314
102253151684571220
1255630432404820066
13840623540011727644
137715836041691050398
1242838704590864892832
10214760748791597009584
76730497473290713127280
528423837193634685425582
3345457826207153159898768
19517891865653326591610910
105157775656140951902918660
524210909118441117088741672
2421941789285006279611464924
10386620544610306482144436170
41402863583965132092711351940
153590895518192964758066863568
530836412582790875020236868696
1711003680517544163276511638692
5147898141808497482540484964680
14469545910309808567313524928918
38023356042028810463199272659976
93478601859146614529654953653860
215134471807971679588523222628736
463757252831208422669653326350028
936873372412641560377851696066572
1774553843442792379760383438688116
3152887669866317347613728804572832
5256759790022605593758277564022308
8227836815816613838323580472490400
12093968598746763935131061996943886
16700030207014246838690854562631180
21670760046778775881112265696799450
26434916484823277662851868577996080
30322425557362856058198606900471882
32716424266640980190127994424688200
33213703229037672427612537182528100
31736100024027346823578981792497376
28550445202269644039191814834145256
24190129659441690101139261512277672
19309835159227603505247680213400984
14527496449278538966039669516803496
10304830464238555869327767461574344
6894544145132901049685003194809420
4352851964918071514718236545303172
2594469331426188580717448807124576
1460653422230529695775832494741388
777148105829173359693563049765416
390993706220600445613939323745294
186129346755790698903879142932764
83893419744544700782407343237578
35827565880998734932823082804276
14508120885490471406122483409748
5575156060371374096283729004120
2034797482550078409789506739930
705972040282646257261911009208
233053457999096932397252465634
73272023317563845428053957432
21961305657330212394334129906
6281216352954575267060797444
1716022718035878981988509522
448245822446984921311020176
112053596221585658106575772
26830136405637522879546632
6157862429130779580180546
1355496253637515315458220
286272595502590363035350
58008753208772336185916
11274278398613485855236
2099934510884046825776
374316494006591993728
63724326790515387812
10332842307445954354
1590302449171029536
231341040461239062
31649339967144108
4048359314861548
480903001631544
52637021412040
5260054514424
474689049184
38175268692
2690955878
162730840
8201274
330412
9968
200
2
