0.0
92.0
2961.0
134.0
5872.0
76.0
6630.0
57.0
6747.0
46.0
6216.0
41.0
5449.0
37.0
4653.0
32.0
3863.0
27.0
3077.0
19.0
2238.0
10.0
1489.0
6.0
1037.0
8.0
886.0
11.0
848.0
11.0
748.0
8.0
551.0
4.0
321.0
1.0
140.0
0.0
45.0
0.0
10.0
0.0
1.0
0.0
0.0
0.0
0.0
0.0
0.0
0.0
0.0
0.0
0.0
0.0
0.0
0.0
0.0
0.0
0.0
0.0
0.0
0.0
0.0
0.0
0.0
0.0
4.0
0.0
30.0
0.0
114.0
0.0
297.0
0.0
647.0
3.0
1098.0
7.0
1605.0
5.0
2758.0
11.0
5219.0
40.0
8306.0
88.0
7728.0
64.0
4192.0
0.0
1792.0
0.0
0.0
0.0
0.0
0.0
0.0
0.0
0.0
0.0
0.0
0.0
0.0
0.0
0.0
0.0
0.0
0.0
0.0
0.0
0.0
0.0
0.0
0.0
0.0
0.0
0.0
0.0
0.0
0.0
0.0
0.0
0.0
0.0
0.0
0.0
0.0
0.0
0.0
0.0
0.0
0.0
0.0
0.0
0.0
0.0
0.0
0.0
0.0
0.0
0.0
0.0
0.0
0.0
0.0
0.0
0.0
0.0
0.0
0.0
0.0
0.0
0.0
0.0
0.0
0.0
0.0
0.0
0.0
0.0
0.0
0.0
0.0
0.0
0.0
0.0
0.0
0.0
0.0
0.0
0.0
0.0
0.0
0.0
0.0
0.0
0.0
0.0
0.0
0.0
0.0
0.0
0.0
0.0
0.0
0.0
0.0
0.0
0.0
0.0
0.0
0.0
0.0
0.0
0.0
0.0
0.0
0.0
0.0
0.0
0.0
