0.0
1716.0
92565.0
6078.0
335776.0
11290.0
746812.0
15003.0
1.24958e6
16382.0
1.742556e6
16200.0
2.153436e6
15432.0
2.449651e6
14606.0
2.633204e6
13812.0
2.735263e6
13008.0
2.807133e6
12358.0
2.903979e6
12099.0
3.06643e6
12509.0
3.311936e6
13746.0
3.634623e6
15610.0
4.011083e6
17958.0
4.410366e6
20650.0
4.796586e6
23264.0
5.129634e6
25319.0
5.376776e6
26363.0
5.525805e6
26227.0
5.590528e6
25284.0
5.604518e6
24301.0
5.603845e6
23903.0
5.61008e6
24336.0
5.627078e6
25256.0
5.648457e6
25667.0
5.668125e6
24740.0
5.687946e6
22921.0
5.70196e6
21481.0
5.675382e6
20926.0
5.552388e6
20706.0
5.276686e6
19763.0
4.821531e6
17781.0
4.190511e6
14784.0
3.416976e6
10841.0
2.585552e6
6820.0
1.797427e6
3716.0
1.117705e6
1568.0
599928.0
448.0
274016.0
0.0
110976.0
0.0
34560.0
0.0
0.0
0.0
0.0
0.0
0.0
0.0
0.0
0.0
0.0
0.0
0.0
0.0
0.0
0.0
0.0
0.0
0.0
0.0
0.0
0.0
0.0
0.0
0.0
0.0
0.0
0.0
0.0
0.0
0.0
0.0
0.0
0.0
0.0
0.0
0.0
0.0
0.0
0.0
0.0
0.0
0.0
0.0
0.0
0.0
0.0
0.0
0.0
0.0
0.0
0.0
0.0
0.0
0.0
0.0
0.0
0.0
0.0
0.0
0.0
0.0
0.0
0.0
0.0
0.0
0.0
0.0
0.0
0.0
0.0
0.0
0.0
0.0
0.0
0.0
0.0
0.0
0.0
0.0
0.0
0.0
0.0
0.0
0.0
0.0
0.0
0.0
0.0
0.0
0.0
0.0
0.0
0.0
0.0
0.0
0.0
0.0
0.0
0.0
0.0
0.0
0.0
0.0
0.0
0.0
0.0
0.0
0.0
0.0
0.0
0.0
0.0
0.0
0.0
0.0
0.0
