0.0
0.0
55603.0
0.0
252685.0
0.0
754937.0
0.0
1.660666e6
0.0
2.860208e6
0.0
4.01776e6
0.0
4.755379e6
0.0
4.885031e6
0.0
4.474927e6
0.0
3.732064e6
0.0
2.861907e6
0.0
2.017012e6
0.0
1.30222e6
0.0
773300.0
0.0
429935.0
0.0
229986.0
0.0
120614.0
0.0
61443.0
0.0
29276.0
0.0
12374.0
0.0
4360.0
0.0
1200.0
0.0
342.0
0.0
493.0
0.0
1311.0
0.0
2912.0
0.0
5424.0
0.0
8808.0
0.0
12973.0
0.0
18058.0
0.0
24653.0
0.0
33809.0
0.0
46876.0
0.0
65304.0
0.0
90313.0
0.0
122228.0
0.0
159754.0
0.0
199831.0
0.0
238344.0
0.0
271214.0
0.0
295034.0
0.0
307033.0
0.0
305234.0
0.0
289189.0
0.0
260846.0
0.0
224713.0
0.0
186279.0
0.0
149534.0
0.0
116104.0
0.0
86366.0
0.0
60579.0
0.0
39210.0
0.0
22761.0
0.0
11561.0
0.0
5509.0
0.0
4044.0
0.0
7538.0
0.0
20181.0
0.0
53053.0
0.0
125610.0
0.0
263285.0
0.0
489536.0
0.0
814721.0
0.0
1.227283e6
0.0
1.692557e6
0.0
2.161143e6
0.0
2.58229e6
0.0
2.914539e6
0.0
3.130679e6
0.0
3.217665e6
0.0
3.17216e6
0.0
2.992904e6
0.0
2.682966e6
0.0
2.266016e6
0.0
1.790964e6
0.0
1.309008e6
0.0
856816.0
0.0
469760.0
0.0
193920.0
0.0
51968.0
0.0
7168.0
0.0
0.0
0.0
0.0
0.0
0.0
0.0
0.0
0.0
0.0
0.0
0.0
0.0
0.0
0.0
0.0
0.0
0.0
0.0
0.0
0.0
0.0
0.0
0.0
0.0
0.0
0.0
0.0
0.0
0.0
0.0
0.0
0.0
0.0
0.0
0.0
0.0
0.0
