0.0
1080.0
33397.0
3996.0
124371.0
7316.0
253290.0
9468.0
372511.0
9903.0
445662.0
8690.0
456709.0
6640.0
415959.0
4650.0
349006.0
3123.0
278893.0
2129.0
219572.0
1510.0
175421.0
1145.0
146311.0
961.0
129931.0
904.0
122955.0
938.0
121702.0
1010.0
122119.0
1076.0
120860.0
1113.0
115550.0
1087.0
104599.0
971.0
88028.0
779.0
68160.0
555.0
48773.0
348.0
33559.0
213.0
24888.0
170.0
22914.0
191.0
26137.0
248.0
32729.0
327.0
40703.0
394.0
47935.0
421.0
52847.0
402.0
54780.0
344.0
54038.0
257.0
52975.0
174.0
54740.0
127.0
61660.0
138.0
76461.0
258.0
102013.0
538.0
136285.0
969.0
173882.0
1547.0
201671.0
2090.0
199200.0
2208.0
161632.0
1920.0
89216.0
1024.0
15360.0
0.0
0.0
0.0
0.0
0.0
0.0
0.0
0.0
0.0
0.0
0.0
0.0
0.0
0.0
0.0
0.0
0.0
0.0
0.0
0.0
0.0
0.0
0.0
0.0
0.0
0.0
0.0
0.0
0.0
0.0
0.0
0.0
0.0
0.0
0.0
0.0
0.0
0.0
0.0
0.0
0.0
0.0
0.0
0.0
0.0
0.0
0.0
0.0
0.0
0.0
0.0
0.0
0.0
0.0
0.0
0.0
0.0
0.0
0.0
0.0
0.0
0.0
0.0
0.0
0.0
0.0
0.0
0.0
0.0
0.0
0.0
0.0
0.0
0.0
0.0
0.0
0.0
0.0
0.0
0.0
0.0
0.0
0.0
0.0
0.0
0.0
0.0
0.0
0.0
0.0
0.0
0.0
0.0
0.0
0.0
0.0
0.0
0.0
0.0
0.0
0.0
0.0
0.0
0.0
0.0
0.0
0.0
0.0
0.0
0.0
0.0
0.0
