0.0
135.0
4572.0
174.0
8959.0
119.0
11304.0
172.0
14261.0
207.0
16741.0
165.0
17322.0
140.0
17025.0
129.0
16716.0
127.0
16730.0
126.0
16919.0
128.0
17155.0
123.0
17099.0
114.0
16707.0
107.0
16073.0
93.0
15014.0
76.0
13475.0
57.0
11508.0
37.0
9391.0
21.0
7493.0
10.0
5949.0
4.0
4697.0
1.0
3655.0
0.0
2782.0
0.0
2061.0
1.0
1536.0
1.0
1298.0
3.0
1376.0
6.0
1699.0
10.0
2145.0
10.0
2756.0
15.0
3244.0
21.0
3185.0
18.0
2709.0
12.0
2242.0
10.0
1805.0
4.0
1572.0
0.0
1536.0
0.0
1344.0
0.0
864.0
0.0
320.0
0.0
0.0
0.0
0.0
0.0
0.0
0.0
0.0
0.0
0.0
0.0
0.0
0.0
0.0
0.0
0.0
0.0
0.0
0.0
0.0
0.0
0.0
0.0
0.0
0.0
0.0
0.0
0.0
0.0
0.0
0.0
0.0
0.0
0.0
0.0
0.0
0.0
0.0
0.0
0.0
0.0
0.0
0.0
0.0
0.0
0.0
0.0
0.0
0.0
0.0
0.0
0.0
0.0
0.0
0.0
0.0
0.0
0.0
0.0
0.0
0.0
0.0
0.0
0.0
0.0
0.0
0.0
0.0
0.0
0.0
0.0
0.0
0.0
0.0
0.0
0.0
0.0
0.0
0.0
0.0
0.0
0.0
0.0
0.0
0.0
0.0
0.0
0.0
0.0
0.0
0.0
0.0
0.0
0.0
0.0
0.0
0.0
0.0
0.0
0.0
0.0
0.0
0.0
0.0
0.0
0.0
0.0
0.0
0.0
0.0
0.0
0.0
0.0
0.0
0.0
0.0
0.0
0.0
0.0
0.0
