0.0
0.0
17324.0
0.0
62216.0
0.0
149769.0
0.0
274346.0
0.0
411350.0
0.0
530854.0
0.0
613102.0
0.0
654078.0
0.0
660711.0
0.0
643076.0
0.0
609805.0
0.0
567430.0
0.0
521029.0
0.0
474334.0
0.0
429378.0
0.0
386628.0
0.0
345889.0
0.0
307407.0
0.0
272376.0
0.0
242376.0
0.0
218287.0
0.0
199816.0
0.0
185874.0
0.0
175200.0
0.0
166809.0
0.0
160079.0
0.0
154639.0
0.0
150216.0
0.0
146455.0
0.0
142968.0
0.0
139444.0
0.0
135593.0
0.0
131144.0
0.0
125961.0
0.0
120151.0
0.0
114007.0
0.0
107812.0
0.0
101689.0
0.0
95548.0
0.0
89109.0
0.0
82010.0
0.0
74000.0
0.0
65114.0
0.0
55680.0
0.0
46187.0
0.0
37133.0
0.0
28923.0
0.0
21863.0
0.0
16150.0
0.0
11792.0
0.0
8577.0
0.0
6167.0
0.0
4278.0
0.0
2796.0
0.0
1706.0
0.0
967.0
0.0
497.0
0.0
215.0
0.0
66.0
0.0
10.0
0.0
0.0
0.0
0.0
0.0
0.0
0.0
0.0
0.0
0.0
0.0
0.0
0.0
0.0
0.0
0.0
0.0
0.0
0.0
0.0
0.0
0.0
0.0
0.0
0.0
0.0
0.0
0.0
0.0
0.0
0.0
0.0
0.0
0.0
0.0
0.0
0.0
0.0
0.0
0.0
0.0
0.0
0.0
0.0
0.0
0.0
0.0
0.0
0.0
0.0
0.0
0.0
0.0
0.0
0.0
0.0
0.0
0.0
0.0
0.0
0.0
0.0
0.0
0.0
0.0
0.0
0.0
0.0
0.0
0.0
0.0
0.0
0.0
0.0
0.0
0.0
0.0
0.0
0.0
0.0
