0.0
0.0
18024.0
0.0
59181.0
0.0
129003.0
0.0
214328.0
0.0
295854.0
0.0
361120.0
0.0
407656.0
0.0
437820.0
0.0
454720.0
0.0
461630.0
0.0
461128.0
0.0
453994.0
0.0
439906.0
0.0
418921.0
0.0
392057.0
0.0
361110.0
0.0
328296.0
0.0
295679.0
0.0
264650.0
0.0
235789.0
0.0
208986.0
0.0
183699.0
0.0
159413.0
0.0
136146.0
0.0
114523.0
0.0
95257.0
0.0
78576.0
0.0
64177.0
0.0
51612.0
0.0
40610.0
0.0
31104.0
0.0
23104.0
0.0
16607.0
0.0
11578.0
0.0
7952.0
0.0
5652.0
0.0
4585.0
0.0
4612.0
0.0
5533.0
0.0
7104.0
0.0
9096.0
0.0
11363.0
0.0
13878.0
0.0
16719.0
0.0
20011.0
0.0
23874.0
0.0
28432.0
0.0
33809.0
0.0
39980.0
0.0
46528.0
0.0
52722.0
0.0
57874.0
0.0
61636.0
0.0
63970.0
0.0
64966.0
0.0
64938.0
0.0
64662.0
0.0
65190.0
0.0
67166.0
0.0
70736.0
0.0
75662.0
0.0
81764.0
0.0
89034.0
0.0
98328.0
0.0
111562.0
0.0
131358.0
0.0
161018.0
0.0
201948.0
0.0
251086.0
0.0
302452.0
0.0
350060.0
0.0
392140.0
0.0
434018.0
0.0
482194.0
0.0
531996.0
0.0
562286.0
0.0
540708.0
0.0
447112.0
0.0
301120.0
0.0
160896.0
0.0
64960.0
0.0
14080.0
0.0
0.0
0.0
0.0
0.0
0.0
0.0
0.0
0.0
0.0
0.0
0.0
0.0
0.0
0.0
0.0
0.0
0.0
0.0
0.0
0.0
0.0
0.0
0.0
0.0
0.0
0.0
0.0
0.0
0.0
0.0
0.0
0.0
0.0
0.0
0.0
