0.0
29392.0
890769.0
164268.0
4.735961e6
453259.0
1.368063e7
837041.0
2.7346289e7
1.185936e6
4.2652202e7
1.400864e6
5.5913293e7
1.460729e6
6.4813977e7
1.402304e6
6.8942752e7
1.280028e6
6.926242e7
1.145034e6
6.7362119e7
1.038109e6
6.4847978e7
979516.0
6.2878124e7
965880.0
6.1958447e7
978800.0
6.2047891e7
998379.0
6.2847142e7
1.014109e6
6.4091503e7
1.028576e6
6.5699964e7
1.051428e6
6.771487e7
1.091164e6
7.013453e7
1.148359e6
7.278151e7
1.21245e6
7.5313676e7
1.26727e6
7.7386612e7
1.301758e6
7.88181e7
1.315801e6
7.9613575e7
1.31738e6
7.9864373e7
1.316127e6
7.9585518e7
1.315128e6
7.8584975e7
1.303603e6
7.654546e7
1.26292e6
7.3368223e7
1.188571e6
6.9441152e7
1.099747e6
6.5555655e7
1.023659e6
6.2618909e7
980111.0
6.1422407e7
982041.0
6.2533433e7
1.03871e6
6.6421066e7
1.174495e6
7.2888287e7
1.416469e6
7.9614878e7
1.721079e6
8.1610782e7
1.922252e6
7.3536972e7
1.793022e6
5.5142586e7
1.314816e6
3.2232716e7
700280.0
1.2887488e7
209440.0
3.03552e6
46592.0
0.0
0.0
0.0
0.0
0.0
0.0
0.0
0.0
0.0
0.0
0.0
0.0
0.0
0.0
0.0
0.0
0.0
0.0
0.0
0.0
0.0
0.0
0.0
0.0
0.0
0.0
0.0
0.0
0.0
0.0
0.0
0.0
0.0
0.0
0.0
0.0
0.0
0.0
0.0
0.0
0.0
0.0
0.0
0.0
0.0
0.0
0.0
0.0
0.0
0.0
0.0
0.0
0.0
0.0
0.0
0.0
0.0
0.0
0.0
0.0
0.0
0.0
0.0
0.0
0.0
0.0
0.0
0.0
0.0
0.0
0.0
0.0
0.0
0.0
0.0
0.0
0.0
0.0
0.0
0.0
0.0
0.0
0.0
0.0
0.0
0.0
0.0
0.0
0.0
0.0
0.0
0.0
0.0
0.0
0.0
0.0
0.0
0.0
0.0
0.0
0.0
0.0
0.0
0.0
0.0
0.0
0.0
0.0
0.0
0.0
0.0
0.0
0.0
