0.0
0.0
47719.0
0.0
201887.0
0.0
555898.0
0.0
1.128705e6
0.0
1.827917e6
0.0
2.509208e6
0.0
3.066563e6
0.0
3.450648e6
0.0
3.629163e6
0.0
3.574454e6
0.0
3.293763e6
0.0
2.84462e6
0.0
2.310076e6
0.0
1.766799e6
0.0
1.272711e6
0.0
865531.0
0.0
560422.0
0.0
350723.0
0.0
216331.0
0.0
134419.0
0.0
85845.0
0.0
56761.0
0.0
38189.0
0.0
25222.0
0.0
15823.0
0.0
9268.0
0.0
5041.0
0.0
2538.0
0.0
1173.0
0.0
490.0
0.0
181.0
0.0
57.0
0.0
14.0
0.0
2.0
0.0
0.0
0.0
0.0
0.0
0.0
0.0
0.0
0.0
0.0
0.0
0.0
0.0
0.0
0.0
0.0
0.0
0.0
0.0
0.0
0.0
0.0
0.0
0.0
0.0
0.0
0.0
0.0
0.0
0.0
0.0
0.0
0.0
0.0
0.0
0.0
0.0
0.0
0.0
0.0
0.0
0.0
0.0
0.0
0.0
0.0
0.0
4.0
0.0
32.0
0.0
174.0
0.0
816.0
0.0
3240.0
0.0
10658.0
0.0
29482.0
0.0
70280.0
0.0
148736.0
0.0
287900.0
0.0
518638.0
0.0
868784.0
0.0
1.341422e6
0.0
1.89816e6
0.0
2.468272e6
0.0
2.974662e6
0.0
3.331828e6
0.0
3.418816e6
0.0
3.111824e6
0.0
2.425688e6
0.0
1.59912e6
0.0
940080.0
0.0
564640.0
0.0
351296.0
0.0
172800.0
0.0
43008.0
0.0
0.0
0.0
0.0
0.0
0.0
0.0
0.0
0.0
0.0
0.0
0.0
0.0
0.0
0.0
0.0
0.0
0.0
0.0
0.0
0.0
0.0
0.0
0.0
0.0
0.0
0.0
0.0
0.0
0.0
0.0
0.0
0.0
0.0
