0.0
0.0
112681.0
0.0
535889.0
0.0
1.670514e6
0.0
3.86287e6
0.0
7.121787e6
0.0
1.1001442e7
0.0
1.4786476e7
0.0
1.7822081e7
0.0
1.9745385e7
0.0
2.0519597e7
0.0
2.0335105e7
0.0
1.947617e7
0.0
1.8205922e7
0.0
1.6694072e7
0.0
1.5006737e7
0.0
1.3155393e7
0.0
1.1167158e7
0.0
9.127486e6
0.0
7.171198e6
0.0
5.436224e6
0.0
4.015645e6
0.0
2.935342e6
0.0
2.161305e6
0.0
1.624374e6
0.0
1.247607e6
0.0
966529.0
0.0
738711.0
0.0
543689.0
0.0
376760.0
0.0
240754.0
0.0
138946.0
0.0
70809.0
0.0
31064.0
0.0
11438.0
0.0
3572.0
0.0
1247.0
0.0
962.0
0.0
1221.0
0.0
1535.0
0.0
1797.0
0.0
2068.0
0.0
2550.0
0.0
3640.0
0.0
6161.0
0.0
11721.0
0.0
22622.0
0.0
40661.0
0.0
65137.0
0.0
91618.0
0.0
113140.0
0.0
123837.0
0.0
122751.0
0.0
114941.0
0.0
108795.0
0.0
111450.0
0.0
125926.0
0.0
152065.0
0.0
190151.0
0.0
244824.0
0.0
328013.0
0.0
459836.0
0.0
664681.0
0.0
959459.0
0.0
1.335373e6
0.0
1.742565e6
0.0
2.092643e6
0.0
2.286556e6
0.0
2.256532e6
0.0
2.001078e6
0.0
1.594299e6
0.0
1.157368e6
0.0
799173.0
0.0
564100.0
0.0
428489.0
0.0
339318.0
0.0
255228.0
0.0
164072.0
0.0
77696.0
0.0
19584.0
0.0
0.0
0.0
0.0
0.0
0.0
0.0
0.0
0.0
0.0
0.0
0.0
0.0
0.0
0.0
0.0
0.0
0.0
0.0
0.0
0.0
0.0
0.0
0.0
0.0
0.0
0.0
0.0
0.0
0.0
0.0
0.0
0.0
0.0
0.0
0.0
0.0
0.0
0.0
0.0
0.0
0.0
