0.0
0.0
27387.0
0.0
110504.0
0.0
296678.0
0.0
602789.0
0.0
999409.0
0.0
1.420525e6
0.0
1.789255e6
0.0
2.042635e6
0.0
2.147311e6
0.0
2.103637e6
0.0
1.939496e6
0.0
1.697365e6
0.0
1.420143e6
0.0
1.141869e6
0.0
885251.0
0.0
663066.0
0.0
480408.0
0.0
336997.0
0.0
229293.0
0.0
152020.0
0.0
99173.0
0.0
64717.0
0.0
43119.0
0.0
29811.0
0.0
21454.0
0.0
15905.0
0.0
11951.0
0.0
8955.0
0.0
6596.0
0.0
4729.0
0.0
3278.0
0.0
2173.0
0.0
1346.0
0.0
751.0
0.0
398.0
0.0
409.0
0.0
1136.0
0.0
3318.0
0.0
8124.0
0.0
16928.0
0.0
30807.0
0.0
49947.0
0.0
73268.0
0.0
98489.0
0.0
122596.0
0.0
142535.0
0.0
155882.0
0.0
161234.0
0.0
158294.0
0.0
147804.0
0.0
131346.0
0.0
111016.0
0.0
89125.0
0.0
67868.0
0.0
48955.0
0.0
33418.0
0.0
21567.0
0.0
13112.0
0.0
7456.0
0.0
3918.0
0.0
1863.0
0.0
786.0
0.0
291.0
0.0
86.0
0.0
14.0
0.0
0.0
0.0
0.0
0.0
0.0
0.0
0.0
0.0
0.0
0.0
0.0
0.0
0.0
0.0
0.0
0.0
0.0
0.0
0.0
0.0
0.0
0.0
0.0
0.0
0.0
0.0
0.0
0.0
0.0
0.0
0.0
0.0
0.0
0.0
0.0
0.0
0.0
0.0
0.0
0.0
0.0
0.0
0.0
0.0
0.0
0.0
0.0
0.0
0.0
0.0
0.0
0.0
0.0
0.0
0.0
0.0
0.0
0.0
0.0
0.0
0.0
0.0
0.0
0.0
0.0
0.0
0.0
0.0
0.0
