0.0
0.0
70262.0
0.0
316946.0
0.0
936774.0
0.0
2.06123e6
0.0
3.630372e6
0.0
5.36204e6
0.0
6.861338e6
0.0
7.798582e6
0.0
8.036366e6
0.0
7.637528e6
0.0
6.783567e6
0.0
5.681489e6
0.0
4.510561e6
0.0
3.407909e6
0.0
2.466496e6
0.0
1.732104e6
0.0
1.20525e6
0.0
853813.0
0.0
632039.0
0.0
496571.0
0.0
413458.0
0.0
358220.0
0.0
314646.0
0.0
273878.0
0.0
232370.0
0.0
189436.0
0.0
146108.0
0.0
104936.0
0.0
69317.0
0.0
42002.0
0.0
23701.0
0.0
12929.0
0.0
7137.0
0.0
4035.0
0.0
2220.0
0.0
1087.0
0.0
431.0
0.0
125.0
0.0
23.0
0.0
2.0
0.0
0.0
0.0
0.0
0.0
0.0
0.0
0.0
0.0
0.0
0.0
0.0
0.0
0.0
0.0
0.0
0.0
0.0
0.0
0.0
0.0
0.0
0.0
0.0
0.0
0.0
0.0
0.0
0.0
0.0
0.0
0.0
0.0
0.0
0.0
4.0
0.0
52.0
0.0
380.0
0.0
2006.0
0.0
8102.0
0.0
25762.0
0.0
66492.0
0.0
144198.0
0.0
272446.0
0.0
464010.0
0.0
731668.0
0.0
1.085872e6
0.0
1.527344e6
0.0
2.036996e6
0.0
2.575936e6
0.0
3.1057e6
0.0
3.600608e6
0.0
4.026188e6
0.0
4.323664e6
0.0
4.427704e6
0.0
4.276092e6
0.0
3.787016e6
0.0
2.903792e6
0.0
1.764832e6
0.0
736640.0
0.0
152576.0
0.0
0.0
0.0
0.0
0.0
0.0
0.0
0.0
0.0
0.0
0.0
0.0
0.0
0.0
0.0
0.0
0.0
0.0
0.0
0.0
0.0
0.0
0.0
0.0
0.0
0.0
0.0
0.0
0.0
0.0
0.0
0.0
0.0
0.0
