0.0
16984.0
534913.0
94830.0
2.813032e6
260078.0
8.068848e6
475669.0
1.6012066e7
666257.0
2.4786598e7
779169.0
3.2289994e7
811634.0
3.7364603e7
798052.0
4.0054312e7
777811.0
4.1095309e7
769601.0
4.12466e7
770311.0
4.0945123e7
767117.0
4.0281633e7
747605.0
3.9132764e7
706181.0
3.7360538e7
645871.0
3.4961016e7
573865.0
3.2077808e7
497338.0
2.8943091e7
422213.0
2.5809532e7
352183.0
2.2897209e7
289999.0
2.0380143e7
238876.0
1.8374274e7
200115.0
1.691414e7
172652.0
1.5968679e7
155082.0
1.5480315e7
146006.0
1.5381076e7
143473.0
1.5595696e7
145094.0
1.6065443e7
149215.0
1.6790043e7
156312.0
1.7842346e7
168672.0
1.9329579e7
188721.0
2.132841e7
217604.0
2.3841338e7
255291.0
2.6792805e7
302189.0
3.0020498e7
359075.0
3.3196052e7
421213.0
3.5860221e7
483230.0
3.7489577e7
538454.0
3.7467671e7
578852.0
3.4942648e7
577236.0
2.9416778e7
518032.0
2.0887824e7
388560.0
1.0374816e7
158592.0
3.133824e6
50176.0
0.0
0.0
0.0
0.0
0.0
0.0
0.0
0.0
0.0
0.0
0.0
0.0
0.0
0.0
0.0
0.0
0.0
0.0
0.0
0.0
0.0
0.0
0.0
0.0
0.0
0.0
0.0
0.0
0.0
0.0
0.0
0.0
0.0
0.0
0.0
0.0
0.0
0.0
0.0
0.0
0.0
0.0
0.0
0.0
0.0
0.0
0.0
0.0
0.0
0.0
0.0
0.0
0.0
0.0
0.0
0.0
0.0
0.0
0.0
0.0
0.0
0.0
0.0
0.0
0.0
0.0
0.0
0.0
0.0
0.0
0.0
0.0
0.0
0.0
0.0
0.0
0.0
0.0
0.0
0.0
0.0
0.0
0.0
0.0
0.0
0.0
0.0
0.0
0.0
0.0
0.0
0.0
0.0
0.0
0.0
0.0
0.0
0.0
0.0
0.0
0.0
0.0
0.0
0.0
0.0
0.0
0.0
0.0
0.0
0.0
0.0
0.0
0.0
