0.0
225.0
11251.0
486.0
29679.0
573.0
49130.0
584.0
65543.0
534.0
76942.0
434.0
83537.0
360.0
87035.0
295.0
88262.0
239.0
88010.0
190.0
86777.0
153.0
84948.0
128.0
82680.0
115.0
80365.0
113.0
78739.0
121.0
77926.0
130.0
76543.0
128.0
72739.0
110.0
65868.0
81.0
56823.0
50.0
47239.0
28.0
38766.0
19.0
32699.0
24.0
29614.0
43.0
29280.0
74.0
31240.0
117.0
35092.0
168.0
40336.0
214.0
46722.0
256.0
54512.0
303.0
64726.0
359.0
78556.0
438.0
94745.0
515.0
110431.0
573.0
124549.0
649.0
135042.0
720.0
137827.0
732.0
130524.0
651.0
114286.0
470.0
95876.0
340.0
77826.0
288.0
52036.0
160.0
21640.0
0.0
4352.0
0.0
0.0
0.0
0.0
0.0
0.0
0.0
0.0
0.0
0.0
0.0
0.0
0.0
0.0
0.0
0.0
0.0
0.0
0.0
0.0
0.0
0.0
0.0
0.0
0.0
0.0
0.0
0.0
0.0
0.0
0.0
0.0
0.0
0.0
0.0
0.0
0.0
0.0
0.0
0.0
0.0
0.0
0.0
0.0
0.0
0.0
0.0
0.0
0.0
0.0
0.0
0.0
0.0
0.0
0.0
0.0
0.0
0.0
0.0
0.0
0.0
0.0
0.0
0.0
0.0
0.0
0.0
0.0
0.0
0.0
0.0
0.0
0.0
0.0
0.0
0.0
0.0
0.0
0.0
0.0
0.0
0.0
0.0
0.0
0.0
0.0
0.0
0.0
0.0
0.0
0.0
0.0
0.0
0.0
0.0
0.0
0.0
0.0
0.0
0.0
0.0
0.0
0.0
0.0
0.0
0.0
0.0
0.0
0.0
0.0
0.0
0.0
0.0
0.0
