0.0
0.0
86647.0
0.0
371486.0
0.0
1.038077e6
0.0
2.150416e6
0.0
3.562705e6
0.0
4.977921e6
0.0
6.113948e6
0.0
6.83061e6
0.0
7.141261e6
0.0
7.149713e6
0.0
6.982023e6
0.0
6.739194e6
0.0
6.471243e6
0.0
6.178342e6
0.0
5.837369e6
0.0
5.43186e6
0.0
4.964662e6
0.0
4.454132e6
0.0
3.926354e6
0.0
3.409949e6
0.0
2.930718e6
0.0
2.504475e6
0.0
2.132737e6
0.0
1.805248e6
0.0
1.507907e6
0.0
1.231122e6
0.0
974185.0
0.0
743780.0
0.0
548286.0
0.0
392482.0
0.0
276070.0
0.0
195346.0
0.0
145382.0
0.0
121119.0
0.0
117782.0
0.0
131518.0
0.0
159972.0
0.0
201909.0
0.0
255842.0
0.0
318931.0
0.0
387336.0
0.0
457991.0
0.0
530814.0
0.0
609756.0
0.0
701505.0
0.0
813249.0
0.0
951686.0
0.0
1.122435e6
0.0
1.32757e6
0.0
1.561289e6
0.0
1.806907e6
0.0
2.038949e6
0.0
2.230579e6
0.0
2.362688e6
0.0
2.429394e6
0.0
2.436049e6
0.0
2.391564e6
0.0
2.303077e6
0.0
2.178177e6
0.0
2.029777e6
0.0
1.877886e6
0.0
1.749518e6
0.0
1.678056e6
0.0
1.697882e6
0.0
1.830698e6
0.0
2.070492e6
0.0
2.378654e6
0.0
2.69799e6
0.0
2.982125e6
0.0
3.211618e6
0.0
3.382134e6
0.0
3.481397e6
0.0
3.485058e6
0.0
3.377124e6
0.0
3.160956e6
0.0
2.852136e6
0.0
2.461824e6
0.0
1.994512e6
0.0
1.483104e6
0.0
982592.0
0.0
557440.0
0.0
258048.0
0.0
83968.0
0.0
16384.0
0.0
0.0
0.0
0.0
0.0
0.0
0.0
0.0
0.0
0.0
0.0
0.0
0.0
0.0
0.0
0.0
0.0
0.0
0.0
0.0
0.0
0.0
0.0
0.0
0.0
0.0
0.0
0.0
0.0
0.0
0.0
0.0
