0.0
0.0
11975.0
0.0
50826.0
0.0
138060.0
0.0
270322.0
0.0
407903.0
0.0
495428.0
0.0
498928.0
0.0
424638.0
0.0
308270.0
0.0
190698.0
0.0
99378.0
0.0
42712.0
0.0
14674.0
0.0
3834.0
0.0
688.0
0.0
64.0
0.0
0.0
0.0
0.0
0.0
0.0
0.0
0.0
0.0
0.0
0.0
0.0
0.0
0.0
0.0
0.0
0.0
0.0
0.0
0.0
0.0
0.0
0.0
0.0
0.0
0.0
0.0
0.0
0.0
0.0
0.0
0.0
0.0
0.0
0.0
0.0
0.0
0.0
0.0
0.0
0.0
1.0
0.0
13.0
0.0
82.0
0.0
336.0
0.0
1011.0
0.0
2393.0
0.0
4659.0
0.0
7704.0
0.0
11073.0
0.0
14014.0
0.0
15652.0
0.0
15354.0
0.0
13129.0
0.0
9693.0
0.0
6103.0
0.0
3230.0
0.0
1426.0
0.0
543.0
0.0
202.0
0.0
100.0
0.0
174.0
0.0
664.0
0.0
2268.0
0.0
6334.0
0.0
14694.0
0.0
28768.0
0.0
48070.0
0.0
69142.0
0.0
86152.0
0.0
93162.0
0.0
87160.0
0.0
70256.0
0.0
48340.0
0.0
27590.0
0.0
12476.0
0.0
4144.0
0.0
768.0
0.0
0.0
0.0
0.0
0.0
0.0
0.0
0.0
0.0
0.0
0.0
0.0
0.0
0.0
0.0
0.0
0.0
0.0
0.0
0.0
0.0
0.0
0.0
0.0
0.0
0.0
0.0
0.0
0.0
0.0
0.0
0.0
0.0
0.0
0.0
0.0
0.0
0.0
0.0
0.0
0.0
0.0
0.0
0.0
0.0
0.0
0.0
0.0
0.0
0.0
0.0
0.0
0.0
0.0
