0.0
2332.0
89569.0
10190.0
365824.0
21559.0
848574.0
29969.0
1.398767e6
32265.0
1.867141e6
30737.0
2.207352e6
29077.0
2.45541e6
29288.0
2.664048e6
31388.0
2.862216e6
34160.0
3.042629e6
35931.0
3.172122e6
35431.0
3.217427e6
32372.0
3.165985e6
27613.0
3.034126e6
22565.0
2.862222e6
18289.0
2.700229e6
15406.0
2.590658e6
14098.0
2.552561e6
14023.0
2.575933e6
14606.0
2.629545e6
15249.0
2.674931e6
15476.0
2.68435e6
15153.0
2.654009e6
14446.0
2.601676e6
13760.0
2.550397e6
13458.0
2.510602e6
13549.0
2.473542e6
13635.0
2.418965e6
13249.0
2.330862e6
12233.0
2.206088e6
10774.0
2.05125e6
9286.0
1.87157e6
7958.0
1.668632e6
6784.0
1.447397e6
5813.0
1.216905e6
5054.0
984565.0
4408.0
751165.0
3716.0
515406.0
2640.0
300950.0
1600.0
133288.0
768.0
27520.0
0.0
0.0
0.0
0.0
0.0
0.0
0.0
0.0
0.0
0.0
0.0
0.0
0.0
0.0
0.0
0.0
0.0
0.0
0.0
0.0
0.0
0.0
0.0
0.0
0.0
0.0
0.0
0.0
0.0
0.0
0.0
0.0
0.0
0.0
0.0
0.0
0.0
0.0
0.0
0.0
0.0
0.0
0.0
0.0
0.0
0.0
0.0
0.0
0.0
0.0
0.0
0.0
0.0
0.0
0.0
0.0
0.0
0.0
0.0
0.0
0.0
0.0
0.0
0.0
0.0
0.0
0.0
0.0
0.0
0.0
0.0
0.0
0.0
0.0
0.0
0.0
0.0
0.0
0.0
0.0
0.0
0.0
0.0
0.0
0.0
0.0
0.0
0.0
0.0
0.0
0.0
0.0
0.0
0.0
0.0
0.0
0.0
0.0
0.0
0.0
0.0
0.0
0.0
0.0
0.0
0.0
0.0
0.0
0.0
0.0
0.0
0.0
0.0
0.0
0.0
0.0
0.0
0.0
