0.0
0.0
106511.0
0.0
496581.0
0.0
1.515681e6
0.0
3.409835e6
0.0
6.043488e6
0.0
8.82951e6
0.0
1.1020876e7
0.0
1.2127098e7
0.0
1.2105398e7
0.0
1.1238243e7
0.0
9.887936e6
0.0
8.336434e6
0.0
6.76121e6
0.0
5.277109e6
0.0
3.96832e6
0.0
2.890053e6
0.0
2.060167e6
0.0
1.461086e6
0.0
1.054121e6
0.0
796876.0
0.0
654323.0
0.0
600525.0
0.0
615217.0
0.0
681296.0
0.0
784899.0
0.0
915636.0
0.0
1.065253e6
0.0
1.225596e6
0.0
1.387362e6
0.0
1.540256e6
0.0
1.674326e6
0.0
1.781566e6
0.0
1.856802e6
0.0
1.897583e6
0.0
1.903428e6
0.0
1.874856e6
0.0
1.81262e6
0.0
1.71771e6
0.0
1.592525e6
0.0
1.442706e6
0.0
1.277994e6
0.0
1.110787e6
0.0
953053.0
0.0
813735.0
0.0
698260.0
0.0
609820.0
0.0
550705.0
0.0
522592.0
0.0
526008.0
0.0
559705.0
0.0
620515.0
0.0
703697.0
0.0
803556.0
0.0
914258.0
0.0
1.030443e6
0.0
1.14677e6
0.0
1.256047e6
0.0
1.347085e6
0.0
1.40443e6
0.0
1.411369e6
0.0
1.355379e6
0.0
1.2335e6
0.0
1.055359e6
0.0
842284.0
0.0
622342.0
0.0
423211.0
0.0
265931.0
0.0
162827.0
0.0
121681.0
0.0
156030.0
0.0
300476.0
0.0
627094.0
0.0
1.255548e6
0.0
2.341564e6
0.0
4.023594e6
0.0
6.32153e6
0.0
9.017314e6
0.0
1.1586236e7
0.0
1.3268572e7
0.0
1.3359136e7
0.0
1.1622808e7
0.0
8.521488e6
0.0
5.118464e6
0.0
2.385152e6
0.0
702464.0
0.0
0.0
0.0
0.0
0.0
0.0
0.0
0.0
0.0
0.0
0.0
0.0
0.0
0.0
0.0
0.0
0.0
0.0
0.0
0.0
0.0
0.0
0.0
0.0
0.0
0.0
0.0
0.0
0.0
0.0
