0.0
0.0
576.0
0.0
1224.0
0.0
1644.0
0.0
1600.0
0.0
1244.0
0.0
842.0
0.0
514.0
0.0
284.0
0.0
192.0
0.0
266.0
0.0
465.0
0.0
702.0
0.0
893.0
0.0
983.0
0.0
955.0
0.0
831.0
0.0
651.0
0.0
455.0
0.0
287.0
0.0
189.0
0.0
180.0
0.0
242.0
0.0
333.0
0.0
420.0
0.0
494.0
0.0
558.0
0.0
603.0
0.0
601.0
0.0
530.0
0.0
399.0
0.0
249.0
0.0
125.0
0.0
49.0
0.0
21.0
0.0
37.0
0.0
101.0
0.0
210.0
0.0
339.0
0.0
449.0
0.0
509.0
0.0
514.0
0.0
478.0
0.0
415.0
0.0
331.0
0.0
232.0
0.0
135.0
0.0
63.0
0.0
34.0
0.0
56.0
0.0
128.0
0.0
248.0
0.0
414.0
0.0
606.0
0.0
788.0
0.0
926.0
0.0
989.0
0.0
971.0
0.0
890.0
0.0
758.0
0.0
590.0
0.0
410.0
0.0
242.0
0.0
114.0
0.0
40.0
0.0
8.0
0.0
0.0
0.0
0.0
0.0
0.0
0.0
0.0
0.0
0.0
0.0
0.0
0.0
0.0
0.0
0.0
0.0
0.0
0.0
0.0
0.0
0.0
0.0
0.0
0.0
0.0
0.0
0.0
0.0
0.0
0.0
0.0
0.0
0.0
0.0
0.0
0.0
0.0
0.0
0.0
0.0
0.0
0.0
0.0
0.0
0.0
0.0
0.0
0.0
0.0
0.0
0.0
0.0
0.0
0.0
0.0
0.0
0.0
0.0
0.0
0.0
0.0
0.0
0.0
0.0
0.0
0.0
0.0
0.0
0.0
