0.0
18788.0
575903.0
106556.0
3.108414e6
304582.0
9.282516e6
606491.0
1.9721394e7
963480.0
3.3506292e7
1.307016e6
4.8474128e7
1.574874e6
6.2017519e7
1.729198e6
7.1942918e7
1.761328e6
7.7005115e7
1.684779e6
7.6995727e7
1.520281e6
7.2485e7
1.292796e6
6.456979e7
1.033902e6
5.4667395e7
778461.0
4.4248515e7
555969.0
3.4530519e7
382333.0
2.6265874e7
258611.0
1.9719679e7
176477.0
1.4797838e7
123877.0
1.1221826e7
90361.0
8.680652e6
68790.0
6.905192e6
54720.0
5.688983e6
45483.0
4.888118e6
39566.0
4.413353e6
36231.0
4.220212e6
34968.0
4.312286e6
35906.0
4.753552e6
40225.0
5.658296e6
49575.0
7.159391e6
65410.0
9.377657e6
88634.0
1.242036e7
120315.0
1.6391606e7
163400.0
2.1296778e7
221828.0
2.6788315e7
294627.0
3.1914385e7
369689.0
3.5167341e7
423427.0
3.5018563e7
429449.0
3.0810103e7
375595.0
2.3350504e7
274762.0
1.4695906e7
159188.0
7.299858e6
67856.0
2.533504e6
16384.0
440320.0
0.0
0.0
0.0
0.0
0.0
0.0
0.0
0.0
0.0
0.0
0.0
0.0
0.0
0.0
0.0
0.0
0.0
0.0
0.0
0.0
0.0
0.0
0.0
0.0
0.0
0.0
0.0
0.0
0.0
0.0
0.0
0.0
0.0
0.0
0.0
0.0
0.0
0.0
0.0
0.0
0.0
0.0
0.0
0.0
0.0
0.0
0.0
0.0
0.0
0.0
0.0
0.0
0.0
0.0
0.0
0.0
0.0
0.0
0.0
0.0
0.0
0.0
0.0
0.0
0.0
0.0
0.0
0.0
0.0
0.0
0.0
0.0
0.0
0.0
0.0
0.0
0.0
0.0
0.0
0.0
0.0
0.0
0.0
0.0
0.0
0.0
0.0
0.0
0.0
0.0
0.0
0.0
0.0
0.0
0.0
0.0
0.0
0.0
0.0
0.0
0.0
0.0
0.0
0.0
0.0
0.0
0.0
0.0
0.0
0.0
0.0
0.0
0.0
0.0
