4.851933351975738e222
1.711909851867434e223
1.2694534270823988e224
4.6252258982233306e222
3.939832442428273e222
1.3231905652072466e223
7.41665081047665e222
5.204618160528971e222
6.263380271234023e222
4.294519288895879e222
2.6880941937747532e222
4.57943256248687e222
7.920254052125252e222
2.947844677577568e222
1.1322020120509852e223
1.1858292787835734e222
2.342429907826112e223
6.917669860766449e223
1.7413118941529781e223
1.126196111998371e223
3.494288012959395e222
1.7418609674308617e222
5.341010225786758e222
5.185415526392088e222
2.9473280313253814e222
1.4158574810724318e223
2.0629418479741256e222
5.342435417766248e222
2.7057094826211025e223
2.892146271089864e222
1.869455682508752e222
1.74091437653389e223
6.149517508146033e222
5.470729017518489e222
3.8081344254897847e222
3.237809124602469e222
1.4671688970604837e222
3.573427250414544e222
2.314769736431071e222
2.8938923769919845e222
1.2554277420228348e223
3.1143436555874594e222
2.988593706689028e222
2.0721675765852227e222
5.585505249029683e222
2.284228113785129e222
1.174327180789049e223
2.522035574223272e222
1.6170925327772925e222
6.180189225543596e222
1.0185159549127863e223
5.949372023114403e222
7.357011869462354e223
7.109490808835474e222
4.863837597422958e223
1.818945773974585e223
3.05172208438438e222
1.1071860678234243e222
2.967979305377542e222
9.478984702483308e223
3.2978549402031555e222
9.430006468772823e221
7.576291561081096e222
2.0449041151112138e223
3.351480859821371e222
4.675033263366323e222
3.518282266720158e222
1.1759726822906684e222
5.252733992108331e222
1.1369981767730596e223
9.968127476847156e222
9.8534577259135e222
1.4702553545487975e223
6.285311361165015e222
1.849227908551005e222
1.2025997658714597e222
4.622258115618358e222
3.2944828020622605e223
3.785242796389672e222
1.6093427745782997e222
5.4377915862309205e222
3.3814840480513467e223
3.389192577550759e222
5.2544987222659335e222
1.2356677811543292e223
5.15440234512007e222
3.7255814365906484e222
3.289569443630711e222
7.34310128436904e222
6.001821002963999e222
1.2786763665158965e223
5.459837886769871e222
9.263022924918302e221
1.7916259933549656e222
1.379495802551933e223
4.885380433114076e222
1.0578130161668033e223
1.0183930447797692e223
1.666420674881272e223
7.887878021182369e222
6.142370884379688e222
7.341596179780543e222
4.278662948477614e222
2.481184702459071e222
2.773307866197889e223
4.432169842836794e222
1.285102297241041e223
6.465697592754084e221
7.636422457263301e222
5.194179991150957e222
6.211167867869854e222
3.4624203953507734e222
9.80881010523734e222
3.633334179251696e223
1.1268117058851105e223
3.024275862631035e222
7.731017182508147e223
4.768992595221526e222
6.67217764076518e221
4.79872200608223e222
9.972934735258035e222
5.317009883311961e222
4.292003914528538e223
3.056550702068547e222
1.6466578013423645e222
1.6710808123990886e222
2.805710983745774e222
2.4854123747214717e221
9.369207641999432e222
1.5904988012145516e223
1.8072221652933198e223
1.3405123039478181e222
4.302828029882719e222
1.29649649744533e223
5.3618421095457336e222
1.0848158848175984e223
8.699374228295165e222
6.46453720040762e222
1.9029042539408848e222
2.4575447961096154e222
6.953246934293643e222
2.3997715265235396e222
3.0835351521818004e222
2.5394353482293264e222
1.8269714448419864e223
1.595381400634153e223
1.0997063105266654e222
4.43420873651117e221
7.556563126311356e222
9.238629331643412e222
6.62885223509265e222
2.1909279139795724e222
1.1771636687579328e222
2.93071044739363e222
2.8207072868129988e222
8.645347775736277e222
5.468945576875192e222
1.0457417425220222e222
9.243584732848977e221
2.8201079263708464e222
2.6578591129985347e222
1.1230870565146113e222
3.967595278609676e222
5.392118590921775e222
1.1318613522146872e222
2.2191251598926387e223
1.2557787704094957e223
6.691968922478962e222
5.293061935338099e222
1.0984249649554672e223
2.3768933327308132e222
3.555945155205034e222
3.787656010327891e222
4.2594351139883536e222
7.556699094757538e221
8.207026337921814e222
2.786721859845447e222
2.961696224547581e221
6.116224560294046e222
3.395993451998533e223
3.7036064141059853e223
7.219541719213473e222
2.25144692221923e222
1.3937614712721917e223
1.3690639211084238e223
1.5594632794605152e222
3.349022846528562e223
1.21044730585606e223
3.7051197136373544e223
2.8654751739539186e222
7.018261463258132e222
1.0339381392312657e223
1.2485324572477377e223
4.1945855140253876e222
4.579363513917521e222
3.533281002299383e222
2.4360216655257235e222
3.075011397172316e222
3.0129275861413055e222
1.7219116868403364e223
8.094606966150603e221
9.708349138227546e221
3.0826080560662465e222
6.969597742129064e222
3.3354832115784735e222
7.800743944864007e221
1.8337672232623365e222
1.2367859472477882e223
1.11863900137044e223
1.4792262031249295e222
9.229116115064197e222
7.941826980511954e222
4.18704507010265e222
1.0175623658753015e223
6.910180562850002e222
1.329161710715137e223
3.5162434705838745e222
4.670347515784544e222
2.2397732447627053e222
1.1371856896214732e223
3.2457772461956805e222
1.402505506867857e222
2.827967683637652e223
8.002324123707911e221
3.387239620213393e223
5.7023916833297326e222
7.754387731849059e222
7.361085583120613e222
2.3967629660833674e222
5.270167822786221e222
7.622405230244734e222
1.0358980416809158e223
2.8823395220660833e223
2.1018237132275904e222
7.127973940103231e222
2.635294252953541e223
5.7705918862806614e222
3.447527028770802e222
6.488383277969741e223
2.6849556399058607e222
3.421627966963993e222
2.4166912581060224e222
2.78003744422085e222
2.869550169977092e222
3.447011587071867e222
2.6053004254994598e222
3.393660851668649e222
1.2486975945972742e222
2.2050640292328468e222
1.4667458840369787e222
1.686062918427441e223
7.366887168090762e222
4.9422016541283154e222
1.3286463798951158e222
8.895697227542186e222
1.332394920074848e223
8.189609513535673e222
3.0416851416340904e222
1.779839577209981e223
9.680144543312542e222
2.5294661066285205e222
3.354784925802788e222
1.5463537332618813e222
3.9219301715369335e222
3.3771167035488717e223
6.724698919852997e222
2.6367495430175662e222
8.878405146082606e222
2.0874842487133196e222
3.2863618665838966e222
1.936285448951513e223
1.1049346315341467e222
4.674794683680888e222
5.533319675066628e222
5.7364194627667964e222
2.0979766344981645e223
8.047380786109115e222
4.484168984424015e222
7.560617161793972e222
1.0961473741148484e223
1.3864288930814696e223
1.944492086469325e222
9.538343402513035e222
1.0566054559249486e223
4.079428433746034e222
1.9907741035176757e223
7.506979404114487e222
7.048158211306689e222
5.160514983733759e222
2.3070549980640422e222
6.025191055039139e222
6.94850983365477e222
1.540610514350269e223
6.280853719476024e222
1.4049706260151152e223
3.392843183086295e222
4.6691008422768205e222
2.356161948709147e222
5.725240602855596e222
7.958946947483104e222
1.0172578265409045e222
3.4253564441811392e221
4.0288007704245034e222
2.3863073798895975e222
1.648844567396927e223
4.747005784220983e221
5.571762471734861e222
3.216086432223608e222
6.080009933309351e222
5.6778536270835165e222
2.2786533224484615e222
2.5140181812882628e222
4.560078782794794e222
2.8694992393001435e222
2.9401076597265743e222
2.3902053354267144e222
8.476748507897709e222
6.177442496843973e222
1.2210789668599306e222
2.8863259875584495e222
7.799904673961774e222
2.5791887099460834e223
4.352444493559258e222
5.47134804148008e222
4.563047919199858e222
1.3262441860755595e223
1.9043185887804367e223
7.698812236980732e222
3.6308652645409486e222
4.752967312089154e222
2.0658916452629286e222
2.281017654891562e222
9.672787265313494e221
1.982018108807116e222
2.0312413674930533e222
4.8736535614820685e222
6.786599908201998e222
5.70442043956805e222
5.6343876186828667e222
1.0151519094003785e223
3.105540435288341e222
7.506095002647544e222
1.2155336164566608e222
5.777794444388127e222
2.0325147508056776e223
1.1920394342298291e222
6.71425704038796e222
1.7871948793472514e222
7.467335850740775e221
3.545524039506496e223
1.475259476215467e223
4.1557012274798685e222
1.161597368176985e223
2.248499598176228e222
2.3715669464059202e222
1.6286201363341197e222
1.1151548948218672e223
3.6739515982493445e222
1.312300953600675e223
1.5366382503992733e222
2.8799833112752346e222
7.915413917222701e222
4.1475672983018724e223
3.265145228666855e222
3.383387851163126e222
5.932402288744972e222
1.7483801038527064e223
8.308752245728363e222
6.395855152078765e222
5.764271639469477e222
7.65189204122714e222
5.66564081645518e222
3.329153765461015e222
1.0957236315893818e223
5.4924842717693975e222
2.7379627751619723e222
1.858496261896821e222
6.878310614435709e222
3.0845663760025585e222
5.1880807484513974e222
1.5940589621035396e223
1.1418791750086737e223
2.457240279003149e222
5.830260582059428e222
1.8486941437968756e222
2.434156597258353e222
8.42343542049392e222
2.3595157108595718e222
3.456101358017922e223
3.668726996561454e222
2.3773921591924285e223
8.332133370154016e221
5.0592008024180515e222
7.580897018413976e223
7.901606557187138e222
2.223967109489109e223
3.306600033844022e222
2.7492412040155885e222
3.5193617817270537e222
7.242569601930939e222
8.481429655215047e222
1.2323842318910929e222
4.454751065695843e221
1.8958919216515236e222
1.9817311261005377e222
7.080067168482584e222
9.448109311629382e222
9.729963636630967e222
1.7176531594793787e222
1.706571736037018e223
3.405267222148981e222
1.6013913434712818e222
3.837188287956344e222
1.8844916417089367e222
3.306291432943393e223
8.828746664657821e222
6.599160772690077e222
8.691244912888919e221
2.5014201254494414e222
3.1090300673974524e223
3.3944243789577956e222
2.9725466897031766e222
2.141593558927334e223
1.7867128141128523e223
5.1822378125824766e222
1.4664546433255022e222
1.6891883962964232e223
1.4875381583648378e223
6.585034773571025e222
2.4973225011428634e222
3.3231321147441353e221
3.1861995220722185e222
5.3821182376977446e222
3.472462385554066e222
1.2980054260570172e223
4.0083219467979047e223
1.252838251249813e223
4.005767046311782e222
1.3790676910990568e222
8.113908530843482e222
6.581075675594576e222
7.398357097326552e222
1.8589361567721827e222
1.9647437787038045e223
7.182076693543403e222
6.585065652429657e222
6.653333214481499e222
1.2696886018557414e223
3.275085623761209e222
6.405946391499136e222
1.196407887890272e223
7.314904421087809e222
7.618537019647885e222
7.616563809995244e222
3.252669284419013e222
1.1518749078604143e222
1.8469467245964292e222
7.83281742713779e222
2.800189417986131e222
2.10375574979146e222
5.6729298321627296e222
5.484642184951245e222
1.8157303768270673e222
3.327627528080099e221
1.1837709970698595e223
4.54448550107488e223
5.156843933283614e222
3.2935046841057385e222
1.6610078989718913e223
4.8265340336606064e222
2.4359220283652494e222
3.383933905930573e222
2.0017493860667682e223
2.7636841375249506e222
5.139436045621173e222
2.6608995239659976e223
2.042515678238323e222
3.7735876321793896e222
9.140642706788183e222
2.2391919981162215e222
8.429194494682622e222
4.240003234062968e222
5.151292567983279e222
1.0494160027398341e223
3.507439863944154e222
1.4627788719039377e222
5.651335798758387e222
1.1105393977202629e223
2.107349570703207e223
2.5485955268778757e222
9.700823343521155e222
2.910029602414484e223
1.487083373361932e223
6.103648153471987e222
4.820959947633837e223
4.06917046146665e222
7.927428594334148e222
1.0833530844731299e222
1.1752339759709211e223
3.0120329449219783e221
3.0003819523611153e222
6.13506512695719e222
4.8493699871246104e222
8.751830009966313e222
6.148746250242908e222
1.5109099669776993e222
1.0692042126759606e222
1.9712677448113032e223
4.636191376663947e222
1.1144251261829304e224
4.8132041934555286e221
9.991291271429452e221
7.321536183606763e222
9.204592086484978e222
2.2592026216116512e223
4.599992263051954e222
7.675213935161722e222
2.3943176875098273e223
5.361462694772842e222
3.067100878010144e222
2.267610524165912e222
8.440151080018177e222
9.095792405875248e222
9.814277489431662e221
7.970208342858262e221
2.145869733205164e223
1.406665881284765e223
5.3627773088598425e222
2.2551084703018667e222
1.7754358524221344e222
1.2147549338195588e223
3.9790165820849254e222
4.975010949208393e222
6.71756602188539e222
2.059636262948968e223
5.911115280699859e222
5.610798478307093e221
2.3222776674556957e222
2.831734107638653e222
9.30072016008915e222
1.7362770156130858e223
1.1726494334854664e223
5.7771559923580854e222
8.211069455984324e222
1.787427249208821e222
2.451621001200343e223
2.8302995630832086e222
8.983108579632713e222
4.767712954003045e222
1.8435025034181082e222
2.2833926886967982e222
5.814216571557543e222
1.4032397900646166e223
2.350638848563421e222
1.9789878651355813e222
1.2965987800728664e223
5.7044008753731904e221
3.079830105911077e222
1.9256287331774144e222
5.932683486841158e221
8.313930585617943e222
5.6637237387804825e221
7.75125659535067e222
5.360850471656298e222
5.3062554150819305e222
2.3832365180393826e222
1.7840919340711255e223
8.906871609998762e221
3.1335589745855744e222
7.890486351462218e222
2.1651107575580757e222
4.938462686029281e222
8.14490326820589e221
1.123417137734994e222
6.372447485905984e222
3.4400698157458065e222
1.1559643685088681e223
2.8009019461941892e222
8.111352721669509e221
7.33061512192132e222
2.8311443623014036e221
3.81380410984509e223
5.746966687123171e222
1.8923954165718824e221
1.1074861997692564e223
6.819610745445519e222
3.504159930418429e222
1.4585209280762118e222
9.375826707691751e222
3.5124661038795184e222
1.0975644295429116e222
1.355096714459785e222
2.2338420827444618e223
7.707030616070541e221
6.500873621662994e222
9.219537767874255e222
2.5727355487647078e222
7.402064711521337e222
1.0231654569766417e223
1.1649835420643872e223
3.2194227849136884e222
1.1991619616920439e223
3.0531165770669566e223
8.131765614794638e222
3.9450663616747567e222
9.591193259520099e222
6.986143756639588e222
2.623349039551954e222
1.0434585588913869e223
1.0183170315064635e223
6.004985990644162e222
4.026335312626617e222
3.876557389649135e222
2.3011253216457386e223
1.0540668549985069e223
1.0181374692986036e223
2.4290672260229972e222
6.030623029130065e222
9.789105116631883e222
1.6160635918716085e222
5.721458395412843e222
2.587421377719915e222
1.0100821549769962e223
1.1634833348405866e223
3.8591778528163025e222
2.165086599526245e222
4.817902236507021e222
7.598689712370571e222
8.23504903655557e222
4.8061656432281755e222
8.216447909003009e222
1.5787100419448655e223
1.333162880455845e223
7.637780891741447e222
1.0440810813419949e223
9.772197043815374e222
5.2868474914377906e222
1.488008365491438e223
4.192418277452416e222
3.483910161779373e223
2.1279721320362732e222
1.372517895575627e223
4.8897638931480974e222
5.6335920027491485e222
5.786911074810211e222
1.431150927263962e223
3.74754738394881e222
3.580755496596772e222
1.0233953316822642e223
7.355825200272676e222
2.93658789134346e222
3.3471609852552024e222
8.279304939265391e222
3.658553650157726e222
4.6650169891708884e222
1.0968539120728448e223
8.987809606580844e222
4.63665610956461e223
1.5477737470700843e223
3.59938121931661e223
3.827593762089458e223
2.0156135118513917e222
1.9981692708640972e222
2.2002175330604164e222
8.607404933172358e222
3.65349543077288e222
3.5235747206635193e223
3.873927017141742e222
4.217460034428849e222
2.9721811654362346e222
4.1538242173768667e222
1.3844937058362554e223
3.2154926121939224e223
1.894254336612044e223
2.952556490218658e222
1.4392182011763113e222
9.602346646972343e222
3.2232674252108546e222
1.2798462198247491e223
8.112610145858467e222
4.380080360450404e222
4.689414573094788e222
2.4024568576857687e222
8.716434061376616e222
8.620670286219116e221
1.0885217165236096e222
1.1648599039092661e222
7.656062667339578e222
2.2427879759456684e223
5.334756178760736e222
9.795537526125003e222
3.0711768608090193e222
9.90160064158684e221
3.0996983499368904e222
9.545937796652635e222
2.7820019314618944e222
5.867459187397545e222
3.90677045670623e222
2.1931159384702298e223
9.08107510508158e222
4.2509634336659826e222
1.6971956816918052e222
7.146332571827323e221
3.020598091304974e222
4.336722847676534e222
2.8578334720263797e222
1.8914140847811143e223
4.926034231082792e222
2.129849810973029e222
7.942868844313051e222
7.287080789699875e222
7.641235274473306e222
2.170594372797484e222
1.9514582752740035e222
2.2453050264939832e222
2.877379985289241e222
5.4396121767575974e222
4.693493032817494e221
2.3706685876880603e222
1.0906281057888969e223
1.66611600592261e223
3.429831766900515e222
1.0076659352632389e223
6.5379460324049e221
1.0214999502798744e222
1.8511005474462041e223
2.494019005195188e222
2.1294968745732922e223
1.8953468300761905e222
7.670995837678617e222
1.508193966096829e222
1.3709493370193499e223
3.922364775128057e222
1.075992839135831e223
1.9188382055156314e222
3.485434982948207e223
6.804797833620919e222
3.6836745403546606e222
2.716187808602117e223
8.04517586405366e222
3.54413641290011e222
1.404766137893034e222
6.431296344977855e222
1.3015861367285014e222
4.540176764362339e222
5.5691961813100235e221
4.0724693066690344e222
3.5653128911193746e222
3.511520070639508e222
7.213037175162392e222
3.0025546607789994e222
7.703307010493372e221
1.0566363869217807e223
7.950866712034572e221
1.6266764864697252e223
2.7744717499481322e222
1.0460762039275941e222
1.2476108153466054e223
2.604967340880446e222
1.9729388557950627e223
4.2330441003860104e222
7.175757667522992e221
2.046496115204428e223
5.620019749406382e221
5.2107584031362323e222
1.7629883447845004e222
4.959109848531005e222
4.737541055416999e222
2.9635118739764725e223
1.0292203614001204e223
4.290735812235179e222
2.310679304774832e222
2.0853220244397754e222
3.673320586335792e222
4.3222960043790193e223
1.47259546303022e223
1.3723402543684953e222
4.974160063277034e222
9.369241576435831e222
2.7718643444895678e222
2.5898052829173803e222
5.261371907959477e222
1.506015313334194e223
3.3018882197267134e222
2.978912770363089e222
2.030865595428555e222
3.2532129549294837e221
3.9002895283235804e222
1.916041831937247e223
1.7113357950557832e222
3.6800587951813896e222
1.0306601678606348e223
2.1781259537682156e222
3.642702767330312e221
2.287139154981845e222
1.0373635105125849e223
3.1433840843605584e222
2.0883021169915197e222
5.939180634472894e221
2.3137371985979094e222
1.9033486594935805e222
1.557738694170816e223
7.963741221193696e222
2.642141119947578e223
1.0753142271096254e223
3.481438473179741e223
6.296017077818178e222
8.46883100897177e222
6.368668043723834e221
4.682656758944921e223
8.656905405179101e222
1.1768268438816134e223
9.723329809563952e222
5.1315918045061634e222
1.205857287369828e222
2.267393924156038e222
6.792405877639193e221
3.0356181376544473e223
3.649396445426095e222
6.257382096275792e222
2.0374530641147646e222
3.090573848218397e222
8.205855705825145e221
1.689053509164856e223
2.145454750726797e222
1.8814126656672065e222
1.8256331931649202e222
1.7783318288815448e222
1.640840965193651e223
2.397611228940074e222
5.0171314203948264e222
1.024756111803539e223
1.266679836203079e222
1.2281041769312776e222
2.0661707551679412e223
2.3938043536587376e222
2.814873808239463e222
4.856421543624808e223
6.513744108459902e222
1.7071898954702756e223
3.511548880366408e223
3.809251030427792e222
1.1233992560619074e223
4.445187594488221e222
1.1268718846008716e223
6.753899503071581e223
1.3908844975211648e223
4.714227408556948e222
1.3415221164641421e222
8.537913429466544e222
4.762235482700126e223
4.1443219366266416e222
5.738796314573364e222
3.9389097340906005e222
6.383972506353805e222
2.330354020035014e222
1.0014227304859743e223
1.5964420032956748e222
3.9993139280516317e223
4.000020842415961e223
1.4699979067338506e222
9.473321456797006e222
6.864850153786849e222
3.8330218764705884e222
1.173256363394731e223
4.846974774990297e222
6.002030034779002e222
1.434106307588471e223
3.299452497819316e222
9.115864498605743e221
6.058686106029258e222
2.941722415019011e223
1.9011242089421165e223
3.322064761188065e222
7.036515638723982e221
4.197115051616086e222
7.087287212251718e221
5.1313044326810327e222
1.7365765706114087e222
2.577112920839903e223
9.984275340285542e222
1.1344958709053881e223
4.183778297281622e221
5.0137070487919715e221
1.1903172482882076e222
3.587898210881257e222
8.033502471043544e222
7.667735250098952e222
1.4601703000066295e222
2.1189213238022406e223
1.8978918375551523e222
1.7283784257374486e223
4.254386952367597e222
8.583526112421082e222
4.3077999411155394e222
3.3814667097970144e222
2.1655336250079008e222
1.760563225678791e222
5.430195749417089e222
4.658142928462006e222
3.164559726346333e221
3.4144479631677094e222
4.2967500234282927e223
3.660796983870676e222
5.630666126591258e222
4.57770001985916e222
1.4675731510622594e222
6.001359099676117e222
3.7679781266121787e223
1.3771350250128116e222
1.4681044315233268e222
2.718381065588326e222
8.757652861258587e222
1.0911023494483372e222
7.711048400419928e222
6.6571797554392e222
7.829754062473985e222
6.367067518203157e222
5.589767494047249e222
5.909396319983718e222
4.01871670174556e222
4.8576212511108545e222
1.9529144737803098e223
6.528365056020407e221
2.7682496799729845e223
1.9117882353437926e222
7.433020363418329e221
4.271494977022778e222
2.6237743175851736e223
6.371240714582397e222
8.727325599303268e222
2.8571146867246436e222
3.7110033200828144e222
5.990358341229973e222
5.411642728194859e222
1.6956422167144914e223
9.649232578501534e222
8.206334311453426e222
3.123937107899652e222
1.0733318745004645e223
1.0415360111858484e223
1.3008880257855151e222
4.017943406657098e222
2.8124573116272153e223
3.2026537043452763e222
2.403529922972757e222
5.428692029255948e223
3.225720333739485e222
2.5255775626985336e222
1.4937785692612854e222
1.2015005088760493e223
5.267882835292899e222
5.198640715631785e222
2.03878920011734e222
2.1708686369362185e223
4.879879343987478e222
4.135116426533184e222
5.986478148004792e221
8.386610474095223e222
2.1104985047826478e222
1.3195146229789942e223
5.136689250749768e222
1.0535179108967854e223
2.453566276345868e222
4.6964099456531614e221
5.707689179381662e222
7.911348405673887e222
6.924103619025996e222
5.44858977040978e222
2.0979890179642504e222
8.558073003416577e222
8.696565483411437e222
3.6246791957961184e222
1.5711976136170043e222
9.40201030549698e222
4.4468590156285e222
4.8464711479578194e222
4.57787901491769e222
2.1301320249016346e223
6.042552701950195e223
3.7090123383667244e222
1.0441226788688676e223
2.3808022949017262e222
6.360706125351499e223
1.2580277908000523e223
6.940434583606015e222
1.71776717612007e223
1.4643076495271652e222
2.245652168039749e222
1.1301633329530406e223
1.0857265372079765e223
1.1777247442926296e223
4.69394475910393e222
1.183602942703479e223
5.253332585009489e222
1.2977843988873364e222
4.727669213614255e222
2.726689264613773e223
7.715278249698484e222
1.1274406820541465e223
