1.1319261091379099e148
2.9260323203025833e148
5.039493930173548e148
8.792545742445257e148
2.0911225719234402e148
1.0868223020753596e149
1.477163877716044e148
3.277036821250855e148
3.8705036574532386e147
6.52762102957544e148
1.4631167282160112e149
1.179595010985507e149
1.035749503354912e149
4.842996117631546e148
1.6852872021498556e148
1.3889667257833705e149
4.4326400359325696e148
1.1520711074291133e149
8.767264843323438e148
5.289459550212103e148
5.1102149532907403e148
1.5141733249779747e148
8.501698062785115e147
5.167912421954999e148
1.150033215426381e149
5.284637185389962e148
1.1419178085732821e148
2.537211988208371e148
5.510461028484098e148
3.3155198258029514e148
6.566866289983735e148
1.2033717292198916e148
5.977670206948908e148
5.539334078722721e148
2.317836614726768e148
9.958876766762214e148
4.003189417517166e148
1.2035360464642633e149
2.922247015529134e148
4.182158902637027e148
5.724492781332981e148
2.326077815013128e148
1.2832572285236872e148
4.87781198526974e148
4.067337460000172e147
7.696122993159667e148
8.458077863041901e147
1.74814499773157e148
1.1668540883632326e148
3.484056357329772e148
1.1860128769301092e149
8.841500213310818e148
6.13178834503003e148
1.3268565674249426e148
3.193001708150703e148
4.048073458131447e148
3.679669311642941e148
5.737662437074136e148
1.3205021482571886e149
3.4403018712963063e149
1.1898221501702044e148
3.8392352046023433e148
6.053226019209196e148
5.419631138257314e148
3.202548035565868e148
5.541806961428531e147
1.1439866925144428e149
2.6040432751551696e148
1.085784634014434e149
5.802255781882888e148
4.3147624177550375e148
2.5444291741618996e148
1.1401380090336377e148
1.4064286095790864e148
1.1160124322833493e149
3.045668096806732e148
1.3388928753814156e148
3.7488161693467248e149
4.423307209782813e148
1.6811179708716333e148
9.309380503112114e148
8.804081740237259e148
5.627647071826331e148
2.5547924929497365e148
4.9496403441135784e147
1.6147693061954476e148
6.652104186699344e148
1.3933443626883924e148
3.021640819312172e148
6.116588392687441e148
1.8123392369760405e148
8.795227316918868e148
1.7805036844914106e149
3.337154134006111e148
9.29212587005697e148
3.5786429252502603e148
2.4749364933672872e148
2.770057841511482e148
2.0807455698958595e148
4.696480461459516e147
6.06987726788157e148
4.9103422831232194e148
1.276739705116394e149
6.126954619415649e148
4.371975335689107e148
3.651542454386311e148
1.7541139363065687e148
3.53361949335251e148
1.215396222629922e148
1.28979437443059e149
5.707333601247278e148
2.6061330493080464e148
3.317485719769325e148
5.054262264156733e148
2.9772562163488336e148
1.310380050861884e148
1.2159866737000012e148
1.0712873961095951e148
1.1139083337689432e149
7.634983940546088e147
2.3456528240599223e149
2.5467357078631822e148
6.748491878295246e147
1.4050745937279168e148
3.653237584063634e148
2.971210221321697e148
1.1970100579025346e148
8.083641989459157e147
3.8003074517720114e148
1.1107312390223935e148
1.1174326444382e149
8.974235295671755e147
3.2949374725750217e148
6.393123642087892e148
2.569073502741908e148
2.8866073858225635e148
2.9374316734390893e148
2.4152662191336848e148
2.2461062014399527e148
7.914851315464637e147
5.490278107209756e148
2.8938420201283445e148
4.5498142481671186e148
7.611041473574888e148
3.2965027365604283e148
9.471254916738232e147
4.2012187585266703e148
1.8532922883480542e149
2.0301336203734786e148
3.3826142723618447e148
2.841756331290598e148
1.402956282924601e148
6.97454038182741e148
7.493920611898654e148
1.5652957044882636e149
8.998099204373215e147
1.9002364288561906e148
5.887987101160812e148
3.075513061322227e148
8.296818444469492e148
1.9604875944453843e149
3.3945330812674883e148
5.890196150244095e148
5.884420138573978e148
3.837195799954388e148
1.8653256246376366e148
2.2520980952844557e148
2.95430560368016e148
9.276071490266903e148
5.458109884175374e148
2.1262429034349155e148
1.280516927090363e149
2.607756284689029e148
1.2297178744717423e149
5.906663139834591e148
1.4439476356245602e148
5.800387508635477e148
8.156277325506284e147
8.370277111226797e147
1.4400787306167173e148
6.93054302427146e148
1.2246663672236924e148
2.2793874420613509e148
2.4062872700344658e148
4.8038303636106273e148
8.808992327285464e147
1.3897289571530475e148
8.386919355486398e148
4.824745948576551e148
6.340720113746646e148
3.036870559593487e148
4.211128737035947e148
3.848328424604496e148
5.59771807086486e148
1.9017770478433385e148
4.941079566945203e148
1.5113564190901385e148
5.0594525932522384e148
1.066622090155726e148
1.8435030634367287e148
4.133617790482671e148
7.228054063986329e148
6.40731314346663e148
2.829572046423397e148
2.5554548656108633e148
6.956395196467307e148
4.736576523143331e148
6.209122410730011e148
5.896012926448215e148
1.2005171479377637e149
2.540100333037624e148
5.40895161101859e148
3.815108195901132e148
8.829582662603338e147
7.771465776963751e148
5.0369368477973474e148
1.462606375983726e148
4.4053913700947856e148
2.3036008828923477e148
5.524169653978485e148
5.126052459387907e148
5.023668207865739e147
2.86115559266131e148
6.626518618937009e148
1.44775225944886e148
1.0601883391394527e148
2.638340254277351e148
1.1189098159165106e149
1.4784214477768588e149
4.423717459858976e148
9.628467706254785e148
5.9024769049958274e147
6.362643006608129e148
2.5429280618377925e148
3.01303651354327e148
4.159333208293443e148
1.6437924998680277e148
1.311381395228889e148
1.0717485598995775e149
1.4314171373934096e148
1.2990202830524488e148
7.222276283782732e147
3.5374395576082277e148
2.1094624688476163e148
1.1545363009079578e149
3.181861608275195e148
7.61034189275872e148
1.0761031451605691e148
1.7962436004753225e148
7.45375502405474e148
2.6407594459665296e148
3.087601772440436e148
1.6966239597835268e148
6.818445711221047e148
1.6676683167358902e148
3.245148454877565e148
2.215549709826592e148
1.596440151819594e148
2.0164932916042218e148
6.740820145269109e148
6.419228817873993e147
2.5791455635303175e148
4.2918327334620985e148
2.3073005517128364e148
5.021629439198906e148
7.012454595282091e147
3.410490354654265e148
1.084798840666617e149
1.8146668668829588e148
9.619227272860488e147
1.5873910017728028e148
3.4358821821334033e148
4.475242580253709e148
3.0752134770856615e148
1.1855781318830903e148
6.854031524620679e148
4.488326278228308e148
2.821572401016896e148
2.1120007066603856e148
3.6433339731019634e149
1.0317003579618436e149
1.3000931051469723e148
4.109954325816275e148
1.8408187709553406e148
4.0323236950808655e148
5.871469476929056e148
1.963564687587859e148
2.8332957991671144e148
7.057711214600889e147
5.213380383514438e148
2.284594385063264e149
4.382867697817143e148
6.402950496408423e147
1.2360599282498466e148
2.71743635630389e148
4.396510708213092e148
2.3015225247698473e148
7.1314226956999e148
1.3829081617498441e148
1.3113277053805426e148
2.1063870770016427e148
1.3130764653905194e148
8.53251937265725e147
1.989047096238873e148
2.155150666069317e149
6.011840835956506e148
6.830381007083609e148
3.084222252593179e147
9.485141428992958e147
5.270455730362227e148
6.924355564623859e148
4.126977976276826e148
2.71598720258188e148
3.734806960125368e148
3.7432292045934006e148
9.301521865888025e148
1.4222553988122092e148
4.187871587193947e148
3.216845126859375e148
4.0117500571438936e148
7.802885229686435e148
3.665179302093041e148
2.070887615834153e148
3.054101063707308e148
3.03222044667729e148
3.0324808653001214e148
2.159582628127208e148
1.1875338368531564e149
6.295171129824213e148
1.0059456266270725e148
4.813901745211837e148
1.0448728905346315e149
5.36097270115606e148
7.125246590876133e147
4.2351520701229826e148
1.3261537554084138e149
5.0857988113122137e148
5.0959294462554483e148
5.888450664491504e148
3.8927478537485593e148
3.320357278803756e148
5.254635025154026e148
1.7478283490321e148
3.686922956111239e148
2.840389904645316e148
1.0922926501573985e148
5.979237325003226e148
3.987790233567624e148
1.3238558840559906e149
5.96656241963848e148
3.136445047557641e148
8.434157274241994e147
5.186793696760642e148
6.663970622889357e147
3.494752381785131e148
7.809615066819243e148
1.47060769448459e149
2.664119714373829e148
7.694783851278906e148
5.551375216741602e148
4.616742227925211e148
1.5786087779346836e148
2.848421737808599e148
2.8865448885141605e148
4.9071933134337464e148
4.7814506244485956e148
8.137567519159068e147
4.113705358993599e148
4.530499484240639e148
1.879890584393784e148
7.666272728366252e148
3.5553366445680826e148
5.0006437602805226e148
2.3632199101022687e148
4.67767799382964e148
2.0591136839705728e148
6.475004347733004e147
1.7163076289937143e148
3.8392277959065885e148
6.45208619910474e147
3.145850545104563e148
6.31364091146937e148
2.5985789337647566e148
4.997874207923275e148
4.253311247808073e148
1.226834165560872e149
6.653811690920167e148
1.5453627460630588e148
3.597844808336902e148
1.1653591125915396e148
4.804086797904606e148
9.574009149514607e147
4.071767102860008e148
7.592157389132537e148
3.237060058008714e148
5.332724761768954e148
1.6088831133218167e148
8.58734254357943e148
2.598723527693213e148
2.1041016941620595e148
1.3264325694461398e149
1.0821326345439704e149
4.1072631903915233e148
1.6774602546029827e148
2.5091126543493972e148
1.2897971798019697e148
9.437068341878937e148
3.002584521164802e148
3.811731063116571e148
6.669722230510485e148
2.2636188985586912e148
3.817592670280027e148
9.512474224679991e147
9.241873895419578e148
3.267306681019376e148
3.805508078077806e148
6.536806783098935e148
1.32821427095231e149
3.9108631752669486e148
4.942526686720787e148
2.3578466874250052e148
1.76726050981671e148
5.775515449181108e148
5.507212566804903e148
4.780253333896847e148
3.4639196303148954e148
4.298384646265125e148
5.981700191799308e148
1.6467016481495335e148
2.069426413420095e148
1.843576260103019e148
2.2675516909130576e148
2.5675896173580485e148
4.562522308689213e148
1.1460123785301069e149
7.959116049920806e148
6.615226854024521e148
2.517103099707716e148
2.2071974826837447e148
4.989938503940048e148
1.078381422605067e148
6.394594458359188e148
6.681930939167136e148
2.697947973872611e148
7.353339993968768e149
5.036575930706597e148
2.368284173305306e148
9.952165075436324e148
3.4391409518184445e148
3.306853798732474e149
5.0036118876345195e148
2.1194361525859496e148
1.671834147765136e148
8.177519737959429e148
2.083348934993765e148
1.2313862212679928e148
7.002541663196774e147
1.0934547968605694e148
3.102510217640719e148
9.592851181747541e147
4.791098035246476e148
2.1109972741365822e148
3.9529425503043844e148
4.613318860518894e148
9.496810047834726e148
2.9601848837664075e148
5.415828800755432e148
4.543855436141992e148
6.060448296112659e148
1.884075856692852e148
2.3153369044255394e148
3.1757872693677994e148
4.0885213481755577e148
2.152651057240668e148
2.5830594683611054e148
5.238850916994598e148
3.8015619135580344e148
6.842329572176521e148
2.6163350812470935e148
2.6170468910124315e148
3.575805255412607e148
2.3833914555121943e148
6.364854128603982e147
3.4939407987581956e148
3.79772938823766e148
1.432749634169136e148
6.894738893225107e147
2.0318983537309618e149
2.134758949252641e148
4.7419214934998237e148
7.898179730350155e148
3.980398895115286e148
9.859876159237374e147
4.9103078788266755e148
3.9141472669653336e148
4.9473746119585767e148
1.4956747720010752e148
7.389115513942202e148
4.297632365520415e148
1.228686902119395e149
1.58965757646362e148
8.014483646235391e148
5.156768324705629e148
4.2193448801214135e148
1.0529124635221838e148
7.738307946331556e148
7.720286295964801e148
2.5729344440768793e148
1.6902606198729146e148
5.862928136028238e148
8.430347583868347e148
4.1346955907587414e148
6.817407477349472e148
2.5412402077894275e148
3.062870391361761e148
3.030018374299781e148
3.802227937782102e148
1.30100077946124e149
1.6230071462464026e148
1.6947123024555709e148
6.5818365822426e148
4.957187433942347e148
1.9153472658213663e148
3.3341086229728846e148
4.524289999241608e148
4.280951803267023e148
1.9512469081172747e149
5.184702819182374e148
7.856824988056097e148
1.7614740501954622e148
1.7924905184252575e149
3.1611001890818906e148
2.893522561584236e148
1.3587684178486073e148
1.2266851147329961e148
7.045413536760062e148
2.0037977668220574e148
1.8132955898683657e148
3.507359027625031e148
2.0427171125809831e149
6.659138907701262e148
2.0658936028992692e148
1.0712642277872509e149
1.0854817563583746e148
3.483094022665436e148
1.4818809970452674e148
2.4812055548864447e148
5.516489321650353e148
4.260593918991656e148
1.2329642582906555e148
5.755936124971095e148
7.621082689231017e148
5.213358003495911e148
4.727739767426371e148
4.041826351914109e148
1.814524764174787e148
2.3886283605520773e148
2.721510567758198e148
2.2809463170126444e148
1.9231029559355435e148
1.8575470636712237e148
5.0760001549961856e148
2.273778208661582e149
1.487218740323992e148
2.8311890433763926e148
3.5750959215791424e148
1.4974739011374058e149
5.365814770366918e148
2.0526100462899683e148
3.633871029573833e148
3.3873785384013257e149
7.613146835874357e148
2.5983729083822097e148
6.643661771533707e148
3.5672117059808765e148
5.958066543482869e148
4.526440450855592e148
2.703015739123463e148
2.69752293725787e148
4.355896527195013e148
1.1175424175559255e148
8.220228153353143e148
4.526231886892618e148
5.380023025410792e147
1.9743352072201218e149
5.48389975476192e148
5.403005176389479e148
3.398825074178215e148
7.485703753993423e147
8.029744219472368e148
3.953416084636959e148
7.468866470938453e148
2.932777135312514e148
8.1779614965841e148
5.170213854549181e148
1.2229006766810137e148
1.348125239788445e149
4.42339922420959e148
1.2571054251114733e149
5.210125135359028e148
5.8431825821416e147
3.893318040030828e148
9.105441970282562e147
2.3428076510392652e148
3.496577248046978e148
2.3360592665932993e148
1.4760039246841928e148
3.5389429971912593e148
1.0759592620126238e148
4.227205791518308e148
1.7319119548371473e149
1.1999572845540505e149
3.302338101695213e148
6.070766658132022e148
3.4071424714273765e148
1.5252328830402667e148
3.2136716310152185e148
2.5602086173978337e148
9.563111654480661e147
3.5397829179621523e148
4.4841627799499613e148
9.259063552463255e148
1.5144878224076637e148
4.365472120558363e148
5.904005715373051e148
2.3320318410142866e148
1.5355201449569586e148
4.050231922345213e148
1.796787061939066e148
4.118612863451073e148
1.8880407804474128e148
3.2836334592979085e148
7.043698903621583e147
2.1121282663580763e148
1.873752800416843e148
3.103653255498239e148
4.0327332344070135e148
1.903412712354525e148
1.2863497275345855e148
2.9325132857184544e148
3.9022568680452626e148
3.007457679322769e148
8.462090338853584e147
5.766383767039057e148
1.0219616151825439e149
8.898197842852033e148
1.2047832216104886e149
4.746626587829009e148
2.7108359457232346e148
1.2258912133342961e149
7.507854002048466e148
1.4277594648951096e148
1.2345382119517747e149
2.766354016092728e148
2.206676984123365e148
3.0746870178504716e148
1.1571352452892486e149
5.006093481016742e148
1.929492550265008e148
5.708796407693704e148
3.229578857638885e148
7.345647786855753e148
4.0033449380449657e148
8.391275143002228e148
1.6359741864814604e148
1.786787591957117e148
1.5577299264124493e149
2.276975018762406e147
1.9818521603707915e148
1.2591460991582374e149
4.9059565656785347e148
8.299338682803679e148
3.417545123703253e148
9.664105568099988e148
6.137029991733493e148
3.9333685451576687e148
3.5920520446168485e148
1.395911920708347e148
1.704694921321879e148
2.2376003525216875e148
4.2495821453620236e148
4.0791697917203233e148
1.6584137502508633e148
8.056413595548096e147
2.4361463836717335e148
2.318893431230566e148
5.526497427406993e148
7.260885669739177e148
2.9549219810383716e148
2.916085808739659e148
2.845999188823591e148
6.558617925797965e148
2.534838757051614e148
2.3390170339120125e148
1.275693422319975e148
3.7899955643453145e148
2.030405944662123e148
2.6063451705581055e148
5.444641426053237e148
2.1472028569966135e148
8.6713231862956e147
3.760712076321541e148
2.9739469736751683e148
3.197640014502406e148
2.372442228383111e148
1.9011585551194658e148
1.0693080429986552e148
1.1605287706155862e148
4.015268194563584e148
1.731757459833218e148
2.1993579087161715e148
1.3077215379575762e149
3.575684781573104e148
1.5272195719768907e148
1.1291679750643017e148
7.563766434133805e147
5.424114624169804e148
3.220162182085554e147
3.85989256179674e148
2.2139843859467248e149
3.079259038485219e148
7.379985037656536e148
1.8737652108803522e149
1.5812163803068315e148
2.5842146985222726e148
9.573697064417393e148
5.040599935305187e148
1.1374158475507454e149
2.960546213115511e148
2.0682250084614667e148
1.6606137524024736e149
1.3177278066753452e148
3.442357747404971e148
2.1431544064183148e148
1.5179245526134117e148
8.381670512994063e147
4.1526871360554083e148
3.732418838640495e148
7.419151802892755e148
2.3691954520815593e148
5.596737338510866e148
7.119337443407329e148
5.289171063829007e148
1.3535383502980154e149
2.5526672326894147e148
1.1004460365591398e149
2.418569812128295e148
2.786359051695189e148
2.250701573678854e148
5.583521810844312e148
1.7437217133315903e148
9.571566309907449e148
2.4248190182558388e148
8.267387247169269e148
2.127952050198123e148
9.285475467352343e147
5.342494813438444e148
4.311009850493673e148
6.365408473544707e148
2.1980611070852052e148
2.4859080971606736e148
1.7001006385130995e149
2.274695933193025e148
3.7694719112075555e148
8.149473682868789e148
1.8084608992175035e148
2.5723087771449446e149
2.4716768924085203e149
3.324295060309292e148
3.413403141972597e148
4.082452523250342e148
6.673044564782554e148
2.0236260616766052e148
1.7984763361157287e149
3.032166943168155e148
1.0331251499460398e149
3.961857971652299e148
7.911708129485244e147
4.267760127121092e148
2.260886194029243e148
4.1817538073591405e148
3.729770844371079e148
1.6281990398240343e148
2.16276993000188e148
3.378050466511226e148
2.3859171964293138e148
1.2423241057822818e148
3.2825518681094944e148
4.9828269780562135e148
2.884593768345869e148
4.952832843524518e148
2.4860341606744088e148
1.302615695661806e148
1.8592612005784273e148
4.0950009472722835e148
1.3301600040234616e149
3.584091489386334e148
3.272115150006709e148
4.271828795151234e148
1.6173694807936294e148
7.634414797945648e148
7.819782280640272e147
3.286302661714443e148
8.778406291399726e147
1.016065202995479e148
5.169662044812254e148
1.6334267104244344e149
7.39130138510399e148
2.348066264663965e148
2.4338177491892486e149
2.0418374780883862e148
4.449130619426915e148
1.3870550549848543e148
1.1720719593796588e149
7.102746035890977e148
9.843891176367968e147
1.2811290034295064e149
1.6685335312242113e148
3.357691559186055e148
6.307882003528732e148
6.316889312242301e148
3.133789181917121e148
3.810280452962281e148
1.0401910285203324e149
1.3311973339871843e149
4.7441286382655917e148
5.563697163154291e148
1.1625465009355756e149
2.1414866553753095e148
6.203739959454839e148
1.2263422245672748e149
7.640788362224049e148
1.96688143099084e148
4.266581226988303e148
1.7218476157537765e148
1.144986631249211e149
2.3081474231193359e148
7.879141265021567e148
4.72109862781585e148
3.5554239116227284e148
4.9064825212729305e148
1.2921845312162658e148
3.1319766973347344e148
6.519869605492971e148
1.4742363708277434e149
1.6461062841143675e148
4.9001869063187575e148
9.964497126250256e148
1.070780092699375e148
1.4949459370754553e148
1.1301421428821877e148
1.6565065301152486e149
4.523679530696697e148
2.870519159975459e148
2.1225150285767736e148
2.1616492123763262e148
2.562021421988428e148
1.534914585595765e148
5.386411202652993e148
1.5729371008331615e148
1.311152491462688e149
6.853750484004105e148
1.2405521546332789e148
3.903906521912754e148
4.9997686399125304e148
5.392220975387464e148
2.6129754486064044e148
6.160767193293139e148
1.8074535344604946e148
1.0207460468750021e149
5.300471005560191e148
1.3408448365055045e148
3.180361015086862e148
2.5442796055758304e148
1.532307926398939e148
2.0574988007064776e148
3.98023099267432e148
4.2151158827824187e148
6.394606667318418e147
3.966339562016125e148
1.7962467638663622e148
4.992946703017389e148
7.635565856977123e148
6.765146750617905e147
1.283413510626467e149
2.5104895879788672e148
9.036002490724982e148
9.485725456706435e147
5.256270830191336e148
1.4113500588215168e148
2.1598647677918838e148
8.294727873498472e147
5.342738223637728e148
7.119111463761107e148
7.017806896718791e147
2.6995362679635155e148
3.857386861983923e148
1.755754890992963e149
1.8486718910177563e149
1.1728902279270945e148
5.21562719340618e149
1.4160142555656806e148
2.1938433419769758e148
1.2221050497331276e149
2.9232419596202865e148
2.812503139568202e148
1.3120768624904012e148
5.185097497531321e148
1.7308681030526865e148
2.2207070946884226e148
5.338564647872268e148
1.38977114334039e149
4.9789087838821706e147
7.648682174895968e148
7.282951695471593e148
3.935138603807912e148
5.741601126382486e148
2.2493621539593884e148
1.405027643633011e148
3.7701918989985975e147
5.007512565769071e148
8.653705822703005e148
6.998827877962986e148
1.284981769062552e148
7.607503058015149e148
5.042455186306205e148
1.3660455314394777e148
3.872304230872269e148
5.723418854290403e148
1.554371880647761e148
1.2446697746952604e148
6.650399913469346e147
2.789805963879801e148
2.4782466565906455e148
1.547922938385783e148
3.55589620548503e148
4.866828443120331e148
2.5040731149317693e148
5.5204991775848e148
1.601047590580684e148
9.0233573768989e148
1.1390729778724268e148
7.969782231049287e147
2.1276985476299342e148
2.3348815354663473e148
1.33464787990514e148
1.820498959178591e148
6.086951880399028e148
1.9673512915744167e149
1.4103928053045593e148
2.2685239939353534e148
2.235651823387071e149
2.748935986845207e148
4.4526190846287743e148
6.212272524552439e147
1.7220232041887193e148
2.2017717589209495e148
3.0279579391638343e148
3.931620106308875e148
1.2946633015627015e148
1.6006812141458179e149
2.272212227618349e148
4.182450016542973e148
1.928117478446447e149
3.5850320332031906e148
6.353907582525108e148
7.2296214449349e148
3.969373734021503e148
6.790374668869819e148
3.0308272586197404e148
1.7113076892372748e148
9.939063829041027e147
3.6303033256107786e148
1.3713905337536727e148
1.736405929431644e148
2.6000555118760127e148
1.2398757773515156e149
1.0176627105870677e149
6.471586387614695e147
1.8997646022742835e148
1.7186380272660954e148
1.1439094905089446e149
8.529136206984458e148
9.516327877443186e148
4.4404603755170405e148
1.7638538481354952e148
1.1075263883606824e149
6.809960141851367e148
1.2719112083946843e149
8.918278249751614e148
1.464126564852113e148
5.274476056486342e148
1.2849501651014882e149
1.2799819861930454e148
2.2310877028877367e149
2.1097521999470054e148
1.4978416000041007e148
1.171074137504124e149
1.1310515416992034e148
4.518892702768544e148
