558.0
500.0
524.0
505.0
426.0
500.0
382.0
476.0
516.0
476.0
596.0
380.0
607.0
495.0
481.0
505.0
529.0
425.0
497.0
607.0
431.0
553.0
426.0
389.0
443.0
438.0
564.0
503.0
495.0
423.0
431.0
476.0
551.0
479.0
497.0
519.0
463.0
505.0
596.0
447.0
437.0
461.0
566.0
640.0
437.0
470.0
494.0
426.0
503.0
481.0
470.0
495.0
479.0
524.0
521.0
495.0
518.0
502.0
507.0
446.0
641.0
500.0
524.0
524.0
521.0
380.0
425.0
558.0
443.0
416.0
537.0
598.0
596.0
549.0
489.0
416.0
489.0
422.0
476.0
446.0
426.0
495.0
549.0
549.0
426.0
463.0
443.0
514.0
560.0
566.0
495.0
502.0
479.0
458.0
447.0
529.0
641.0
556.0
437.0
431.0
489.0
513.0
411.0
548.0
425.0
422.0
426.0
556.0
489.0
495.0
560.0
446.0
524.0
382.0
537.0
446.0
502.0
452.0
431.0
516.0
479.0
500.0
524.0
516.0
458.0
495.0
502.0
463.0
494.0
548.0
437.0
594.0
463.0
380.0
470.0
620.0
524.0
539.0
473.0
596.0
521.0
470.0
382.0
465.0
594.0
461.0
452.0
443.0
479.0
426.0
548.0
640.0
514.0
422.0
481.0
423.0
551.0
382.0
470.0
524.0
519.0
549.0
537.0
380.0
411.0
416.0
425.0
494.0
382.0
426.0
549.0
426.0
425.0
513.0
502.0
463.0
529.0
423.0
479.0
495.0
495.0
500.0
447.0
620.0
425.0
437.0
505.0
446.0
521.0
447.0
411.0
476.0
382.0
640.0
486.0
596.0
494.0
519.0
553.0
473.0
438.0
503.0
489.0
380.0
516.0
549.0
380.0
551.0
489.0
437.0
640.0
465.0
473.0
479.0
479.0
524.0
598.0
382.0
470.0
389.0
549.0
560.0
481.0
640.0
607.0
607.0
537.0
422.0
461.0
564.0
470.0
452.0
400.0
640.0
416.0
463.0
491.0
423.0
598.0
503.0
516.0
640.0
537.0
495.0
473.0
519.0
497.0
491.0
425.0
537.0
519.0
556.0
549.0
389.0
426.0
514.0
566.0
495.0
507.0
476.0
491.0
465.0
381.0
426.0
521.0
594.0
539.0
594.0
521.0
531.0
641.0
524.0
560.0
426.0
537.0
461.0
507.0
564.0
596.0
416.0
479.0
519.0
446.0
495.0
641.0
529.0
447.0
425.0
560.0
452.0
537.0
463.0
431.0
470.0
481.0
422.0
426.0
607.0
507.0
447.0
495.0
473.0
514.0
539.0
438.0
411.0
553.0
502.0
519.0
458.0
516.0
585.0
458.0
458.0
446.0
479.0
479.0
470.0
640.0
598.0
458.0
529.0
596.0
425.0
426.0
497.0
470.0
461.0
495.0
641.0
640.0
452.0
416.0
481.0
423.0
518.0
553.0
400.0
411.0
411.0
380.0
447.0
470.0
524.0
431.0
564.0
491.0
497.0
431.0
479.0
560.0
524.0
519.0
531.0
452.0
553.0
491.0
529.0
521.0
425.0
556.0
596.0
640.0
594.0
556.0
438.0
560.0
446.0
507.0
426.0
549.0
422.0
452.0
502.0
596.0
596.0
594.0
465.0
481.0
518.0
473.0
516.0
503.0
495.0
495.0
607.0
389.0
502.0
465.0
497.0
486.0
400.0
585.0
539.0
556.0
516.0
558.0
503.0
443.0
481.0
524.0
470.0
495.0
479.0
505.0
507.0
558.0
531.0
389.0
443.0
458.0
431.0
513.0
516.0
641.0
495.0
389.0
641.0
558.0
495.0
438.0
503.0
382.0
470.0
380.0
502.0
461.0
425.0
513.0
531.0
524.0
607.0
566.0
446.0
556.0
514.0
452.0
476.0
537.0
585.0
521.0
513.0
549.0
560.0
503.0
513.0
529.0
491.0
411.0
503.0
494.0
548.0
437.0
476.0
529.0
489.0
500.0
458.0
491.0
556.0
473.0
452.0
481.0
560.0
607.0
411.0
502.0
484.0
502.0
620.0
425.0
447.0
416.0
431.0
497.0
495.0
382.0
447.0
461.0
497.0
447.0
470.0
549.0
491.0
495.0
598.0
502.0
389.0
489.0
481.0
489.0
422.0
465.0
411.0
514.0
452.0
452.0
470.0
481.0
518.0
425.0
519.0
640.0
514.0
640.0
431.0
495.0
484.0
381.0
481.0
463.0
502.0
516.0
585.0
503.0
500.0
446.0
551.0
551.0
641.0
502.0
502.0
425.0
416.0
463.0
537.0
502.0
502.0
486.0
521.0
556.0
607.0
494.0
549.0
425.0
537.0
516.0
513.0
431.0
503.0
446.0
438.0
422.0
447.0
524.0
524.0
524.0
531.0
566.0
514.0
549.0
481.0
495.0
594.0
640.0
507.0
641.0
641.0
556.0
452.0
463.0
431.0
447.0
491.0
461.0
476.0
556.0
458.0
446.0
502.0
479.0
620.0
539.0
566.0
551.0
524.0
524.0
416.0
426.0
502.0
479.0
513.0
400.0
438.0
507.0
507.0
481.0
502.0
524.0
503.0
481.0
551.0
491.0
422.0
479.0
473.0
426.0
400.0
447.0
507.0
507.0
524.0
446.0
566.0
443.0
620.0
461.0
426.0
463.0
558.0
560.0
400.0
500.0
476.0
382.0
516.0
423.0
502.0
524.0
560.0
556.0
620.0
495.0
382.0
438.0
521.0
596.0
598.0
470.0
443.0
640.0
382.0
502.0
461.0
502.0
447.0
518.0
596.0
400.0
529.0
507.0
516.0
443.0
594.0
484.0
521.0
539.0
479.0
516.0
431.0
513.0
431.0
594.0
553.0
463.0
431.0
503.0
529.0
381.0
463.0
524.0
438.0
422.0
425.0
416.0
566.0
502.0
463.0
529.0
452.0
479.0
640.0
489.0
596.0
481.0
495.0
521.0
431.0
521.0
514.0
519.0
529.0
502.0
422.0
446.0
484.0
380.0
443.0
502.0
437.0
491.0
594.0
500.0
495.0
524.0
425.0
495.0
502.0
437.0
502.0
598.0
497.0
507.0
422.0
502.0
495.0
479.0
422.0
531.0
516.0
481.0
524.0
426.0
489.0
524.0
461.0
382.0
411.0
598.0
431.0
489.0
489.0
438.0
438.0
400.0
431.0
481.0
502.0
470.0
476.0
553.0
495.0
443.0
476.0
500.0
507.0
566.0
470.0
431.0
443.0
473.0
446.0
594.0
529.0
431.0
495.0
521.0
382.0
566.0
382.0
556.0
438.0
549.0
423.0
438.0
447.0
495.0
551.0
556.0
423.0
531.0
495.0
489.0
411.0
431.0
521.0
594.0
495.0
519.0
564.0
423.0
502.0
495.0
495.0
416.0
641.0
425.0
495.0
438.0
458.0
446.0
443.0
503.0
537.0
491.0
425.0
426.0
473.0
481.0
437.0
426.0
473.0
443.0
380.0
473.0
641.0
500.0
465.0
566.0
529.0
463.0
470.0
553.0
495.0
502.0
495.0
473.0
452.0
505.0
465.0
641.0
431.0
551.0
452.0
400.0
443.0
476.0
566.0
564.0
551.0
484.0
519.0
596.0
473.0
431.0
426.0
443.0
539.0
479.0
484.0
513.0
507.0
516.0
513.0
539.0
524.0
446.0
524.0
481.0
470.0
524.0
458.0
380.0
473.0
479.0
537.0
519.0
521.0
473.0
516.0
479.0
596.0
411.0
514.0
503.0
479.0
558.0
400.0
463.0
503.0
495.0
564.0
507.0
539.0
524.0
521.0
495.0
389.0
411.0
558.0
437.0
497.0
640.0
507.0
400.0
516.0
479.0
431.0
381.0
564.0
425.0
495.0
380.0
537.0
489.0
463.0
437.0
484.0
400.0
495.0
479.0
524.0
560.0
556.0
438.0
641.0
529.0
425.0
566.0
594.0
539.0
521.0
596.0
553.0
560.0
461.0
463.0
416.0
598.0
447.0
431.0
461.0
446.0
479.0
479.0
495.0
476.0
431.0
513.0
531.0
502.0
447.0
551.0
382.0
446.0
594.0
473.0
470.0
556.0
524.0
489.0
495.0
502.0
489.0
400.0
431.0
502.0
502.0
416.0
411.0
497.0
400.0
497.0
400.0
503.0
641.0
381.0
426.0
400.0
566.0
452.0
381.0
479.0
551.0
458.0
476.0
452.0
422.0
431.0
425.0
495.0
400.0
531.0
484.0
507.0
495.0
494.0
479.0
426.0
531.0
463.0
476.0
443.0
470.0
481.0
513.0
594.0
620.0
502.0
437.0
553.0
489.0
551.0
640.0
524.0
443.0
495.0
641.0
551.0
560.0
400.0
425.0
514.0
502.0
452.0
513.0
491.0
553.0
594.0
594.0
