2.3026403452628316e167
7.45775408035218e167
3.6414816945920214e167
1.6639139058423442e168
1.8520110211702645e168
1.5547316085046566e168
1.4577245772372663e168
4.765999511496978e167
9.69916839235628e167
2.44984012493243e168
5.3529361860115846e168
6.630878554335464e168
1.7514102125129295e168
5.926381149051346e167
1.2027230034904034e169
1.804252495850779e168
7.223136933476608e167
1.8067267175135935e168
1.5097282735459154e167
8.645884437384185e167
8.038253440495331e168
1.8708200270402881e168
8.499549700592537e167
1.6961104345464728e167
1.543648873432256e168
2.152105125531198e168
5.423736200299393e168
7.489091032844867e167
2.2325943130489013e168
2.4602303550399833e168
5.15735165676983e167
9.113310440446615e167
6.59971135627892e167
1.5762737855709382e168
6.907924534805524e167
1.0561188400965465e168
5.581053806361352e168
2.360029007665402e168
4.1922457685219436e167
1.1030125767325807e169
4.249728185180061e167
1.3560465300150046e168
2.728143471902849e168
2.1199099498252586e168
4.805985042186336e167
2.837710378049304e168
5.736791886951858e168
5.814051297847857e167
8.85213830989618e167
2.525575956331664e168
2.1191895166483644e168
6.949512736492357e167
1.3993914068330629e168
2.457511216129017e168
3.255251054554628e168
7.050226414521771e167
2.2469308365102127e168
1.0043226425149524e168
7.970760989393787e167
6.423832739825495e168
2.7193207146415066e168
2.5380350961395118e168
1.8007685984023098e168
1.284124072896421e168
8.12922573841245e167
7.498346843824021e167
6.326200740928464e168
2.1161793969286412e167
8.594796465056245e168
1.11580434989375e168
2.540260802333938e168
5.6360626320381916e168
4.37881162282347e167
1.1216153206375433e168
2.41515984533839e168
4.473609843484137e168
4.5988778480566816e167
3.3097414976069916e168
1.499713707675707e168
4.267439919478849e167
5.748925250651776e167
4.6025606071630485e168
4.7812057943080176e168
5.122929921234573e167
1.9637825489139353e168
4.686236986052725e167
8.479592555585159e167
1.7777664384227338e168
4.787302565714203e168
3.894829089075171e168
1.6892873596142218e168
6.262614817347317e167
1.0558523604416038e168
8.335567491106185e168
1.16242758325752e168
3.975005762148499e167
1.9034362910457094e168
9.284299376522365e167
5.794721646176028e167
6.0136993619718725e168
3.534882072484052e168
8.59965182795958e167
2.8425770246480456e168
2.8825331229606014e168
9.279327328359512e167
7.544387635685532e167
1.1982020607175125e168
8.139649436335646e168
1.3720910538171026e168
5.977266865651927e168
1.7539814206534339e168
2.15855925846692e168
9.473593150505453e167
8.356579395096176e167
3.2302370428283548e168
1.7054249113596427e168
3.502326164062687e167
5.357310413024218e167
8.598695943287649e167
1.3725831197892496e168
1.194315775765522e168
2.758344707641237e167
3.0805603666053877e167
1.52671476072737e168
1.0444466913520463e168
4.765492318732427e167
4.772845546456753e168
2.6441404033631097e168
3.329790864163576e168
1.910059193428541e168
5.479970407117616e167
1.7207501923210465e168
3.0803865281970702e168
2.272603712399113e168
1.1222277114863007e168
2.4653345893046385e168
1.4512011003795802e168
1.0853157253644854e168
3.152070917907968e167
7.214908075923975e167
2.111612285555306e168
1.8781889015464853e168
1.677636191620171e168
5.854070940851417e168
2.4436348248898563e168
1.0197496938536638e168
2.9398463304268036e168
2.8849110143996264e169
6.34599214804129e167
2.257728884262406e168
9.057728744360954e167
2.617643737010585e168
9.300953915803793e167
9.646362035643438e167
9.609981780769406e166
1.3541845327270909e168
6.121131346329165e167
1.6306331188586353e169
2.8954020828269157e168
1.2846123946440206e168
8.282570955277376e167
6.1769481024067095e168
1.9164025529787967e168
2.565715646901741e168
1.8754267530775014e168
7.720704465341462e167
2.048919428499306e168
1.5142010489286122e168
1.3577025487658765e168
3.9121440952299685e167
2.916960360907893e168
2.7103227044939126e168
3.414745040564594e167
1.2158855077765786e168
3.189146135447646e168
5.203696453365868e167
1.3151056575024045e169
1.1423774679124783e168
1.6669444851663051e168
1.6484729492427795e168
1.015007926488162e168
2.3359366111883037e168
1.5762521782659027e168
8.877691640711829e167
3.8453874529870254e167
3.0149039542808695e168
1.681297227541822e167
4.940405510644876e168
1.8378371310876912e168
7.373301959113603e167
1.2243226359690544e168
3.0905065966105737e168
1.036285678560958e168
2.652087101962051e168
1.0336772115354684e168
5.31962941037711e167
5.605388042165667e168
5.034270495827947e168
2.8409015232731245e168
1.2265957568352137e168
3.995508729595916e168
1.4211524743843779e168
7.992526608214936e167
3.521322111662509e167
8.85114505210328e168
5.214607251644216e168
8.167582373399078e167
2.803082653967661e167
2.311923915002629e168
8.399787469718007e167
1.212438564145941e168
1.103876854854925e168
7.77471746570743e168
1.107496142528305e168
3.9781464092533624e168
3.2509793573656416e168
3.3639977289877696e167
4.6526801149146786e167
1.399698781057154e168
5.824311687605053e167
7.538307087406746e168
1.9705798958330436e168
1.76068321426099e168
3.5824508272993683e168
2.3265787203884313e168
1.5871293421712382e168
1.8252209335254046e169
2.3558088716959827e168
5.693917567349717e169
4.970576152206994e167
3.433686772473899e168
8.076090909337025e167
9.993213361198145e167
5.849955957482235e167
2.908967674746137e168
3.583654299162702e168
1.6202025065912135e168
1.7543847394946846e168
1.1034188470944353e168
9.443503904020513e167
1.6129833673024395e168
3.700819608465856e168
5.270509261748356e168
6.515948861714787e167
5.297373763668672e167
1.2001878224107346e168
1.3256136228240659e168
6.088062288751946e167
1.52061070121468e168
1.558966730643021e168
2.026474285498887e168
2.080804243844291e168
9.209967328111964e167
9.117767264824558e167
1.3362583733532354e168
9.422003791888829e168
4.645736376437281e168
3.7174737041720464e168
1.7000056238900997e169
1.6187830845760994e168
2.748334448174697e168
7.094154309089006e168
1.0002826370124775e168
3.278104905926212e168
4.802345882986765e167
5.163314751867469e168
1.8313747676462927e168
1.6715725912458085e168
4.170821237339622e168
8.521541932699711e167
4.422695615071599e167
9.069125606420402e167
4.1766039763732475e168
1.3882667862941261e168
3.700747306020469e168
1.6363398215387418e168
2.0717789415982348e168
9.800479257637544e167
7.032397744999822e167
1.5378999020798544e168
1.9102274354818077e168
6.728737428291781e167
5.27723763552897e168
8.491184619633843e167
2.8575702980298386e168
2.642606810543637e168
1.3033135492972864e168
3.6831482442505913e168
3.865377151332491e167
9.505299732137119e167
1.311794339649779e168
2.5171053236831597e168
2.000031773019245e168
1.0202880346556841e168
1.1028201779441994e169
9.863828679992925e167
6.377683297957721e167
2.064378505452484e168
2.298977092444903e168
5.453850229047152e168
3.520818374617717e168
3.741363966079917e168
4.394444856259687e168
2.5376607815542235e168
7.634631961709337e167
1.0301958928632067e168
3.192011335387422e168
1.5967082332865942e167
4.5222585273611485e168
1.476377397468825e168
1.1710329372650452e168
7.52135149801946e168
2.306321297762168e168
9.8632678867957e167
3.555901747812204e167
5.662030093243233e167
9.637365578156293e167
5.088182051744574e167
6.006714109350652e167
8.226538465743526e167
7.294624481546406e167
2.3308664474932047e168
3.3565924564534085e168
5.745011523401775e167
3.6331109400636e167
9.8700094408362e167
7.71605309961564e167
3.3889769441140373e168
1.7461671140271715e168
1.37223680049498e168
2.594960341131686e168
8.863757528730518e167
1.1378159198849114e168
1.2834424041820508e168
1.4280861515720629e168
7.232226036469287e167
2.658806981196613e168
1.4608880449856201e168
2.402947992447652e168
3.7173409692837124e167
3.159323165863344e168
3.655175519775816e169
3.844925259693012e168
4.2565505961115626e168
1.8944192372929733e168
1.2510211221974834e168
1.510849765949344e168
6.864730359446192e167
1.5274647294882035e168
4.4501698170745095e168
5.4750144920359904e168
1.7582077330041627e168
5.137486308477863e167
3.405546606991278e167
1.662460801601145e167
2.635796869022237e168
6.369277522768995e167
2.1800406094861507e168
5.4091137563201e168
2.0474471337586356e168
1.3258109876636026e168
4.255455818546465e168
4.078672998973935e168
3.790991656160641e168
1.8502739582408798e168
6.300324254445608e167
1.653273354316317e167
9.433094909168846e167
1.7319637387656624e168
2.306962326410589e168
1.2209356043033014e168
1.7115407145877493e168
9.05983354873991e167
2.1782900638838684e168
2.632714336118974e168
4.368840094315485e168
9.215030524984947e167
2.1240181301397238e168
8.231827763864152e168
1.0715612375011284e168
2.5682807043105553e168
1.7844314629375326e168
7.867660051384115e167
4.121881597914029e168
3.1676334806716173e168
1.0930836695762346e168
2.413014527486228e168
5.772323087701359e168
2.14911469812229e168
2.425236280881396e168
1.670153402016481e169
7.324766615873832e167
5.135241748941083e167
2.073211099087025e168
2.1925009497743904e168
1.610061183764727e168
2.4204093692890967e167
6.039000841408364e168
1.395624433618499e168
1.8685195783092815e168
3.716240819584404e168
1.142116572083153e168
3.110068987382063e167
2.085270961090328e168
1.8813871943280845e168
3.624615077522038e167
1.545704893555878e168
1.1814516266706583e168
2.8401078598998963e168
1.4237677559847031e168
8.172664877564969e167
1.448165546644493e168
1.6562477944129066e168
6.197192737722389e167
1.3248636299498861e168
6.808617340056256e167
4.5733038667542614e167
1.9983386728032334e168
3.623464635546406e167
9.233160890486671e167
1.5076651983605802e168
2.0239883810766357e168
1.6758626911924626e168
5.819231238505825e168
3.1731583291277607e168
7.846232323710581e168
8.001121849202501e167
1.5240669381047378e168
7.265748032542595e168
3.9312436605196753e167
8.12118126393001e167
3.8332516956907764e167
1.6512101346252074e168
1.304230762908098e168
1.8027671167278636e168
3.986557035086626e167
1.9344340494793003e167
7.873784879822909e167
4.157463715306919e168
3.089399041688263e167
2.709321563630581e168
5.321995654014624e168
1.1825329211053673e168
3.528147828834409e167
1.920180652705306e168
2.4894363412500266e168
1.6182058401336107e167
1.4543516272985957e168
3.604617806679585e168
1.3072022754998039e168
3.111952784938602e168
1.2069413140885242e168
1.2395871668229638e168
5.817827919562715e167
1.4194484466024612e167
1.220384015110476e168
1.0371918846206164e168
1.9590121875476827e168
1.0090803964943868e168
5.469520246480609e167
2.009041683599162e168
7.830699835303827e167
2.4037350259440437e168
2.7510680990199402e168
1.2603475418585194e168
4.9222847431942945e168
7.777420168284697e168
6.226381556379555e167
2.6703909015421623e168
3.42835754588659e168
2.533080138825071e168
2.0405869539142235e168
7.1723672405153e167
7.785938910609538e167
5.248895328340045e168
1.1822715779273649e168
7.007552188093616e167
3.906462442937075e168
2.293277873977363e168
1.2490050907676163e169
1.9255102350471346e168
1.1012429991121207e168
5.056320547015704e167
8.73888647734612e167
2.9148162592517066e168
1.2264531422157e168
3.211997222147891e167
3.704518762851714e167
1.6362215914854916e168
1.441832098598189e168
4.365349339996836e168
1.1816568466588983e168
1.603293099406754e168
1.1047978706209286e168
4.034028601813681e168
9.885593092302397e167
2.227112205200487e168
1.3807417119074481e168
1.962608801944161e168
2.4191013576379454e168
8.283938493832941e167
1.2848412516228304e168
4.888780950171201e167
1.38089479351933e168
3.1548522602366545e168
2.619995620935858e168
5.764334554461287e168
2.543157479512781e168
5.747224655903935e168
2.7838607663279045e168
2.5165901893961477e168
9.501271565875823e167
1.079424069111405e168
4.246962010163231e167
3.6355136655913045e168
1.1843512724628153e168
3.2103734908986516e168
1.7299302454967189e168
2.473755617644433e168
5.583111141145021e168
4.058328115265898e167
2.408933803137537e168
6.156758283110615e167
1.5968039343405277e168
7.003877275560856e167
1.332528781586882e168
9.787239538014793e167
1.091308720581206e168
8.265778773999769e167
2.428790747242375e168
3.713082220775197e167
1.4630486994162675e168
1.516296570105267e168
1.5056167578868599e168
1.5423409285696129e168
1.2478249416075885e168
1.2985170583952783e169
3.145172566860567e168
6.994690506392953e167
1.8043097077327466e168
1.3260794427779475e169
2.284729825286488e168
1.440762427988844e168
1.6972348175963203e168
1.2208372562219516e168
3.7695172109778112e168
1.3268837084775364e168
9.296984572910077e168
1.8031235710662447e168
3.3979469871157357e168
8.428756074473417e167
1.537200409825716e168
1.5161952538286285e167
2.078750829736263e168
1.3322133302519197e168
3.6510596909328057e167
1.6137855750319679e168
1.872700142575714e169
4.417955873010882e167
3.92339509261418e168
1.6252617218260677e168
1.5443052592224125e168
2.446493303677778e168
7.631988749077556e168
3.5263154853712254e168
5.174194914149141e167
4.138969440891963e168
1.933769924279263e168
1.4775983020319167e168
5.211975439129229e168
9.681835353926488e167
3.575658463896387e167
4.257132877979757e168
1.452426877043619e168
3.802404012405936e168
1.1861321748418204e168
7.075702671442588e167
6.446088431004299e167
9.075362388261508e167
2.4124066840057736e168
4.678777774440918e168
2.330819494683138e167
2.0436920767930752e167
3.576110453737696e168
9.786301530533095e167
1.4502951229899004e168
2.27549478647321e168
1.8867791428578172e168
7.704970769118034e167
1.166746591288377e168
5.50838354934405e168
7.701600400929896e168
3.363295939671731e168
2.6219179895024248e168
1.9105871872568842e168
4.944360544221546e168
1.1972840957811377e168
8.866015891326489e167
1.879500034307035e168
2.557202018682416e167
2.895042626524533e168
4.233048513688749e168
1.4341513254999049e168
6.147519696050019e168
4.006708765114075e168
2.6249536649976176e168
1.2048207843384744e168
2.1713984131760117e168
6.894649662024049e167
7.3240532938499475e168
2.1570496699228126e168
1.732463783209686e168
9.085385741301839e167
6.306635556071155e167
8.890264138733637e168
1.272884737800348e168
2.6826709745698294e168
1.8864804431384205e168
1.0927414115171876e168
3.6341007768347596e167
3.994842667156838e168
6.109684358085294e168
2.585211340390279e167
5.411610594301086e167
1.6864846241052949e168
8.820280964955491e167
1.7839587308228466e168
1.732878240810064e168
1.3249410075678445e169
1.609049460800998e168
7.136841714796787e167
9.673862605683992e167
1.5247366278777549e167
2.1183495609062293e168
3.0337263166838863e167
3.652040356608905e168
2.1382248683220185e168
1.3067687753260768e168
3.8380212153855313e167
2.3434838499433494e168
2.5278495501887227e167
3.7219913089879556e168
1.084719176556801e168
2.190784580506101e168
2.227296187955699e168
5.592336931294973e167
2.602056233656802e168
5.368695656115629e167
1.291879652521116e168
1.1500986843194975e168
8.09628338352715e167
2.135285364659652e168
1.7719126257797952e168
8.889821091184571e167
9.821595147372631e167
1.182049349818216e168
1.3992422721765702e168
1.7449075032864255e168
1.8273899572049456e168
1.2473589499337444e168
1.1002113335574905e168
5.358289081400001e167
5.051885292170816e167
9.206769612900156e167
2.4450493551137808e169
4.631700593290046e168
9.79851365870915e167
8.232666982934421e167
1.4112050925676473e168
1.303961739283418e168
3.119208495798941e167
9.138086786717684e167
3.150001033122056e168
1.9302837697060337e168
8.210816500957068e167
3.1188103869086855e168
4.586099979682936e167
1.3326582402083423e168
9.609006981634395e167
9.159728030144803e167
1.5541332050837901e168
1.9186776461531184e168
2.6593956834180765e168
3.7687515889674633e168
3.8830904472874977e167
9.654070096698423e167
9.115271101848269e167
7.195957599012403e167
2.84231852043064e168
4.3695039881768755e168
1.1321559491314478e168
4.611554653432157e168
1.063357779303893e168
1.0737439650838055e168
1.0166876664780192e168
7.62852360653157e167
1.0226320192942745e168
2.3827085013332074e168
2.8369096866009306e168
2.398864437878592e168
2.1414945292488394e168
9.695449156823656e167
2.1449051938540483e167
1.5173845188796886e168
2.2688911680052774e168
2.2749203971275597e168
1.4171350959692522e168
2.6669653729804696e168
5.563058862578824e168
4.544515783363786e168
1.425845349296717e168
1.030350248918789e168
1.253747652907447e168
1.8465643112574328e168
4.2013891807863725e167
5.786308458834635e168
1.034462143454224e168
6.187680126864521e167
1.4413343606283878e168
1.5465874795870866e168
2.849201979598717e167
4.398568382670358e168
1.4840651870825544e168
2.3940553545708263e168
1.3885668541916173e168
3.4184282770228736e167
7.207193272242572e167
3.4451921542665497e168
1.8337962386473459e168
2.309362098140895e168
2.6679128678304778e168
1.371694294921698e168
3.8173520631687875e168
8.39353006386032e168
2.6148137210227265e168
7.593093026705461e167
8.413169166099306e167
1.4349584525241196e168
3.034886261789482e167
1.944457923227477e168
1.8032604232639844e168
1.0065239360489509e169
1.831304424021082e168
1.2851214006708112e168
1.5920423748159863e168
5.832519184945226e168
3.104862168392145e168
1.60726129636038e168
3.831626483017192e168
7.071398581151209e167
1.4099499982632606e168
8.755203810678012e167
1.8062451443685019e168
4.133550276217698e167
2.807664860236909e167
6.050869474824155e167
1.7286166949674064e168
3.6176116836189963e168
2.764182068964283e168
6.534589371288788e167
2.489822249652105e168
2.3089024647862183e168
9.302801915464592e167
1.2476020155420607e168
5.618115195625794e167
1.0589133595543567e168
1.5245355446781236e168
3.403537027772177e168
3.656879301399527e167
2.5842585889789883e168
8.864309881832377e167
9.882074678685972e167
5.277969767446671e167
2.6531950852187265e167
3.945487076299778e168
3.446339384828932e168
1.6750195985335014e168
6.19228359668178e168
2.337170846099735e168
1.4032174024165684e168
2.1115730915336464e168
2.0679621393846327e168
2.9320567133960125e168
7.405697825155787e167
2.9462931502756782e168
1.1743459425051253e168
5.325795763219351e167
5.865369476114521e168
1.428244803880502e168
1.2799014111250552e168
1.1658031329517906e168
1.1799862798104793e168
3.774999961667471e168
2.1446542413994037e168
9.730188782768269e167
1.0492885076766343e169
4.3083191712974745e168
1.5210251189562037e168
1.546063258982178e168
1.4054363908750932e168
1.8095842543693836e168
2.3080627569302206e168
1.965523553817455e168
6.347813251009585e167
5.466239026887537e168
1.1279052080120345e168
9.820722028577734e167
1.7145369787311812e168
7.785519090841753e167
7.96043462883213e167
1.0241389723435128e168
1.690641359560529e168
5.0844377551189465e168
1.7457849796331837e169
2.420079864685883e168
1.3696478237616269e168
2.1913156505474345e168
2.9108124676591436e168
3.2610647628061232e168
7.222996454813904e168
8.874927433480281e167
7.791240426553846e167
5.195897034028222e168
3.826737710894858e168
7.269442886741013e167
8.57059000826841e167
3.7400967222918807e167
7.368375644534764e167
1.5543801068510429e168
2.079774779398964e168
2.471642693445632e168
1.826815929763533e168
7.58075105595481e167
1.5102648721314356e168
4.298701237520928e168
3.972538468328278e167
3.3996553394101426e167
2.868314935635081e168
3.0903638306147988e168
3.0917943686326395e167
4.428233129432974e167
7.784377006280516e168
4.572136823287583e168
2.7196142838298024e167
4.889359916398455e167
3.2949286199011615e167
2.7012936543104376e168
3.419568460920524e167
1.7932512949176722e168
1.9211710319965703e168
8.40226809364959e167
7.002949000744978e167
2.9233119112202197e168
2.2518763250464925e167
1.4299685863022838e168
1.2164533902562988e168
2.0752110174019607e167
8.011981501440694e167
2.677252704904706e168
5.854335949317955e167
6.172660997262133e168
9.967681427077844e167
6.038651817589272e167
5.924982935060793e168
1.5415699627014615e168
9.928811138018638e167
6.532263186481767e168
3.6150169581778996e167
9.214367353852014e167
1.0906569476267853e168
7.782643773115916e167
6.971477363227497e167
2.061010998229047e168
1.073276528034485e168
8.07480782305897e166
4.810754578716345e167
1.587110442643665e168
2.0177762533966634e168
3.237032641892505e167
5.547070418410407e167
1.9371384019401812e168
1.44529962507803e168
7.286371177727284e167
2.0883670616171244e168
1.086586217770804e168
1.5749314955238128e168
1.4886105527439553e168
3.3842694229421446e167
5.20526222779382e168
2.153848390401152e168
4.107589509452824e168
6.037269865210677e167
7.623518799413252e167
4.744299169403952e168
9.462479828141546e167
2.2092131798854618e168
1.0503957627271846e168
2.2814063235540218e168
2.191060942514633e168
1.1160149990295887e168
2.8881796219188432e168
6.115614410846378e167
3.128743595909192e167
8.95588909761692e167
3.6901265931651455e168
3.3692105179644106e168
1.5487184283620504e168
2.5762851244592467e168
1.21762009223148e168
4.570052342373098e167
2.6159723378673142e168
7.768958574536718e167
6.210668769518929e167
2.682599008557294e168
7.538995197170463e167
5.901612170208676e168
1.1661833141566447e168
2.6365330326880564e168
8.068393251091662e167
1.1795957050532757e168
1.7549021962255862e168
2.4126379130318856e167
1.9112510491984146e168
2.6110026092171175e168
1.761968892634924e167
2.1674102798178162e168
2.1336545143228155e168
1.6702255589850732e168
2.953996529315395e168
7.835946922230482e167
6.740051750253582e167
1.7482857001096562e168
9.423179148712022e167
2.46632359777979e168
9.11536672237222e167
2.3400412263892363e168
7.819906571977626e167
6.65519271577995e168
8.182771841610154e167
8.826372294953782e168
1.7836185291216632e168
2.9269294765982158e168
2.3538010552835564e168
2.443832437449794e168
1.3223997002057667e168
4.977993909243222e168
1.4448826154338746e168
4.7043996070389673e167
5.145919170651575e167
1.2783656655583842e168
4.212958423639041e168
1.3664899273211951e168
8.512380397319737e167
2.0975808457437712e168
2.2760267583321414e167
6.99829921083364e167
6.808212280661991e167
3.78247798287465e167
3.844125535891938e168
1.174051306791753e168
4.731454849714056e167
9.957155500101622e167
1.586316045639369e168
3.0909632177474533e168
2.2618137914849015e168
4.3058576913897375e168
4.6750155815999747e167
1.333812202530577e168
1.0428137568760613e168
6.319242192821349e167
1.5061356649939918e168
1.1439478780515797e168
1.2740895718689526e168
1.92503486352402e168
9.137260195053545e168
1.6508032968490744e168
2.822881967192885e168
2.228827969740801e168
1.2535634295698806e168
1.8318496838295357e168
6.173412022053042e167
1.5107209479120447e168
2.8462770703415345e168
1.0038893105863787e168
1.8221398630569092e168
1.7322387937909845e168
9.763620922506823e167
1.2492834063869934e168
1.8638587417321171e168
1.523143535794574e168
8.341532459020868e167
4.754896117224808e167
1.7134020875079167e168
1.514160553185625e168
1.0494766999657705e168
2.340639333122658e168
7.026194495711726e167
4.8166526067766235e168
8.532879252653282e167
5.1275089224650035e168
