1.1219997355123433e158
1.8166447201475606e158
5.602859041340745e157
3.279763798225982e158
3.929471995776444e157
1.1246049313826603e158
3.7445852038575657e158
1.6531387233116493e158
4.265091388221365e158
3.046998348148802e158
3.797239355780711e157
2.429886089812601e158
2.0711929429281013e158
1.3857040711508965e158
9.315694881402541e157
4.0415860855582773e158
1.6049698734856764e158
5.841184127506197e158
1.7831155726235048e158
2.064235327671763e158
2.407781931554259e158
8.511897260490935e157
3.051675430850912e158
3.6160311870783245e157
1.4024612395104445e158
6.665338818828186e158
7.981349463738192e157
2.778545476135385e158
1.1724835384806832e159
6.011305811030446e158
3.591324037877852e157
5.502624700269907e157
1.9076165064252256e158
4.346361773661699e158
2.4146425779205936e158
8.981491286727338e157
3.412278692325516e158
4.2844290617666414e158
6.583646166346972e157
2.2229843334600226e158
6.378250980434293e157
3.875326631790848e158
1.0048110202843631e158
3.7335259734393814e158
5.046089919518375e157
3.9407842966551684e158
3.1882048832207318e158
8.238230349780502e157
1.35165004416098e158
1.0853006097757537e158
1.152462267230237e158
8.710719693958007e157
1.4220498223368404e158
4.386042023742637e157
9.562550436320353e157
1.3547239693972082e158
1.5528664128931786e158
4.936701689792256e157
5.14933937172693e158
2.818538862294962e158
9.588533629378073e157
1.9830665891584952e158
7.977817964340152e157
1.7154643556789407e158
1.0405441544614858e158
4.813208252326122e157
1.0560468439197333e158
3.897681314816577e157
7.437608484524277e157
7.960059549722552e157
3.196629660312857e158
1.1407090259181848e158
1.1966503667758463e159
2.68087463499543e158
1.405393609435483e158
1.9904276122591707e158
1.8034819828101963e158
1.538856177458637e158
4.630592302052791e158
3.165932567836745e157
6.611630578266632e157
6.484880590168031e157
5.011648383209597e158
4.8626143172383773e157
1.244425822894005e158
4.3370118541527316e157
1.2231880961224822e158
7.061194287670434e157
2.061974113727335e158
4.4570487794723027e157
4.186805948867003e157
1.70384769632774e158
6.734038375727144e158
2.1317022353953372e157
6.072765613768163e157
6.159520573712512e157
1.904655299361314e158
3.602629014789355e157
1.9948962133767345e157
1.232387947715284e158
3.7734960688986734e158
5.155585827850839e157
1.0215140653427616e158
2.136455258441607e159
1.6129605269848744e157
1.1133978212034216e159
6.362678316695651e157
2.639367748884537e158
1.63869022481308e158
1.1083150893612516e158
1.585382759350575e158
3.909080381402142e158
6.26983987000711e157
3.56635437281932e158
2.077028149758535e158
6.27960211202007e157
2.099448233750305e158
3.9411802722171514e158
6.832842959388698e157
1.2694370615785725e158
8.30917297493467e157
1.6573074558292342e159
1.4702373646000186e158
4.748933954289184e157
1.0805834091509206e158
1.4703359264941203e158
2.67567189073775e158
1.0189342528854777e158
1.2409758712767294e158
5.293905241949627e157
1.8389899801875678e158
1.8017330071384747e158
7.21462621086561e157
2.2597139259999126e158
4.365574488323781e158
9.58562902537899e157
3.820328257518589e158
1.6044459995991284e158
9.439408190852059e157
1.9735239602718796e158
4.523580586737617e158
8.57746562219554e157
1.4829752297215295e158
4.6621010545564474e157
2.0561274980276293e158
2.020229288973638e158
1.448178358555875e158
4.462358397067497e157
1.6356380400842951e158
2.205265282834827e158
8.335347937763023e158
2.5428763953098184e158
1.0117902066787286e158
4.147810115655738e157
3.962509669052519e157
3.8947319265055552e158
1.0088475414821554e159
3.181898314084427e158
7.476376483467194e157
1.5821630988214088e158
4.721979118454957e157
5.954408900658901e157
2.8825148415419706e158
5.663502674596989e157
1.624617421954691e158
1.1800442454865133e158
3.627179016487536e157
7.151013366888402e158
1.1048759564944243e158
8.173329827848707e157
1.9591240454028259e158
1.421509331812786e158
1.281561598724873e158
8.467273945936037e157
1.102629290719482e158
6.398670430910129e157
2.647713816059271e158
1.608400047609147e158
1.237572056421996e158
4.2668967361985277e157
3.528368180288985e158
3.206535561402691e158
8.503550987619763e157
2.287284105399633e158
3.590765055433376e158
4.2381846186596125e157
1.8988401656917455e158
8.714315620569311e157
7.225025600411106e158
1.2347494879468727e158
1.1943846885567373e158
9.148226953675766e158
8.43461961617683e157
2.59983059020955e158
1.5251038612428344e158
2.0947737200107646e158
8.939921600090587e156
2.4354452003645765e157
3.5023222101183933e158
8.049705460902856e157
1.0467795713555342e158
3.022041822155693e158
1.372032199162242e158
1.445404419936882e158
9.680055886619878e157
1.2789518086804978e158
1.4216440729255797e158
7.109611140167273e157
2.6149387627014405e158
5.18644826596011e157
9.825886861775824e157
6.646758534020917e157
5.833973933457156e157
4.249298631514956e157
3.6427741021135536e158
8.267638042945739e157
1.138072184668368e158
3.860913219382658e158
1.2741993394426808e158
1.7379345866686334e158
1.7473081707084423e158
3.016999026074393e157
1.6552290022797555e158
5.806798673391132e158
6.028516333401334e157
1.4862296675481667e158
3.340387509392699e158
1.3495907595056106e158
8.703813001762906e157
1.4632037440815102e158
3.9605213204637996e157
1.0433399892263673e158
3.5352426416135467e158
1.7259114766004842e158
1.6803497285226554e158
1.5968217243506357e158
2.0301866997134098e158
4.3401655567046964e158
9.74587679550879e157
8.339861008115961e157
6.156073893004411e157
2.863747779496794e158
3.924824438272593e157
5.663874971850349e158
2.194851920673172e158
3.562636382256292e158
1.2671415241385725e158
8.097112928052984e158
2.1624464420182837e158
8.73030294927279e157
1.4896525284964192e158
2.841032623300665e158
1.2609311067536533e158
1.0377312163702356e158
1.7853185649625908e158
1.524692251456205e158
1.1476085918330924e158
1.4796673583084766e158
9.465146859465043e157
9.754624687575594e157
4.027016528193942e158
2.465438947833974e158
8.698193475686039e157
1.88295058655709e158
1.602946607429897e158
1.459716911567088e158
3.4617896126016644e158
8.354278465261186e157
1.729842010039043e158
7.595032110613072e157
1.805701929238803e158
1.0492808831377302e158
7.605435997117747e157
1.98977495597736e158
2.213033373611167e158
1.0747658211129427e158
1.608498333156578e158
7.600356656300528e157
4.71579977720031e157
2.5487829766153293e158
1.4362148048730617e158
3.9328394524444924e158
1.8764736866286248e159
2.5105891807046617e158
3.3992254122686027e158
1.2184570059577525e158
3.309257982189047e158
6.252132527485824e157
1.7072097360053142e158
1.9648565381339659e158
1.9271380802681642e158
1.7905485276296977e158
2.8931020627607905e158
1.1450027784542116e158
1.5490405375199114e158
3.3848922176532187e158
8.487302254164707e157
1.2142151213660535e158
8.678296930563552e157
9.624960367480033e157
1.1092497031523354e158
5.898542105152268e157
9.596329918250806e157
2.0741841631816136e158
1.5603464097390556e158
2.652945626377363e158
2.3265179803093875e158
1.320283280487226e158
3.987596899745306e157
3.3022386267535136e157
3.2873460550851223e157
7.891026253294057e157
2.0237855751329414e158
4.6905177958109533e157
5.009993557392646e158
6.367193044822792e157
1.5596066739298632e157
6.874071830081538e157
6.349825530619852e157
7.356042209570525e158
5.601043960060999e158
7.224822028678243e158
1.8857232951503034e158
2.246550405491415e158
9.835587161487491e157
6.817330109868654e157
6.631920282988199e158
2.9660134923702236e158
7.722246740353411e158
1.19938472822234e158
4.166432367483695e157
1.260572129456722e158
2.3563924759067266e158
3.0607562441622324e158
1.0046079177013426e158
9.296003005844392e157
3.361221158535942e158
5.649805983122424e158
2.9812464193197943e158
1.3450084222895708e158
6.269228171003537e157
8.964613382441808e157
2.8121342599923694e158
1.416874613492468e158
7.320941782597634e157
3.207152617259022e158
1.4728812153027758e158
4.7063346914363216e157
2.9623717945669e157
9.061173871160861e157
3.4498985623806253e158
1.0655472713172455e158
1.5137873203481986e158
1.3981195785999258e158
3.6295509896855027e158
1.449533702968287e158
7.755976850533713e157
7.745251359480535e157
1.171054956739634e158
9.210986356177244e157
4.3473426146955026e157
1.2941038680592424e158
5.71989066591771e158
4.684867337720793e158
9.533172392186305e157
2.3878079075568683e158
1.348709014020306e158
6.436992720128318e158
1.397345285326695e159
6.429333219246016e158
1.1536785416072608e158
1.57454778915461e158
1.7570833530714084e157
3.4120536002699017e158
1.2030615320530302e158
1.2545521054818894e158
1.8952673609583362e158
3.714782295799164e157
6.579526648400715e157
5.540055341105593e157
6.686210966865833e157
1.6571090305799656e158
6.896978551225076e157
1.1869656529285397e158
5.173754779873902e158
4.675834520733235e158
3.445498189333843e158
4.081459930447942e157
2.5092497132362154e158
8.581460469220551e157
4.380892617970689e157
1.6673540471621683e158
4.7542652970465424e157
1.730228645336651e158
6.604630875346521e158
1.9246315390523846e157
2.5182183437359254e158
2.658337048548538e158
1.7931951235690236e158
1.113010835520348e158
2.2130647112510378e157
1.9837124873887851e158
7.941799981147983e157
5.4834707704414784e157
1.6062413629043586e158
9.105448201395763e157
2.10999029899058e158
8.923559951101712e157
8.390551742707458e157
2.7847165517816136e158
2.334462615038983e157
1.3768069686664e158
3.7749224698465395e158
6.347750931796336e157
7.578664514298977e157
5.008540991780152e157
4.176333561786358e157
7.455264078902204e157
3.9067846648622724e158
4.781941101766687e157
5.880860476248381e157
1.4736964393243744e158
2.180090397832618e158
4.1299341202801527e158
6.19740050434825e157
8.409706876643544e158
6.279012731738154e157
1.649824947095481e158
4.397529253327579e158
1.528418004620944e158
2.3458810033738115e158
7.196113746086673e158
4.799682927711571e157
1.1567916619946525e158
1.1585847096508177e158
3.546188731997512e157
2.5982319229498874e158
3.124504101670982e157
1.1241581185507537e158
1.2556870588050343e158
5.654598689126003e158
1.3810963189427664e158
1.339334466435544e158
3.6889923145389803e158
1.2043539170878702e157
2.894765341646346e158
1.0345087405583143e158
1.858800105275879e158
1.569609408781403e158
5.4023360769710506e157
2.1051063307120102e158
1.7667130880296864e158
4.132888499789264e158
6.416382814604408e158
7.04174470165256e157
6.420581027881658e157
6.670580593048974e157
1.6467486001071244e158
9.645405793995688e158
3.316142181153844e158
1.101002027468941e158
1.5451285580554198e158
2.223833296066042e158
2.968919967962134e157
7.52658851610852e157
5.353194389380813e158
2.7243480206879623e157
1.6435701717567198e158
8.351660319150957e157
2.480185894677237e158
1.1040603958085642e158
1.2820573357718837e158
4.210825967463628e157
8.491235039264192e157
3.120344967283854e158
8.988649346411799e157
8.109194781356968e158
3.2631134268628136e158
8.717760492971238e157
1.2328138438443029e158
1.5070880976244298e157
3.8936078535599234e158
4.0234337924592453e158
1.4457484854332395e158
2.1773443303818556e158
7.120622730202356e158
1.5899171795162641e158
2.0138867068239763e158
3.878352220311106e158
1.7938327596325194e158
6.863933583243599e157
1.8410520853874069e158
2.448628519167757e158
5.708847085979939e157
1.120203883537872e158
7.280954941614867e157
1.8162761281666492e158
1.8826293973731067e157
1.2035669390799711e158
1.2803316212576102e158
1.819945144519381e158
1.3245900084965456e158
1.4814871962681568e158
1.1602318044132368e158
1.0270223322592492e158
1.9429131567237678e158
1.5988544296812828e158
3.092067191034479e158
3.1424417779412745e158
3.5813829752486895e157
4.73806984143351e158
5.957461965715453e157
1.723034336551838e158
3.7349470333915793e157
8.304245718829234e157
4.026608271640586e158
4.325331134609292e157
3.53866469943351e158
1.6516166399367997e158
1.0215972064783133e159
1.8086964637889242e158
7.470901497656489e157
5.930980147676742e157
2.237302071072889e158
7.351267426457891e157
5.556174511558295e158
1.1694454236512236e158
7.96408929228616e157
1.47287049234541e158
1.2329663107472531e158
1.0692061702780027e158
4.5491758991171756e157
1.9179366349302802e158
2.467028846148893e158
1.2968202534134546e158
3.559782838739595e158
4.86672330060964e158
2.69957359021799e157
1.069364949801074e158
4.586337719863152e158
2.1082806270808461e158
7.50107654437028e157
6.936009033408943e158
2.0180316110572018e158
7.584932082644413e158
3.426909403337499e157
2.998173851152156e158
2.1094734905166827e158
5.3301733669883145e157
7.802848062723975e158
2.2762914897629177e158
1.664347764120884e158
2.263073392466746e158
1.6750456154493773e158
4.640690365443132e158
2.1486827088137288e158
9.470968336762385e157
1.4555166209075733e159
1.5644037249237898e158
5.443359387827856e157
1.0737325954045929e158
7.077751627570899e157
3.194863779519412e158
2.5085390418997357e158
3.8401770536820535e158
2.502094642334924e158
1.348052170730311e158
1.8570856108003553e158
5.39204551449559e158
5.563624041738315e157
8.599122786033571e158
9.166337644655006e157
2.883514493403519e158
1.5928497036700273e158
9.541496902954559e158
4.495597976620174e158
6.237978854503322e157
1.6519347267811245e158
7.549141718201666e157
3.7320205325239974e157
1.1627069860764336e158
5.056966686821339e157
8.112853841782951e157
5.288194669009687e157
3.027297096182456e157
5.2942056523110515e157
5.1992751954634306e157
8.364692241793124e157
2.5617538300863754e158
3.656989228841787e158
8.68811181297131e157
2.4225338385629875e157
1.0756772813819854e158
8.393013698356967e157
1.3143460838920445e158
4.675719453478565e157
1.1997897404632543e158
2.523059424574037e158
1.4302397698775804e158
1.7275078452913025e158
1.9633214743410067e158
2.964431928416197e158
1.2207838319192e158
1.1788877428808181e158
1.390263277589576e158
3.377482647758733e157
3.7954537663429177e158
1.7955466712630961e158
4.2795626318844796e157
1.1387899196204871e158
3.158210044513459e157
7.980559562642428e157
5.95861863317537e157
7.531659570028926e157
6.89326262445625e158
1.1635093089333418e158
3.1451306942331826e158
2.001420498115831e158
2.727103515443508e158
2.9816165563965273e158
6.241492682138397e157
7.337673954640508e157
5.840755227762796e157
5.764668073964868e157
7.156812943214516e157
8.29878957056838e157
1.7001761007414911e159
6.448389614146487e157
6.275313988086617e157
2.216239207996564e158
4.0855348189118797e158
7.254062136886616e157
1.4737572026362023e158
1.1971334707968333e158
3.923295318593976e157
1.8196488853602531e158
3.1315807892582224e158
5.3757400733935006e157
2.519642715690998e158
3.2199341404310488e158
4.410404402073901e157
1.8130856703003401e158
7.255232549042284e157
1.3761786080508485e158
2.960981805781543e158
5.420191773396158e158
6.429196515587877e157
1.5509608344488742e158
5.63376315762302e157
6.539852405394589e157
3.84421427633019e158
6.491852390632656e157
4.546488186790807e158
1.1480984072354633e158
2.462280630213925e158
2.657446736183338e158
2.493569676174681e158
5.086708115182218e158
1.2570217699484763e158
5.708264735846296e157
1.7394196317149398e158
2.3413131246532546e158
4.65955199787037e158
1.0369994514649372e158
8.872647185259802e157
1.4939258989003965e158
4.2221853447726305e158
5.2941632498950605e158
2.626392459425737e158
5.300558224731013e158
8.81464724647032e157
2.8606200794766917e158
1.0366689114415333e158
3.699117597675541e158
6.52067628046439e158
1.365493952567709e158
2.8238826755246605e158
3.4720605939989176e159
1.77455740493204e158
6.9929954832128965e158
6.012142767286169e158
1.9438891953811072e158
6.447341690785746e158
5.967211645393245e157
2.042006100998258e158
2.342366870849139e158
7.525290897686581e157
1.4211865113127145e158
1.0667036863551673e158
3.2258569106726826e158
5.10565007615974e158
4.139727054885482e158
1.450873302390288e158
9.659014318574259e157
4.945654466493106e158
2.075534220517918e158
5.835997946250717e157
3.1382816287072865e157
3.673200247872795e158
2.0726934892423389e158
1.9438566804386598e158
1.7946064162016085e158
1.2855143864699537e158
6.528568237133504e157
4.738089490128286e158
2.0018775673547877e158
5.276640170163589e158
5.662959061773613e158
1.2409052050879857e158
3.246584966805409e157
2.8602978865703616e158
1.5398263422830152e158
3.1098898962797293e158
7.435060976015796e157
2.681099101990809e158
8.927115861346818e157
1.1017557236673046e159
2.747338640161999e158
3.4475372529591284e158
8.299089960030615e158
8.581761622650479e157
2.0458403804361606e158
1.187298584927169e158
7.156167015927352e157
3.408221439741e157
6.924902373358705e157
1.3645326583387545e158
6.828998243839994e157
1.0483137135431166e158
5.125852683874754e157
5.485711972345731e158
1.2532799360839156e158
8.952159543823369e157
2.812439324840088e157
4.5435285658224133e157
9.349058514660198e158
7.700960434381965e157
9.441841996901316e157
2.5491788797293124e158
1.376054303112181e158
7.364233948749473e158
9.401072613831156e157
1.512472341075071e157
2.6587723512002365e157
1.5514417278172291e158
6.800059798099481e157
1.30391842640128e158
6.186493502376043e157
2.932431759439537e157
1.0061373902544357e158
2.2387783252064157e158
1.1491692770056438e158
4.974823233179096e157
5.863930137014905e158
1.8813959838343408e158
1.6190895964896458e158
3.731281397276768e158
1.8945755052383652e158
7.223663818728959e157
8.86146172234155e157
1.5654720191126649e159
1.8002904763052025e158
5.271159279923156e158
4.391901141661274e158
2.9150510824038945e157
4.7052497178199294e157
1.0179152816487293e158
7.172157178356383e157
1.6407959701875599e158
7.730122673339391e157
4.505788627566921e157
3.8046230034347097e157
6.171917630421247e157
2.808235184435962e157
3.1109629242967764e158
3.474037858059476e158
8.093347533959905e158
3.0823043727362727e157
6.389528962339064e157
1.029324448037825e158
3.063531251607651e158
5.395149942492211e158
1.4536629489423603e158
5.797900892387153e157
1.258972812918752e158
8.137805588984009e157
3.723750978712723e158
7.946094833129058e157
7.006261091861748e157
4.012573188312918e158
1.3847996245429272e158
2.0554243751174403e158
7.969035033597895e157
1.6665587618029058e158
1.1086341797483893e158
6.698762561576247e157
8.630393084674657e157
3.9471366708192914e158
9.897711984597172e157
1.6008840275698063e158
4.479056361610565e158
8.641331414750154e157
8.837749775549734e157
4.8062998517828095e157
2.0807795682162624e158
4.793353250564287e157
3.32019463439861e158
4.677040645319574e158
8.531238209860912e157
5.731150178120145e158
6.361447891704744e158
6.0939462567123e157
6.26561751594616e157
1.5898052306019853e158
2.252728443392796e158
1.637071539543392e158
7.342140125271783e158
2.8935588986020447e158
5.988770172564804e157
1.3077430856867333e158
5.476626265145972e157
6.53258078477925e157
4.6733103971997067e157
3.375510109510497e158
5.114589213571066e158
1.5448878188719823e158
2.463454772156037e158
6.314696277886332e157
1.329445533541723e158
1.4859720835716224e158
1.7907069986835915e158
1.378913864441299e158
1.6443842702065768e158
6.983243931059003e157
7.980651579655194e157
1.0461922701677663e158
1.7146193613632317e158
4.4350454706311414e157
1.166749930967503e158
1.3774221943643077e158
3.401471492041101e157
2.6643947484308463e158
6.43379262965932e157
6.037260602833994e157
1.1105663493128038e158
4.349984389975621e157
1.3834831883078914e158
2.5770160341852827e157
6.086502537516943e157
2.5452800674205228e157
1.4086964759392676e158
3.8689100451988576e158
1.7132267966102877e158
1.0001370810211184e158
7.322368575056742e157
1.2466849237543556e158
1.4014151695563182e158
5.544933417875355e157
3.921480129249507e158
1.0840621458069698e158
4.968576665576385e158
1.6284751688607125e157
6.055013712656108e157
2.569696162487018e158
6.931683477830312e157
3.14888732150183e158
2.1014756091009453e158
2.4890515637953454e158
1.1515126995954094e158
2.5492929988014287e158
1.2517603055867686e158
6.22514159945773e157
7.524394160507328e157
7.969345713241111e157
2.994799524847219e158
2.1545950200765892e158
4.461218420029215e158
2.2212279866975564e158
8.202740414261428e157
8.8284185072243e157
1.4907553429484998e158
6.376658383412855e157
1.6369423664460493e158
2.089922078943787e157
1.5526510105168747e158
9.39765530865421e158
3.1890493554351835e157
3.2154790016752964e158
5.213811321406199e158
2.038424508396467e158
4.6495124833507e158
9.680670850934028e157
1.188504129349532e157
4.997230657372797e158
1.2635874027331373e158
1.759850076183538e159
1.693773342673052e158
6.105574487746474e158
1.9302737122757253e158
3.9304325467879164e158
1.512715555731364e158
1.684011330108977e158
3.598125618341371e157
3.5666244212340873e158
1.6653246003707033e158
2.8783332384800315e158
1.6320017888572237e158
4.647041648047808e158
2.5395397531365384e158
4.753671190193859e158
2.261362091373141e157
6.547017563002788e158
1.0676929851781705e158
5.4681273076539756e157
4.966364463599034e158
5.641831059779688e158
1.6100877920224497e158
9.932264888589371e157
1.3487615584918747e158
1.0322836053582613e158
3.564625084689214e158
2.2969131638028714e158
3.5009804982374215e158
2.7229040142417993e158
3.2536799755302e158
3.6357901144727536e158
1.385441407004534e158
5.300770637666872e157
4.7044924286705786e157
1.5559464908888829e158
5.709154115339214e158
9.085013878176608e157
9.840888346721786e157
5.088735249387684e157
6.41873696745182e157
8.147018302052838e157
1.814142882647555e158
7.01945013871567e157
4.078976714269179e158
1.919519067343001e158
1.391503690441758e157
1.2756427792199475e158
1.0644391776750344e158
6.580947857573561e158
6.75453214128279e157
5.279529408661193e157
8.04204492437039e157
1.4018156587431367e158
1.0608851909131565e159
6.719744119381421e157
7.109213113766578e157
2.647096659826242e158
2.1658441839282596e158
2.730383248191529e157
3.2150596738044505e158
5.119464366215173e158
6.382160666785723e157
6.414063212141045e157
3.7286394016447887e158
5.042150514849784e157
6.732536675431196e157
1.4263736140803598e158
4.1450709085634985e158
8.220420887607784e157
2.945559985071165e158
3.810465352904564e158
1.2910124388996176e158
2.1083739838902168e158
6.61752806890649e158
9.362440078023855e157
6.372197767312616e157
2.6670816840211513e157
2.3258613735467325e158
3.250692131988612e158
7.084194951595036e158
4.5484975820764116e157
4.958583957884991e157
1.151478063521672e158
3.816208423836152e157
2.5622815185610715e158
1.158625912519836e158
2.530562462202801e158
2.0961810397906687e158
1.5870820733925401e158
5.667817426276639e158
2.8022942562333007e157
1.4595188711190897e158
2.6134042382075994e157
2.3900492660563546e158
6.544729840057874e157
2.1102390100525589e158
8.570135733690411e157
5.435717256385959e157
3.6011942252826653e158
4.636491332319028e158
1.0415894620119261e158
9.601565553413869e157
8.754718469477684e157
2.60441425179528e157
8.899827276032415e157
