1.1989353456e10
1.2368007385e10
1.2227258592e10
1.7045220466e10
1.470222716e10
1.247851428e10
1.8811388223e10
1.0829780052e10
1.19183943e10
1.1718690344e10
1.5020337484e10
1.3594093585e10
1.413476604e10
1.267725496e10
1.750107963e10
1.2979337968e10
2.634613992e10
1.1254339624e10
9.559018144e9
1.010400426e10
1.2521551092e10
1.461287728e10
1.9003122912e10
2.5834844376e10
1.5211818348e10
1.8197123352e10
1.9241617176e10
2.102151672e10
1.8451024158e10
2.911124192e10
3.0192635034e10
1.4442839614e10
1.1883220392e10
1.9085199104e10
1.303174161e10
1.4497535168e10
1.3992085562e10
2.1875656834e10
1.2226742244e10
1.4136355212e10
1.2690443925e10
1.4788515432e10
1.5023322016e10
1.3011394064e10
1.2912880206e10
1.6932942064e10
9.787715352e9
1.9236826872e10
1.8102598832e10
1.1530125542e10
1.6590199368e10
9.271201819e9
1.239760701e10
1.2273173034e10
8.253482498e9
9.6125703e9
1.4241895272e10
1.287006072e10
1.8856745494e10
1.357301496e10
1.6170579981e10
1.0784954955e10
1.1970761811e10
1.3913419446e10
1.6195068865e10
1.4863828622e10
1.340840247e10
1.5020521704e10
1.196194392e10
1.8882491802e10
1.0224692517e10
1.4164223784e10
1.6221952608e10
1.134091737e10
1.319997591e10
1.2944997864e10
2.4455825676e10
1.6624150731e10
1.734254999e10
1.4650254296e10
8.480455887e9
1.8958424562e10
1.3980965236e10
1.816206735e10
1.9617437712e10
1.2664486368e10
1.3985931096e10
1.3961825144e10
1.7590404784e10
1.1693176122e10
1.3723613234e10
1.1231494e10
2.4287885706e10
1.9875051912e10
1.5018089021e10
1.3464469536e10
1.399714836e10
1.1701927128e10
1.710203292e10
1.3902064224e10
1.5673374282e10
1.6296250746e10
1.3119334108e10
9.957219108e9
2.7482310524e10
1.3635949896e10
2.0012440308e10
1.4173281448e10
1.207142437e10
2.251447184e10
2.3310554224e10
1.9856220621e10
1.5470479358e10
9.889005988e9
1.4465207916e10
1.899660687e10
1.200145501e10
1.9431172326e10
1.2652210472e10
2.1978620416e10
1.1435793256e10
1.2804654696e10
1.3141893101e10
2.417449365e10
1.1118753074e10
9.997975533e9
1.1819640728e10
1.117726524e10
1.0990989848e10
1.4335516547e10
1.4679677432e10
2.6718511396e10
1.2205244228e10
1.5332499102e10
1.5439958412e10
1.4242037864e10
1.3769493628e10
1.4948998088e10
9.513854956e9
1.0638927096e10
1.6739872888e10
2.189273752e10
1.2653078617e10
1.8328692272e10
1.3583961674e10
2.1570987656e10
9.808397784e9
2.093923212e10
1.4368341734e10
2.2666898218e10
1.6115542606e10
1.5447802081e10
1.5829039364e10
2.2732499076e10
1.078787862e10
1.458837183e10
1.835062232e10
1.1124796416e10
1.5010572712e10
1.4944215056e10
1.3361125604e10
1.4458312085e10
2.0357654976e10
1.194609298e10
9.315256604e9
1.418046534e10
1.6816176212e10
1.8608472521e10
1.2260010222e10
1.6484240265e10
2.0004301224e10
9.3618461e9
2.1935033664e10
1.6170432368e10
2.286531788e10
1.2613500924e10
1.3354431132e10
1.7681437356e10
1.808674752e10
1.6509006669e10
1.632560988e10
8.561998747e9
1.1852892744e10
1.0606331778e10
1.8482350752e10
2.08001214e10
1.8760693728e10
2.390481596e10
1.690375994e10
1.8723524071e10
1.9977861004e10
1.4679920122e10
1.4213316432e10
1.1802743308e10
1.1298006288e10
1.3503340335e10
1.2515620347e10
1.8965655072e10
9.750813489e9
1.2789429852e10
1.7679597168e10
1.867727322e10
1.25090533e10
1.2274887732e10
1.6823078654e10
1.3624169664e10
1.278014112e10
1.790441322e10
1.5078144605e10
1.8833528892e10
1.3768906506e10
1.6108537572e10
1.099560096e10
1.1300935088e10
1.9675797432e10
1.9987720432e10
1.6420021632e10
1.2657009888e10
8.645692568e9
1.2740299672e10
1.3879633992e10
1.2637449234e10
1.1738979217e10
1.6987208204e10
1.5153824288e10
1.1313208352e10
1.386646472e10
2.026397412e10
1.3738407258e10
1.4307665956e10
2.2698430944e10
1.1488440528e10
2.086396714e10
1.5956340576e10
1.4478425626e10
1.8000773402e10
1.6272436345e10
1.7742570424e10
1.8248110542e10
1.3154630342e10
1.8489698143e10
1.3469660356e10
1.4972646792e10
1.5208377215e10
1.4679227136e10
1.7836444992e10
8.391442177e9
1.5990258632e10
1.3012858006e10
2.0289428216e10
1.2565579752e10
1.6371462018e10
1.304027729e10
1.7612140752e10
9.63274332e9
1.157929203e10
1.6001493768e10
9.235999648e9
1.2978631928e10
1.2705011442e10
2.1551033128e10
8.664690164e9
1.7054316672e10
2.1412596114e10
1.2368644599e10
1.1963883e10
1.1431063376e10
1.9117187058e10
1.4737897548e10
1.3254480548e10
1.269655392e10
1.2705594516e10
1.473392778e10
1.1293671417e10
2.0408553752e10
1.9381557396e10
1.344903084e10
1.4754821331e10
2.5123721568e10
1.6500573968e10
1.6468368632e10
1.2913448496e10
1.0057918712e10
2.0626273496e10
1.58291394e10
1.3458425526e10
1.2429684401e10
1.3008291714e10
1.795511298e10
2.201983002e10
1.1902947573e10
1.7959377796e10
1.4409051214e10
1.283963184e10
1.7598914725e10
1.8555461158e10
1.527675064e10
1.5190406854e10
1.0632073245e10
1.8879299764e10
1.338183722e10
1.8556839025e10
1.2031169392e10
1.8231361152e10
1.0439197954e10
1.062674543e10
1.4524758852e10
1.4744366568e10
9.406588689e9
9.902484934e9
1.214919214e10
1.2186214455e10
2.4283210728e10
1.75778512e10
2.4224589688e10
2.0787777384e10
1.160006987e10
2.0482419362e10
1.2761219998e10
1.5961440704e10
1.3581140859e10
1.3701389436e10
1.32156291e10
1.9744481592e10
1.0257443958e10
1.7421804708e10
1.5590300472e10
1.5195549416e10
1.4515218308e10
9.45816029e9
1.7791526016e10
1.7999589783e10
1.9091361443e10
9.289540292e9
2.4089601056e10
1.9887452832e10
1.530226075e10
9.254507845e9
1.7709174e10
1.7411292468e10
1.2237035712e10
1.8210715254e10
1.3561346808e10
1.0126049916e10
1.2529304756e10
1.1926366915e10
1.1389163702e10
1.2291247644e10
1.1313330548e10
1.1717238764e10
1.7139250052e10
1.5383808808e10
1.3583539572e10
2.0228325985e10
1.2358804056e10
9.457034904e9
1.7600617636e10
1.2035207444e10
2.7949746316e10
1.2770536489e10
1.464941646e10
2.5924377861e10
1.5120021248e10
1.617870232e10
1.275190036e10
1.7757938391e10
1.2847995468e10
1.265491995e10
2.031368032e10
2.5341690264e10
1.531487496e10
8.51157244e9
1.2472334682e10
1.6010183001e10
1.6894439056e10
2.7001362892e10
2.1536618796e10
1.6907456e10
1.0871375876e10
1.4908209866e10
1.7040792268e10
1.6890751834e10
1.253639274e10
1.1860422317e10
1.2301021371e10
1.2316250731e10
1.585808575e10
1.2620527485e10
1.929347124e10
1.5576385184e10
1.9181532372e10
1.6777527908e10
1.217846083e10
1.2864342741e10
1.5742964908e10
1.477067192e10
1.8668153872e10
1.0927131872e10
1.3596644142e10
1.4792896342e10
2.624370336e10
1.8355430296e10
1.9210764288e10
1.0729379614e10
1.0069954448e10
7.03282606e9
2.0869316288e10
1.252922793e10
3.113307664e10
9.791075114e9
1.8941379812e10
1.1362018518e10
8.956036336e9
1.9789815072e10
1.0265352496e10
2.4487967664e10
1.537696197e10
1.6609529864e10
1.655937962e10
1.9546374908e10
9.972411717e9
1.8811235232e10
1.2390260116e10
1.7782606674e10
1.6641234744e10
1.5960362884e10
1.1722484026e10
1.6311232588e10
9.718623126e9
1.6333481634e10
1.060424236e10
1.5468176928e10
1.1848722144e10
1.1406684785e10
9.46999212e9
1.62839097e10
1.7268823708e10
1.696613568e10
1.804040595e10
2.1918658148e10
1.4828518308e10
1.4357840146e10
1.0744927191e10
1.4899932917e10
1.3196392646e10
1.7552009368e10
1.4331339972e10
1.4098432252e10
1.5152064552e10
1.215054927e10
2.0289349764e10
1.7603385756e10
1.4665220752e10
9.506793299e9
2.0623871536e10
1.7074679256e10
2.0353997976e10
2.097201696e10
1.5746038768e10
1.680140656e10
1.2509529376e10
1.5509053872e10
1.0522796707e10
1.3136488792e10
1.9617351795e10
1.266257591e10
1.4079488842e10
2.2945504208e10
1.281969417e10
1.558839895e10
1.289767858e10
1.1711688142e10
2.5550080884e10
1.8997821976e10
1.042853637e10
1.3086809776e10
1.4907555402e10
1.6222777952e10
1.4856927378e10
2.097335588e10
1.1272731464e10
1.394560606e10
1.606593293e10
1.54018389e10
1.0885394066e10
1.4120985556e10
1.5309324154e10
1.6747963968e10
1.6464221367e10
1.1566901628e10
1.5459100452e10
1.6880123368e10
1.402104216e10
1.570382806e10
1.481386128e10
1.4912375578e10
1.7983945002e10
1.4417042128e10
1.117326944e10
1.0647688358e10
2.0323123588e10
1.1000987016e10
1.731253624e10
1.5321690076e10
1.4367935388e10
1.5210771406e10
1.7017213416e10
1.8449993036e10
1.7784548288e10
9.7947128e9
1.237915044e10
1.339251183e10
1.3331194758e10
1.2960019074e10
1.9872437536e10
1.63254197e10
1.6471777354e10
1.806649904e10
1.6593124752e10
1.3234134272e10
1.4384000952e10
1.6014868886e10
1.4816042395e10
1.0446111975e10
8.623328373e9
1.2216411681e10
2.5012248144e10
1.1688783888e10
9.16618151e9
1.649330532e10
1.1672113936e10
1.550395751e10
1.7044617732e10
1.3609122854e10
1.1482829404e10
9.332646498e9
1.325533279e10
1.4332917364e10
1.3451323788e10
2.0364237552e10
1.8509253832e10
1.3837333412e10
1.81642634e10
1.6485259518e10
1.017495199e10
1.7717752548e10
1.2537495968e10
1.484198304e10
1.4523928436e10
1.321028237e10
2.09764831e10
1.4176033158e10
2.4458602713e10
1.4781714078e10
9.797177428e9
1.5437113344e10
1.2258863036e10
2.4569768628e10
1.4570071668e10
1.0122143608e10
1.8718268388e10
2.181951877e10
1.3747394316e10
1.57465954e10
1.3407225168e10
1.55193131e10
1.5884950812e10
7.751828296e9
1.9276542948e10
1.7239604768e10
1.3293942298e10
1.222961739e10
1.2757572615e10
1.5759274056e10
1.9422097904e10
1.57536332e10
1.8973380593e10
1.5464279472e10
1.306185164e10
1.460164437e10
1.1202018972e10
1.5432135132e10
1.5005125648e10
1.4377504706e10
1.6234271964e10
1.4985932472e10
1.8579486504e10
1.795392747e10
1.2008938135e10
1.4767049868e10
1.8409932436e10
1.073678436e10
9.702909872e9
1.5668144737e10
1.469907648e10
1.3375716704e10
1.4028153444e10
1.6622078995e10
1.4627218864e10
9.91959858e9
1.4636794832e10
1.0636869056e10
9.389316474e9
1.1693763526e10
1.3209104556e10
1.516311198e10
1.3400767291e10
1.6592287276e10
1.3350634552e10
1.5448278222e10
1.146262522e10
1.5464312028e10
1.8176105024e10
1.5525095028e10
1.1143557695e10
1.46357604e10
9.912883588e9
1.47338607e10
1.2729682356e10
1.2695033294e10
2.7874368672e10
1.6906915278e10
1.7171806096e10
1.350162735e10
1.2735727798e10
1.2197453524e10
1.8378110916e10
1.7946352896e10
1.4546363208e10
1.499041518e10
1.5002627328e10
1.7835241668e10
1.1927618506e10
1.2543799078e10
1.82898338e10
1.4261989752e10
1.5903113928e10
1.0923952904e10
1.2662868858e10
1.5398011728e10
1.268332606e10
1.2763959946e10
1.8058810648e10
1.0882529838e10
1.8288652748e10
2.3270270544e10
1.305808451e10
9.484052802e9
1.0398360216e10
1.694640134e10
1.0731408998e10
1.6500089904e10
1.4937880984e10
1.7265040416e10
2.3551864834e10
1.5910761762e10
1.4468741122e10
1.526328232e10
1.175857188e10
2.8631515392e10
1.3913698648e10
1.6129337128e10
1.4454194624e10
1.4042161952e10
1.2037467404e10
1.5292062222e10
1.5305948816e10
1.193656594e10
1.4589137124e10
1.2108149584e10
1.3049946336e10
8.845967706e9
2.7452294928e10
1.3132114676e10
1.4422380664e10
1.3052222044e10
2.249499084e10
1.342095124e10
1.5024033528e10
2.3319515808e10
2.0105941476e10
1.2629566992e10
1.0636092194e10
1.2796315904e10
9.207863676e9
1.2342189988e10
8.894255164e9
1.7565150168e10
1.8212166518e10
1.2695130644e10
1.2211736742e10
1.38377367e10
2.1955220368e10
2.127336759e10
1.2428986604e10
2.177431724e10
1.33336206e10
1.440600116e10
2.0264169048e10
2.4872339188e10
1.4766915862e10
1.63380916e10
1.4302311786e10
2.0159571792e10
1.7408527734e10
1.4663759236e10
1.5766505904e10
2.2897017792e10
1.094020032e10
1.1643850506e10
1.8795379056e10
1.7422596894e10
1.6425309579e10
1.1758822632e10
1.5543846969e10
1.0120114974e10
1.120676822e10
1.9524367088e10
1.692841146e10
1.1807556666e10
1.0373507082e10
8.355060177e9
1.4557227218e10
1.2036990423e10
2.6506379992e10
1.3991209614e10
1.1703611188e10
2.0687012044e10
1.31964504e10
1.1748218832e10
1.1221578206e10
1.2538706656e10
1.4930639572e10
1.1809157888e10
1.912621603e10
1.653560484e10
1.298064561e10
1.4955080658e10
1.157251998e10
1.3315431735e10
1.2400372965e10
1.1406866712e10
2.1227151456e10
1.4094029815e10
1.3933696488e10
1.7454262125e10
1.2833154289e10
1.8987120137e10
1.3677948168e10
1.4693890176e10
1.530282055e10
2.4204023868e10
1.486000029e10
1.3954239408e10
2.1900135448e10
1.5222687312e10
1.3733224524e10
1.0920551614e10
1.3147188328e10
1.3159233752e10
1.8275496372e10
1.9899509842e10
1.7878563696e10
1.9948804728e10
1.0843618797e10
1.0584971516e10
1.6365593164e10
1.5707173248e10
1.8684939412e10
1.91750836e10
2.8037439744e10
1.3349890436e10
1.048642656e10
1.8034518588e10
1.6709348024e10
1.4015555436e10
1.3878971332e10
1.5175495392e10
1.8217307142e10
1.4618729304e10
1.3460099038e10
1.4001948336e10
1.540753333e10
1.4954806712e10
2.0010351564e10
1.1702247606e10
1.5814281102e10
1.9343128476e10
2.0197358272e10
2.2903521948e10
1.2467690896e10
1.4883651586e10
1.7499358065e10
1.7283502104e10
1.2911758374e10
9.680272448e9
1.8239871856e10
1.2133540972e10
1.4501601513e10
1.6136491e10
1.680093968e10
1.6838185834e10
2.6837000064e10
1.4254419286e10
1.7127617793e10
1.252570122e10
1.5077407071e10
1.4968915184e10
1.3106024892e10
1.6230387256e10
1.3788018927e10
1.5944555118e10
1.0127586634e10
1.9612876664e10
1.902019616e10
1.0344699004e10
1.7902777696e10
1.1337369312e10
1.8112577481e10
2.4770897712e10
1.918673119e10
1.3081458024e10
1.1546413018e10
1.053538272e10
1.298659764e10
7.882769386e9
1.137821996e10
1.9262232144e10
1.6419215364e10
2.1177614808e10
1.0700996586e10
7.450402524e9
1.5704966496e10
1.679191747e10
1.0591384324e10
1.9642282704e10
1.2381313626e10
1.3832348424e10
1.349937536e10
1.4271491415e10
1.4617212141e10
1.7892140064e10
1.4798026376e10
1.6219304976e10
1.5236556922e10
1.2320406957e10
1.8343231423e10
1.4457532902e10
1.391917888e10
1.2606993628e10
1.588742926e10
8.824531768e9
1.4139701088e10
1.013709828e10
1.3560161702e10
1.3301039796e10
1.3169392641e10
1.5472482384e10
1.4748184106e10
1.0898616724e10
1.6065866604e10
2.0045500412e10
1.0918765788e10
1.096804536e10
1.4424461688e10
1.807891325e10
1.3931798487e10
1.6118287176e10
1.4352733212e10
1.1455359752e10
1.5460176918e10
1.9377353736e10
1.3985582366e10
1.3473947632e10
1.5178934592e10
1.607601743e10
2.331007038e10
1.8904355414e10
1.7992834344e10
8.790971748e9
1.3722652964e10
1.7360095e10
1.7258603216e10
1.6493054928e10
1.649825976e10
2.0644669524e10
1.322320254e10
1.2479546001e10
1.2321494304e10
1.135210961e10
1.423221493e10
2.0198625248e10
8.599352796e9
1.3678949938e10
1.7662857304e10
1.351853192e10
1.7388638212e10
1.3506322836e10
1.395907592e10
1.1880275868e10
1.4136774042e10
1.4636582339e10
1.5631526067e10
1.5452499184e10
1.1066069896e10
9.33643724e9
1.6073720516e10
1.469186361e10
1.3900094192e10
1.3198394008e10
1.951912449e10
1.600855172e10
1.6565492818e10
9.250665912e9
7.314355782e9
1.2195891314e10
1.5000038616e10
1.5561026272e10
1.270867944e10
2.2528342656e10
1.411552305e10
1.6088864492e10
2.0029425096e10
1.030623841e10
1.2438347888e10
1.8697479801e10
1.4434795579e10
1.0420145572e10
1.3990316448e10
1.6756081988e10
1.1977001556e10
1.219480542e10
1.8970978296e10
1.1623864875e10
2.3304022504e10
1.3253436842e10
1.568224245e10
1.28291106e10
1.281165936e10
1.524237736e10
1.1955907253e10
1.941575499e10
1.533094635e10
1.7821026642e10
1.7601208312e10
1.5627009081e10
1.9612962704e10
1.398997364e10
1.3277166912e10
1.5294703814e10
1.790713768e10
1.2617776164e10
8.551837704e9
1.3229471168e10
1.5410104804e10
1.2782542424e10
1.7598122595e10
1.7104289808e10
1.0471876488e10
2.0514714464e10
2.6867598026e10
1.8041243654e10
1.4693984068e10
1.248486135e10
2.273480044e10
1.1615178944e10
2.6246434068e10
1.4864980752e10
2.1038477996e10
1.2447919568e10
1.489955786e10
1.4061310112e10
1.443681381e10
1.61859196e10
1.30250233e10
1.882022272e10
2.3964615336e10
1.1188075536e10
1.299517254e10
1.658691404e10
1.5284741552e10
1.8194830272e10
1.9976419704e10
1.045808365e10
1.6438757808e10
2.8659933135e10
1.7120384896e10
2.1072408788e10
1.4089951368e10
1.508764947e10
1.3825591768e10
1.7730144672e10
1.2353661411e10
1.5800017644e10
1.2076062264e10
2.0802335928e10
1.5189149056e10
1.9335494476e10
1.178475468e10
1.7596891772e10
