4.8263516427011546e179
4.27568114419785e178
1.629401828732881e179
8.495771487861396e178
1.3168237365360212e178
3.0454202559880193e178
1.9579428537809063e178
3.6736089141737524e178
5.793960455437373e178
2.308378636227875e178
2.9660893001393263e178
2.4096193947383254e179
3.246594873827277e178
4.5951968212475654e178
4.04239552986487e178
5.7879452646992896e178
5.815551107399741e178
2.2324832112565943e178
4.1370261864470825e178
1.5719559312983323e179
1.2111076188580366e178
2.999512509754774e178
3.5092381561498494e178
2.6397635873230666e178
3.3684515093985574e178
4.1900422816953996e178
1.2760226118586523e178
8.046096733525702e178
6.295090422866305e178
4.238165826842767e178
2.7662994835702922e178
8.937981924658681e177
2.430741335773796e178
1.1596693800972512e179
2.6266437016742016e178
9.067799065353643e178
4.807906013714498e178
1.794306497075237e178
2.221257637497188e178
1.2396906047853245e179
4.0482158438943745e178
2.0318141473965005e178
1.4885978010520459e178
8.548748986219442e178
5.168859989668698e178
2.848565945461173e178
2.5283097956255776e178
4.538450390374828e178
8.219369252205967e177
5.421441689633277e178
6.135708332548685e178
1.0148408159785561e179
4.477071568088925e178
4.916746238526524e178
1.5078871704155922e178
6.535147411266562e178
3.185898666510003e178
6.651850194570301e177
1.4197291203250623e179
3.947395785578852e179
1.0653864124586668e179
3.4856720940213006e178
5.81740733494395e177
2.699621516582729e178
1.0789389266436801e179
2.0284879535656406e178
2.9269552131950672e178
6.659289273626056e178
6.423928752231851e178
4.073149270317818e178
3.087811709515846e178
2.4507366244931657e178
7.032458915072281e178
1.0537888650288787e178
5.59094551571966e178
8.603629662868992e177
1.1913323502610924e178
3.2766133637407264e178
4.046840837512488e178
6.72314989898311e178
3.74478602225394e178
4.6399817114057726e178
2.8035173266948665e178
5.369132603671518e178
1.9150986734631872e178
1.4184194956204033e178
5.556159157421834e178
1.7024393191354365e178
1.4319484549153733e179
1.5519074978534653e178
1.1334607675481412e179
2.6646488402074795e178
2.3668662651340136e178
1.6055952484800684e178
3.247842010614573e178
2.1313142938135846e178
5.5019800731589754e178
7.761114848099623e178
7.897424636581739e178
4.747768891663063e179
2.36762015237438e178
9.38047537803282e177
1.438809295404719e179
1.4277525925626335e179
5.13473093924349e178
2.151336892516248e178
4.311160277872075e177
2.0494422555176988e178
1.6761265226044113e178
2.5740919912641407e178
2.0047352449296757e179
6.125532080581239e178
6.120785242431992e178
1.91282811339121e178
2.9032003945295893e178
1.7552682568682457e178
7.296295299323137e178
1.4053410405314418e178
1.3999611161877187e179
1.918719816867942e178
1.006521098388155e178
8.871227965728674e178
2.4000566503172795e178
8.884324191975353e177
2.9969026703944927e178
1.9804579780366747e178
1.6591926967611378e178
4.4326789444829205e178
5.336179916693445e177
2.0692845474666792e178
2.7464567694789907e177
2.0610144737514473e178
4.100756976042936e178
2.620893650676204e179
1.9708708136292042e178
1.2845752629696756e178
3.6687270515842156e178
1.9910611232307563e178
2.7692202791837364e179
3.827135111579498e178
1.6896435448044777e178
1.3722054996077557e179
2.1648292042523503e178
1.0409583660993999e179
3.896228485584389e178
1.1754755747243024e178
8.562653172270702e178
2.767502216628306e178
4.393118840348835e178
8.435389566902988e177
6.107458832356777e178
6.887338258489102e178
5.519190473394049e178
1.0009713987199809e178
2.1394988590988133e179
2.5128559862762962e178
1.9464556411542477e178
7.897267057088944e178
1.5321430668283247e179
8.590378280511182e177
3.087952055630607e178
1.1818088228888518e179
4.330169703972923e178
2.2017698499389036e178
1.0414521200411419e179
1.8780553955428924e179
4.760132573562781e178
5.325714225939994e178
1.6952373104005893e178
2.0380650999677744e178
2.9155686242712305e178
4.4212022562908716e178
1.816525243749217e178
2.182719658398596e178
1.856292995419593e178
2.5597772592439426e178
1.2467731152609509e178
8.692103196805712e177
1.8798621411708545e178
3.404579674248709e178
1.2811453611695939e178
1.1834532066593373e178
9.166485908082553e177
2.868467116023145e178
1.1978452075658728e179
1.0913182659296122e178
8.27863995820691e178
3.2162331638886326e178
3.7118313275370675e178
6.208278210947211e177
7.596780454264596e178
1.4685665761644086e179
8.34050988026076e178
1.306900373899053e178
2.5483843039564853e178
1.190138298145618e178
1.327633344470486e178
1.547201618671919e178
1.9920540351258024e178
6.393681468175883e177
4.4560322457395905e178
5.706704990834163e178
1.682540138849882e178
1.214775667444109e178
5.5466435038865185e178
5.785069477497622e177
9.909731604959554e177
5.076831864108162e178
7.792208711847815e177
8.767141041085985e178
1.089288046779459e178
2.835589665901733e178
8.205397805055537e177
1.5194306634293386e178
4.879300737041687e178
5.410775139541029e178
3.1750885744642366e179
5.3702856191076755e178
1.8548059759363487e178
1.2712976128344285e178
1.398915708840159e178
4.910409064312643e177
7.28858601390236e178
1.5133211065748187e178
5.951627435000728e177
3.579929582978518e178
4.139734826096363e178
1.3087745943906128e179
3.192853105928823e178
1.444185383712612e178
9.679522623245748e177
1.0079665061507518e179
1.233963264989724e178
1.1088545372344764e179
4.838286990832585e178
1.9712859954865887e178
2.5472043613382262e178
2.010877692422501e178
1.739261524543726e178
1.5866331011809334e178
1.8513085856363158e178
1.230341841058675e178
1.6068205914242838e178
2.4527640524985317e178
1.1916835400002867e178
2.1052890824986657e179
2.4394541402132817e178
2.5347210935814565e178
2.6387251584407234e178
1.278065840705194e179
3.515453687242649e178
2.2535908043463642e178
5.348591355904436e178
1.8250456404726216e178
4.3262139360512755e178
1.731697882182566e178
2.4036131366378697e177
8.762685578360311e177
3.7739341456611554e178
1.098756905677916e179
6.844601372743566e178
7.163581351239567e178
1.557763192884873e179
1.503087934010256e178
1.2853179338066897e178
2.4494765288690297e178
1.429104925547413e178
3.872234100169155e178
4.5863690702736026e178
2.0098041664405076e179
2.5836131652946684e178
1.0073078630258692e178
1.3494783982150088e178
4.317854250233836e178
1.7065502208398386e178
7.005820734290647e178
9.320918375786365e177
5.961038825991259e178
1.0898208818772391e178
6.197740964705924e178
3.6672013333121694e178
2.8764593271975284e178
1.9555774214850156e178
1.0854317465423875e178
9.18573321069044e178
1.0199845950515465e179
8.855043383303692e178
4.2333198641501425e178
1.0198928250244085e179
3.305459077079595e178
7.084159169150945e178
9.908130715980074e178
1.0975059751437847e179
2.052213407254888e178
4.164704706048345e177
6.848991383863038e177
3.222924867744063e178
2.3419358584094877e178
9.518445995417715e177
2.5272557013678193e178
2.4094856975831948e178
1.9043903618207674e178
5.7696611234299375e178
1.4956619822255008e178
1.537488916981987e179
1.8933295288161634e178
2.714683160683777e177
6.4833566419158394e178
2.281421637442097e178
7.056173171622947e178
1.463943195636981e178
1.1058763537938864e178
1.0317381119522474e179
2.4362843411360313e178
2.3648530444188137e178
1.0063133674203681e179
6.540096818799037e178
1.1144718415152645e178
6.50478836852861e178
1.6587431748202746e178
5.258064913101428e178
2.4884624712494092e178
4.1855394550307935e178
6.289437228443828e178
3.834893561765897e178
3.617851140196478e178
2.1254150757054343e178
2.1631228352497525e178
2.1759891062546937e178
3.992749542322931e178
2.6788389342768392e178
2.8820435151877208e178
1.868077031071202e178
3.296933682940463e178
1.6344809704215778e179
4.698549842477107e178
4.014292102731155e178
5.3435132371023e178
7.303826753785115e178
1.0375134367575685e179
6.3137998337251314e178
5.229926687298481e178
1.4035073422033758e178
1.1615641625117965e178
2.1336433009639558e178
6.39743524273542e178
2.7821708313094088e178
3.1477939489781906e178
3.612748933309963e178
1.9247410822667198e179
7.259558933309046e178
2.902477994709147e179
2.9570004822428527e178
1.0755158646204507e179
2.493464327614966e178
4.370260815542678e178
4.52509770471258e178
4.408922971021252e178
9.572782725087174e177
3.2721760869343484e178
1.1813147236850318e179
9.220079675389537e178
1.6125179637152627e178
1.170377486423524e178
4.402467030127941e178
6.724192755444718e178
9.187109757372266e178
1.2862147925786095e178
5.3306857923985385e178
1.8841825448277908e178
5.009269671275572e178
2.02907276252729e178
2.1440909966608513e178
3.133306195598282e178
1.4571917602644224e178
9.665532504679699e178
2.344743853728646e178
5.961441166142415e177
1.4133640376544215e179
9.339523974439136e178
6.749488991528655e177
3.108778255748887e178
1.4730564917313186e178
6.3230401600339696e178
1.4956637254948371e178
2.9044385448142318e178
1.606674654192624e179
7.948296166711749e178
5.012541332989836e177
1.298856197288137e178
4.4833057442473866e178
6.2841155399483086e178
1.552810420508518e178
5.1932771768762936e178
2.2259474503047712e179
4.0214943192012025e178
8.768658841082361e178
2.587053481549196e178
6.480790103257411e178
7.950308225942241e177
3.4494905421925324e178
1.8607962385099475e179
1.0698737646052865e179
2.7046132376300486e178
3.1152160057113637e178
1.858543686734153e178
1.200431565540152e179
3.570403551767496e178
5.443489774515568e178
5.179853513551251e178
2.474256669637568e178
3.33200297875353e178
9.871403818504327e177
1.2916590156454933e179
1.9004959026131404e178
1.0872804683115737e179
5.7525896292497774e178
3.0545780788780954e178
1.4051243783609071e178
3.31453900969488e178
9.923144384792649e177
1.6152578782766415e178
1.2677706915445978e179
1.2022867095845849e178
6.605801228371646e178
8.232892892189927e177
2.239540351984506e178
1.730920146821522e179
8.868933326171014e177
2.4653514075493432e179
2.0172107396845517e178
5.19007745792254e178
9.447230420564556e177
4.524828794846749e178
3.580133387778682e178
1.7568528005848317e179
1.6878090375890964e178
5.058305463148826e178
1.2032459626039702e178
4.8177653374579645e178
7.774007065652894e178
1.5004257607193064e178
1.3812297682073707e178
3.2400858883975706e178
2.802329142341591e178
6.487646337127351e178
3.583718230195863e178
8.703768895550081e178
4.5196834689097924e178
3.2848690038255195e178
1.921809605474514e178
7.905924363449218e178
4.16417744927685e178
2.334124426017722e178
1.2066820039496447e178
4.901124039225373e177
4.9213613984684075e178
4.479150234056656e178
1.2552334241885419e178
3.365926773550094e178
1.7077724814725608e178
2.8575970141161834e178
5.8035905980976425e178
9.400287595137595e178
5.1756918142592935e178
1.9936024395230234e178
2.6798763322626944e179
6.33424606316704e178
4.049800988422346e178
2.9014244645275534e178
1.8997511979647946e178
3.978887143466795e178
1.8978564344032183e178
2.4127125487804424e179
3.9198377011563656e178
1.3777048093532952e179
3.4631582841131255e178
2.329867551436425e178
7.373195017541547e178
3.7336216773641916e178
8.370157055831797e177
8.41792675817399e177
3.6900802255960706e178
1.091591472713681e178
1.5236146318258524e178
3.570007803517532e178
2.0465341022547118e179
2.45795199679379e178
1.9841803640454666e178
9.438491238294793e178
2.0435770792873556e178
4.701257296281331e178
2.477398044125243e178
6.890137040180723e177
5.23009473159605e178
8.417266376860967e177
1.3165038776744752e179
1.4446276853983057e178
4.892601160311854e178
1.1831107180215875e178
2.8148427681157003e178
1.2597028197226445e179
5.7499851147256606e178
1.794490623331834e178
3.8192463836174775e178
5.140994064402053e178
5.723232254344226e178
1.5122487015506983e178
2.0367685476702713e178
1.387283346684185e179
2.6229703260769057e178
8.751107268834393e177
9.528505930663127e178
1.3116714515819729e178
1.969282056828322e178
6.465640267729944e178
1.8098592000582194e178
6.772393336985227e178
1.0850674574952156e178
5.803979813187079e177
8.22905081439731e177
3.036700782920738e178
8.007492931573153e178
2.5779361370225636e178
1.719773715008795e178
2.5754586137378085e178
1.5017111210222828e178
1.5045044720904288e179
2.3542718704320744e178
2.1064497035149324e179
6.514936711035028e177
3.0100902078460263e178
3.8395806387602616e177
4.462121268685263e178
7.270035190559883e177
1.7116739568258634e179
2.1850755980341142e178
1.5054794634184123e178
1.4874545687433983e179
1.337491204430865e178
9.681280021982464e178
1.8060503772234963e178
4.0653803494009605e178
4.255206684730601e178
3.7178236959204e178
2.7820123074166904e178
9.172873294000467e178
3.8571639404564475e178
8.567463448509983e178
3.932129954339815e178
1.1482654624838523e178
1.5850275258077671e178
1.9253692492928993e178
4.2112342094566375e178
3.1431657100104574e178
1.857035210453298e178
6.56295543197305e178
3.049074225264912e178
3.8228279395896793e179
7.068879549166717e178
4.2047380408066424e178
5.5522374455102556e178
1.1248230123364506e179
5.333629196668145e178
1.853274633386766e178
2.7015800195071414e178
6.622585470828527e178
9.477981809352486e177
2.837654614976096e178
1.181995538092294e178
6.53494124344812e178
7.023801148092035e178
1.5957630492174655e179
9.681391431708884e178
6.176541767485936e178
5.409629792301235e178
4.1254146610664716e178
1.1988472800174714e178
2.3922316852563687e178
7.154302580433e178
4.229552146486001e178
1.4907586152313384e178
3.588490026149874e178
3.898975329277443e178
8.652496067533118e177
1.6135894867771846e178
1.1152621529964196e179
9.021220259094053e177
7.159637161440976e179
8.153173536211752e178
1.9165123385096403e178
3.378929042059588e178
8.547735870454113e177
4.319801251801617e177
3.508995463664188e178
4.858949522638075e178
1.1626194578600715e179
3.796914794049444e178
1.2236071222489473e178
6.717919096351751e177
7.497406844357614e177
4.354184180707621e179
2.4812587122914465e179
1.866532291949128e178
3.683713110182399e178
4.606042453970091e178
2.0375223511428247e178
1.2135546648713037e178
3.4092113244982116e178
8.472418395592496e178
2.1048783245800092e179
6.872550193600844e177
4.3120475064271e178
3.93908414005213e178
1.2328841108673867e178
9.983431618238078e178
7.491849928285734e178
4.597673247018107e177
1.4707565432757066e178
7.718300103198359e177
2.2876624332252223e178
1.3954401273674206e179
1.5190609292368984e178
5.449239006022386e177
4.4602626794570565e178
2.89627414374256e177
2.299719774087884e178
9.472281828734053e178
1.5291603446503836e178
4.602152338823672e178
3.9228055691418524e178
1.779357370299064e178
5.483268130205915e178
2.1572201256288286e178
7.142069984798387e178
1.4677117328975943e178
1.7206386476652776e178
5.526241687782238e178
1.7627534737941896e179
5.355362459422383e178
2.3865698355833246e178
5.135779435920719e178
2.5982486431173812e178
1.015598698712907e178
1.4738637500094786e178
1.052268330491088e178
6.915353331154365e178
5.388081678155177e178
2.594886269816833e178
1.4886891234333486e178
1.6007431573157112e179
1.6063265257349263e178
2.7557797957489864e178
1.3659585051152172e178
4.527471114877667e178
9.430675029688099e178
7.645026955445388e177
2.773811561892021e178
1.1661656044667092e178
8.624755631802964e177
5.3165789926323226e178
7.416191175893094e177
1.7769742643980227e178
2.941755170707624e178
4.0258587959568246e178
1.0193825575848858e178
7.56064167124802e178
1.3312348443763479e178
5.0911556203184996e178
2.2793049800207184e178
4.3591640959192263e179
2.455153952623634e178
3.202867766825517e178
3.859845336644351e178
9.353036522113161e178
2.2656432330781688e178
4.4735383267392354e178
2.357615563296701e178
4.509521329184789e178
5.768178368635872e178
3.334052842486667e178
9.941925533104311e178
3.55961725988029e178
5.908059435717282e177
4.519372880161607e178
5.221706003153329e178
1.093795462017443e179
5.362578813432502e178
6.782528063463024e177
2.4544082283081878e178
6.124766516867657e177
6.316277092324473e178
4.8521751595069886e178
1.8317662575595347e179
5.777282608122979e178
1.5133472698037189e178
9.457277926617233e178
7.94047627679757e178
1.564589711133385e178
6.735436030142104e178
1.2634319619619293e178
8.557848487998549e177
1.103910441324677e178
1.5758523095774447e179
2.525425790182264e178
2.66236828555779e178
6.894810361699877e178
1.1324272676490916e178
2.469015510968113e178
2.695971145815944e178
1.7945218627714734e178
8.846051601854754e178
2.761582276849913e178
7.454742739256362e178
1.7170952706478512e178
2.5655865633518293e178
1.0809174397687229e178
5.877965000886345e178
4.000374320349296e178
2.469367851195316e178
3.488555660447649e178
5.763237424479161e177
2.7803192250245638e178
3.87303009830675e178
5.2956083813006456e178
3.1242892546149706e178
8.048847224685937e178
7.329168713073621e177
1.5739863857153334e178
1.7509840217558727e178
2.3386640558799423e178
1.3156824075019082e178
3.187079618265884e178
2.0027546567109627e178
1.889682637089424e178
5.7497531666304355e178
1.71602102620936e178
3.249910852076442e179
3.357096102167943e178
3.4698326609510796e179
3.3944464691012644e178
5.877936638926344e177
2.5182971111421832e178
1.5042624210915018e178
3.5149635914796007e177
1.8482432414504693e178
3.622410340196189e178
1.706890776960685e178
1.0623615812799859e179
8.323914340126819e177
5.1998696775646334e178
1.9249939522939505e178
5.431780837728601e178
1.3876417989187176e179
1.9168018019778175e178
4.628884229369814e178
4.006167346646216e178
2.126791777616036e178
8.910095412086484e178
1.3045529992271818e179
2.53290140871019e178
1.1493556875696514e179
1.7227340531735267e178
5.8884205618690984e178
3.248556440730142e179
6.348552217648856e177
3.327297927487897e178
5.887390867713372e177
1.2811291254859848e178
1.0951154954897087e179
7.754881237775832e178
2.2845483338887755e178
1.935096447499973e178
1.4349147176689416e178
3.326355067805251e178
2.757326663490703e178
2.7796594158156482e178
9.736715733953237e177
2.626255171973349e178
6.0879972841658994e178
1.703776199357437e178
1.2878948711322024e178
5.940538021844654e177
3.46060224367212e178
1.8570071341259996e178
2.1838448767389518e178
3.541625918468033e178
4.6929255503282235e178
1.3661746478460641e178
2.4588385613462766e178
2.39378894056806e177
5.179241007847222e177
9.391453505256177e177
1.6184399203108688e178
1.0662342177395246e178
9.399761687035879e178
1.3780607202768132e179
8.638737659970474e177
3.52685084104336e178
1.9839997063817974e178
2.957231839648276e178
2.9377884991016674e178
1.4632949092889995e179
2.4057955238916734e178
1.7764669401860802e178
1.3369410457321983e178
1.4616939155324697e178
5.84596338674231e178
3.2014642880968147e178
5.723037727802075e178
8.728936333975103e177
2.5011719753451855e178
4.2545737707106425e178
9.869161728965234e178
1.0561476656422618e178
4.389605841053867e178
3.983774480601754e178
8.140648580155002e178
8.484269927357926e178
1.2786105183092123e178
1.043429670041026e179
1.6244363581285528e179
1.9862253115691927e178
8.07882265999417e177
2.2479203084001436e178
1.9569616855912575e178
3.1065284764555516e178
1.9813270604192357e178
1.3538394585302276e178
2.2623416916846273e178
9.274662251173819e178
1.737776588838925e178
4.189508699526938e178
1.6050808640803799e178
2.5592365421124684e178
8.004744438685342e177
8.066107700023779e178
1.3089495354784037e178
4.888025037878607e178
5.1728920126339e178
1.4286632596792628e178
1.1346588007994052e179
1.0040544530949304e179
1.719373126667606e178
1.7531735289968172e178
1.8713683204689747e178
3.889693740237145e178
1.5398961927067808e178
8.439084514428603e177
2.5524429647617076e178
1.1932081652357585e179
1.2635563944824087e178
5.296621545902507e178
1.2553229488062032e179
2.096339124768923e178
6.096000723422023e178
2.1366443443777664e178
4.0547739287639676e178
5.234018725166304e177
2.0079533598891196e178
1.391232258015643e179
3.0777290246674822e178
6.966063825288706e178
8.278167803182188e177
1.6224656767318905e178
5.626387522200107e178
3.5935899664466296e178
1.0455477936593164e179
1.2076306657225448e178
5.171597923107401e178
1.3393151436335854e178
1.690298980334632e179
6.557385292306558e178
7.0173062650928e178
2.321281152597853e178
3.944492183344953e178
2.7041797632148298e178
6.857481441023333e178
2.0072405679617834e178
3.5443191783354257e179
2.2259461505774574e178
3.044848481498057e178
3.180361808244439e178
1.5799199324835957e178
2.0527072856485837e178
2.623516889783637e178
9.388055435786876e178
1.2774051290725034e178
5.420504399900219e177
1.0960718111345365e178
1.58026732001119e179
6.537922761334547e178
1.0411776732120057e178
1.4367486012726091e178
2.0362267112289762e178
1.2341797446393422e179
1.0953172991154027e179
3.321797210601387e178
6.53492954182351e178
1.627360098422821e178
4.950851174370982e178
9.66238105055537e177
4.251451981722781e178
8.351180913226398e178
8.135196480533579e178
1.490086434239324e179
1.3303738251264169e178
8.462089623257977e178
5.2358913278555085e178
3.8226109611694054e178
1.3029869056679842e178
2.9749469994636965e178
9.700748076800855e178
6.709433228227742e178
2.851526160935942e178
3.790858893302399e178
1.881128337220826e178
3.276653905325451e178
1.7737534003371153e178
7.03250403683151e178
2.2410388857800597e178
1.3646341514595956e179
1.3765908791439832e178
5.6222121894522e178
5.602384200693854e178
1.445720737221355e179
4.5383022610324474e178
3.1933621833991446e178
2.325647027912207e178
2.1583024977578963e178
1.2686210100507141e178
3.580249392099718e178
1.3388624723450854e178
6.053807173000291e178
2.4382262052707087e178
6.409481209535645e178
3.904292337671724e178
1.368946918449396e178
4.9929434563467805e178
2.2420563346439898e178
1.2843533941968884e178
7.716997630136941e177
7.753710557609151e178
1.8507397954474836e178
1.351430481020421e179
1.1351308331367917e179
1.3788439007908991e178
1.9099045309730694e178
2.8070313487867667e178
2.036968262666234e178
2.0628731290517126e178
3.593971699395475e178
5.099377214197932e177
9.850316758011187e177
1.93250042957851e178
4.746807395141695e178
9.464576928723087e178
7.180950185693924e178
5.969486171920817e178
1.8475412357891582e178
3.462734519828428e178
3.514366672484077e178
6.577559745742163e178
2.4482462355927123e178
6.551000196487132e178
6.548732609211023e178
2.9760712981768738e178
3.294219073363366e178
6.003371349713316e178
1.538110748516996e179
2.900351898858546e178
1.0326259787923777e178
2.3649547648624306e179
4.184086311266723e178
7.617709959593387e177
4.547112439949521e178
1.056631927744819e178
3.218657238009924e178
7.592810150935273e177
2.716908972827108e178
6.775022943903125e178
3.972039332608656e178
5.422583631706564e178
2.4528835230387122e178
1.9592963118176305e178
3.0208055105919237e178
1.2686477616064114e178
2.8493852014451907e178
9.936684277486185e178
2.142959778319464e178
5.2900144452165e178
3.13455701905301e178
3.0345589616107837e178
4.207579065905429e178
1.1225331225838661e179
1.8649017809268335e178
2.7497862261252507e178
2.6975985204083665e178
1.8369548636207354e178
2.2540482049954667e178
