6.401043177399797e30
7.674706053579262e30
3.4959555298351044e30
6.117660350718013e30
4.1603082408555704e30
3.5917894302036594e30
3.1605519090969946e30
8.689202769319008e30
2.680879331082053e30
3.823245113623868e30
4.059919056905516e30
3.636475463026241e30
8.056526857556957e30
4.7414717517774106e30
5.585772323737182e30
8.158632002117592e30
4.194654778336048e30
5.923453761334543e30
3.692085551598471e30
1.0488796017516559e31
3.817994672076005e30
5.325560525172254e30
3.683408667795335e30
2.476906600397169e30
4.504395303512676e30
5.693507496857057e30
4.0467397381656893e30
2.4570677517071538e30
3.548537491650056e30
3.3334525171113534e30
5.145531281616042e30
7.948197370879477e30
5.904532655649344e30
5.677549809104878e30
4.601920119187372e30
6.89890842620574e30
4.29544357621456e30
5.184016020140025e30
5.323532677906499e30
4.0463449315759414e30
3.8973569528025563e30
5.708967864115718e30
1.0424816902741602e31
6.58133589486817e30
7.586378340128147e30
5.278015571345483e30
8.073456559810068e30
4.2705934716693423e30
3.71343019118991e30
3.673464558033821e30
9.086525179027683e30
5.256487174861231e30
5.227527624163676e30
8.098600624842403e30
9.001630501181783e30
4.3714875618393124e30
5.120947529215866e30
6.258108321219982e30
4.2640274232193046e30
6.352649350635699e30
5.599642753983795e30
9.277087208242117e30
6.953235957794507e30
5.519712805990506e30
3.195507863320472e30
3.879281300097902e30
1.1552631844998307e31
2.117043969540918e30
4.322887065773703e30
3.2477989916471433e30
4.9777342505505863e30
4.028058908721506e30
3.1104165716725975e30
2.82402982899663e30
2.66885406384526e30
4.4244135507013405e30
6.320479316159238e30
7.403731804397685e30
6.002701164005687e30
4.909194001601351e30
6.414252918568864e30
5.60653753474339e30
2.65005446562038e30
7.556440678009727e30
4.9399648933468923e30
7.653577203936259e30
3.528564089619712e30
5.38915981324907e30
8.24162779494385e30
4.665356504870057e30
5.791650575037689e30
2.5730256620065943e30
5.898930607245934e30
8.322717587596273e30
3.437140717147061e30
3.757671335741752e30
5.581463232257466e30
6.600715882396883e30
1.6553469253606018e30
3.659467347496699e30
5.91161014956892e30
8.188680053554575e30
9.875464124497457e30
3.28603815563718e30
4.8495781246151613e30
4.6553658456157016e30
4.017274688849872e30
2.760248870988031e30
8.43801863566523e30
6.28121073433624e30
2.5106767842489684e30
5.0591863880410536e30
3.760989614587882e30
3.125043782012579e30
3.340415040978284e30
5.252546118908506e30
3.56360286273307e30
6.74532269965891e30
9.014403025958862e30
4.1385976534678156e30
4.341163144468183e30
8.664846708784156e30
5.893412360516052e30
1.1585174136987437e31
4.0164697468738426e30
3.7397124900148203e30
3.3455471619324327e30
5.867526701047346e30
4.9631459292425313e30
6.512247412403254e30
2.4013762871705914e30
4.65633708936912e30
4.2476177073106503e30
5.171098340784721e30
4.6648126331740903e30
6.963602539498312e30
4.728396211955826e30
7.199979750859868e30
7.224127708227142e30
5.831293875733415e30
7.949040260576469e30
8.291574606314688e30
6.061878879365773e30
5.517812365399788e30
4.8897032091733006e30
4.656219031609512e30
3.911343584038618e30
6.206091169893133e30
4.4812539957239774e30
5.324725038542685e30
9.914509167255242e30
5.340350856398645e30
6.178685298134015e30
5.967087634564081e30
7.848909647589165e30
4.2922495851812667e30
3.1962356076575486e30
3.2492092903243955e30
3.7644310254893075e30
6.786288715834849e30
4.6976456428526477e30
4.7534938545230944e30
5.935715033948814e30
4.516564485181038e30
1.7922668901206228e30
5.82926349327194e30
6.836945517952737e30
9.75142147999948e30
3.8170417847002447e30
7.036506743914747e30
2.4835287446646684e30
4.7649903413785525e30
5.547294257021637e30
3.71941432750381e30
5.091778480009729e30
3.7544938382174676e30
6.360135859985545e30
1.0220010807115025e31
5.152542270126144e30
5.995274145004488e30
5.956980621223103e30
3.58726323140911e30
2.011366733216988e30
5.792560223012117e30
5.569135618017984e30
2.770725420935192e30
4.322140633422739e30
4.634505572744676e30
4.575158083247306e30
5.062198499503026e30
4.860297606404661e30
5.707308811237181e30
8.229013502756869e30
4.0571140265974995e30
6.314441728674882e30
3.2859500144044543e30
4.16286564320021e30
5.33039648616177e30
1.2307489129067098e31
4.7365186478745554e30
1.0476519701983149e31
9.701631669442949e30
4.059674644415295e30
2.75750979791463e30
3.8200303850399216e30
3.228905948952284e30
9.995489070362699e30
6.372716053599945e30
6.280945827201262e30
4.253622252655544e30
3.358801776433471e30
3.33180619677523e30
6.595140987273349e30
4.783904924099557e30
6.3605984898329e30
5.423385743755638e30
2.600044641839346e30
5.324019688350063e30
3.577641369652035e30
4.422738739662216e30
5.039012730932566e30
6.691656919500098e30
3.648252995033476e30
7.530301844379592e30
6.332831287181442e30
3.913544810176399e30
4.698626038098179e30
4.3332988435997713e30
6.188025921095373e30
4.24219663823235e30
4.036253208608654e30
5.456321986780619e30
8.096477931614949e30
2.864116807115585e30
4.153088185958886e30
2.9695005159971645e30
1.3465802531520547e30
6.730456483888783e30
4.554697500921759e30
3.053278790680376e30
9.837974628422371e30
2.920290903453454e30
5.25599410799688e30
8.222465353651766e30
2.180786939943667e30
4.8523801021384874e30
2.3540372545609438e30
9.436857907929701e30
6.787988963542473e30
3.412900277252127e30
6.547672872854254e30
1.2525369027283843e31
4.9771771769157044e30
4.62742867450029e30
9.778737075943766e30
8.003845317936562e30
1.0993535236986336e31
2.4177256944729714e30
6.279338667992905e30
6.384732542206977e30
1.0223382317558779e31
2.969265900784236e30
8.88827702874687e30
3.9441956808482993e30
7.511765378942945e30
6.684242855668907e30
4.418591150561352e30
5.019969334551363e30
4.1926946717068867e30
4.616745480122051e30
8.569130438513148e30
3.324804234749242e30
6.14531310614199e30
6.931167157409849e30
1.8193175088042133e31
2.7892269336431066e30
3.8228472643728863e30
3.303747029301273e30
3.567322817418332e30
4.1381608463086905e30
4.262713976462098e30
5.84523352511443e30
2.4657503701753568e30
3.0165913727930933e30
5.855993751768444e30
8.725377227245097e30
5.013340500221823e30
5.485435378595488e30
6.332386716950242e30
3.6728421774789565e30
7.103123906944053e30
2.8368419437314434e30
8.729864391710006e30
6.677658003889036e30
3.3964972913618103e30
4.526089931916826e30
4.3513769814155766e30
5.263921567104395e30
5.83801852513633e30
4.0602752907978586e30
2.811401020885884e30
4.1294011166109127e30
3.619194552175661e30
3.9726047289524676e30
7.107454644202887e30
3.831212382956712e30
1.0342938026458186e31
5.355069329619397e30
7.364358424967244e30
3.8849716787943947e30
4.360852390698766e30
5.63019992269491e30
4.9817597985428987e30
7.323908639083489e30
3.226949000420404e30
4.595003022790132e30
7.724579985427269e30
7.324884703637402e30
4.885633178939433e30
7.008842061147436e30
7.991525659530131e30
2.861379488324485e30
9.410429333375793e30
2.3783723815648554e30
3.8901763298404545e30
4.2399269996594413e30
5.53001868184562e30
7.33882486509082e30
5.39916900111021e30
4.602859215391455e30
4.6496302946664104e30
4.934320723444818e30
6.80250749824769e30
4.313110334452052e30
4.87714431610644e30
4.6691188778331407e30
6.028772229903156e30
6.22778640936095e30
6.146067296051875e30
3.8985873694579823e30
5.783764600307246e30
6.821970840806966e30
6.436779044132492e30
3.6428584467467734e30
4.830778759389218e30
4.344335508691376e30
3.1863147384561104e30
4.721321098021277e30
8.531252251259082e30
5.813784518161632e30
1.3114081378499304e31
5.901026577687114e30
4.669372493822422e30
5.258491495538852e30
9.394565404491029e30
3.5806166016710196e30
2.568964683346922e30
4.077634415011778e30
7.125567381763002e30
5.397902806521251e30
6.155987825034675e30
4.1733681885364005e30
5.207121618021823e30
2.135199301419104e30
3.286524889080652e30
4.688313590511964e30
6.91620750039182e30
2.772574062546456e30
7.191246197876285e30
7.472609313297293e30
6.161662162440838e30
3.068755708422859e30
2.9521469204961086e30
4.2372902928047823e30
4.273952943695679e30
6.181805972806729e30
9.685544472831762e30
3.156043769860147e30
2.2124044766495847e30
4.019306781322657e30
8.72786772104035e30
3.6117227106468073e30
3.5261130893304465e30
4.592047027502002e30
3.401054653315022e30
3.049637746156941e30
3.6692634890625034e30
3.6442255632768226e30
4.971561414504274e30
2.718199523862144e30
3.7054674911225204e30
3.709701033715163e30
3.464576352926821e30
5.253296830708131e30
6.863552567447795e30
6.059166935341941e30
6.405379371996153e30
5.880867116397176e30
7.885903201451104e30
7.623013883956457e30
4.170485613430355e30
3.898105809140088e30
5.803152966082649e30
5.21786908687946e30
4.7880632045406044e30
6.092245593884889e30
2.532125331396703e30
1.4355879037407644e31
3.109775925997171e30
2.4682383464490138e30
3.658830356085097e30
8.145790511806817e30
6.385913063864626e30
2.8995665415954064e30
5.541789932929851e30
3.1898943477772505e30
2.3648489485477625e30
5.10800652924271e30
3.56502289515603e30
8.489630490525575e30
3.20726313320736e30
7.204296718493314e30
3.3391240993677206e30
3.8004105403904795e30
5.490677481571623e30
7.151785995126478e30
3.7957687932865125e30
9.830850531492677e30
8.906701133349924e30
9.668827425860724e30
6.390346069547526e30
2.0133458235201488e30
3.947391911327337e30
5.918716590042795e30
2.329248882187172e30
3.309836204503034e30
4.091550189330176e30
7.725840474517901e30
6.60762332391613e30
3.41145899105091e30
5.030112889359429e30
2.1943504521952555e30
1.0627488338408066e31
7.577281648786285e30
3.212975426336024e30
5.998657047464022e30
2.7248131848824437e30
6.646686912810398e30
5.816058318319514e30
3.5063853597203786e30
6.534269476024614e30
7.973514677092288e30
4.105992951746465e30
4.188059744015595e30
3.4810849949220355e30
1.062367642062417e31
4.713013165129983e30
4.7432961884607384e30
5.226202652291147e30
7.154437999513068e30
5.090482290789257e30
9.513434592943248e30
2.3870800139493876e30
6.747169860840342e30
3.682958858763208e30
7.545464254685927e30
6.79483791719506e30
5.208285866088939e30
4.477394331932203e30
7.34630801831192e30
5.725131240729033e30
6.835366198571935e30
3.9297544545336625e30
4.5374738236178035e30
5.60822349681653e30
6.097935383975565e30
4.804313226215611e30
3.8433372812106354e30
4.849772283927097e30
4.908863890817848e30
6.160931806941299e30
4.944325645323421e30
3.772725826563685e30
8.639993443256612e30
4.3759015956392185e30
9.506118709580664e30
6.266770189938578e30
8.961733952224921e30
4.983529495077491e30
7.69186116555108e30
3.809549316507789e30
3.286045407891309e30
7.124474642626451e30
3.2399365483009154e30
5.941340743681514e30
5.230983313572963e30
1.2965199293216359e31
1.2878960342173737e31
3.993606849255533e30
3.453653784651312e30
4.1496253893146975e30
5.341994976450589e30
7.161396522749201e30
4.8606830198026937e30
3.8186907011069364e30
5.941645377755401e30
3.7494941892009335e30
4.812036326790221e30
3.6433961984524253e30
6.17325451270081e30
7.90483578584541e30
3.0427640854203046e30
9.445379024563475e30
3.561618635772668e30
7.394637412883132e30
2.623942223362555e30
3.036917528640907e30
5.103917563582742e30
7.700094293507442e30
4.3466029443407255e30
3.468227602958355e30
3.72856391535444e30
8.11184451650461e30
2.6975045593529885e30
5.052550136740296e30
2.5656738630895725e30
1.8453092345006408e30
7.868309245856791e30
4.259136091690885e30
5.074501658828615e30
4.3798766649242283e30
4.812188721985157e30
1.0813970902905924e31
4.0744536096223317e30
3.9261921996354026e30
5.808394801879965e30
4.080258733187133e30
7.896491683178964e30
7.631277948715861e30
4.6025316240709e30
2.274467226074419e30
3.202339032439617e30
9.689531876650577e30
8.112584209616755e30
5.288839854618974e30
5.930237058114027e30
2.238901446220135e30
4.4209431782921885e30
3.3044368127898e30
6.957991166775009e30
2.8410728195413187e30
5.436093401190585e30
1.0119732324329171e31
7.280549158135615e30
6.915128954348364e30
5.672208902987759e30
2.7233972224342724e30
4.0021699753589924e30
4.6934691375906577e30
5.0527740791062464e30
3.9110803424402715e30
5.669749785182224e30
5.419686891637342e30
3.7589809476379606e30
4.2739577710693664e30
4.986413719602791e30
5.111125540061504e30
5.475082238665668e30
9.768938647213872e30
1.8484213953922737e30
4.6378558622085346e30
3.622715690070574e30
1.8163978926620114e30
5.619389385173176e30
4.827100046437167e30
3.452955607921164e30
1.2778678652875767e31
6.97431833973328e30
8.357910137902857e30
6.708332304781575e30
3.918411583510562e30
9.778798698671583e30
4.1256998780032657e30
1.2103345860778676e31
6.03232826125729e30
5.329191103803807e30
6.660066333757026e30
4.0200926867571353e30
4.23376422646761e30
5.270330270410106e30
5.10365488569246e30
3.964900892100016e30
5.083827681037712e30
2.74841928338863e30
3.704740256175119e30
4.825020072373341e30
4.7222823518069166e30
6.221521443494951e30
4.799259423385227e30
3.019374757493095e30
3.00010756570232e30
7.708675214966428e30
5.536638416784862e30
3.156127802400834e30
7.538678248871448e30
4.831515477523008e30
2.2623215027767767e30
4.7887133243356963e30
1.4167381308276056e31
5.877458809273515e30
4.6378233660802344e30
6.69408060808143e30
8.194947986526667e30
6.901087165775254e30
4.103975212942244e30
2.9392549468106615e30
9.159012205760141e30
5.966132952578441e30
6.041772914157473e30
1.0431314719841588e31
5.29044547359147e30
3.5335509467224415e30
4.2167572576488856e30
5.354082016513804e30
2.7519509503568316e30
1.0120047750177025e31
4.9619761999254434e30
7.143153009348675e30
4.8817865361359074e30
7.129596929770203e30
6.497981628476267e30
3.658394044575987e30
5.973354614087376e30
6.243654426242557e30
7.480776491871051e30
5.901748951961298e30
5.517356083134583e30
6.896457654597797e30
3.620308125730032e30
3.120500191925144e30
6.673504897446402e30
5.0329140562056016e30
4.196822973143577e30
4.20449772619934e30
5.817379210925497e30
5.285647039083823e30
5.565593967000778e30
5.97623947353508e30
2.8376315832408826e30
3.6848947252871517e30
3.1687965520165443e30
6.075401547172168e30
5.966303137459522e30
5.306765689452471e30
6.076768932932217e30
7.352070240558214e30
6.679632590647116e30
8.313005006944216e30
5.587558053051545e30
6.085136676271766e30
4.962266772140237e30
2.755149654324649e30
8.653604186023893e30
3.7237801599671063e30
1.132520534686977e31
6.539915462681846e30
4.0939237058976207e30
1.5292897158678345e31
3.0845268363633793e30
4.547216956749409e30
3.572420606692993e30
5.203682626272181e30
9.853666889153615e30
8.614336760835124e30
4.7932635531172535e30
2.587762970393002e30
4.006327222552475e30
4.373454773043649e30
5.163664604824991e30
6.85314565435155e30
5.435558194077648e30
4.265926808017317e30
2.769984049035708e30
4.3812384607296205e30
4.8054780456059055e30
7.426695913729941e30
2.5937402921620374e30
3.6652001850905357e30
5.108617634367124e30
5.103765221969503e30
4.080475862189207e30
4.724046342165007e30
5.707026372629891e30
5.311461602430028e30
4.8063895346425327e30
2.4783329033952117e30
9.079218292541573e30
2.1012161105285253e30
3.610966487152245e30
4.916494346679359e30
4.512080617950849e30
2.932001124237769e30
8.276631070502133e30
3.571916222996862e30
6.440569884027487e30
3.645947803095958e30
6.041443530739295e30
5.158021536132422e30
7.749575873811273e30
3.1220887821688194e30
4.1443078901607386e30
6.016644248728113e30
4.931329980261231e30
3.473537761926776e30
8.374658816676162e30
3.6423097001055844e30
4.425487565378741e30
2.69284717884191e30
2.5541371315019344e30
4.1919138276858e30
9.225689304619021e30
8.131003913467962e30
5.687153259693203e30
5.213567091661175e30
5.127973610592133e30
4.105176520444056e30
5.265360776796659e30
2.1315744032583142e30
6.500447216478188e30
2.6546530837658423e30
4.00513678011005e30
8.636934151508861e30
4.9692665876484993e30
3.2061681397692306e30
4.347878532279828e30
7.145175827315428e30
7.020344318446206e30
9.482692483764526e30
9.194687981671259e30
3.068496635565613e30
9.257078056800423e30
5.173478311784956e30
6.713859222474273e30
3.172445520150448e30
6.720055384396336e30
5.309138624518877e30
4.936882536708221e30
4.0621826016965134e30
5.386153571918978e30
4.5750006605395966e30
5.096280340172363e30
3.341697356060151e30
7.480538485265377e30
5.767178781974256e30
3.7028153539394854e30
5.729505104754278e30
4.423013820341769e30
4.8305934790416937e30
4.473539304892917e30
8.580798336159229e30
3.730982280198657e30
5.908133883367701e30
5.221224719233162e30
5.309010602715655e30
4.011258383985935e30
5.205440118131053e30
4.104399250073173e30
7.110520388545862e30
2.5746760156297384e30
4.945408166724502e30
7.163580776772866e30
4.213663283563908e30
8.426993869388271e30
5.388236765781645e30
2.6363083088625097e30
6.63123718594352e30
7.312213524462441e30
3.428214770364993e30
9.734804296471009e30
5.0704921933944547e30
5.486698070409054e30
5.495617682609019e30
6.899658548607853e30
4.896636530658397e30
7.553613300258176e30
7.164832471780973e30
3.867381787446616e30
4.7692129887307593e30
5.798148552930072e30
4.252681707384975e30
6.861685274517143e30
9.967895044375002e30
5.947786997752217e30
5.920449605025838e30
7.511472725575471e30
3.829893966502354e30
5.493669636548511e30
7.159729114167909e30
2.2039519506957088e30
4.0576263919643964e30
3.972469421237599e30
5.354798849920051e30
1.0346606227531506e30
5.624509988326246e30
3.488349234355044e30
6.107603287755753e30
5.013015292986859e30
5.144311123682017e30
8.677336501378016e30
5.972675655889247e30
6.184277183342184e30
4.528048630251178e30
3.973305367990175e30
7.160515654739585e30
7.546251883857009e30
6.339861722355957e30
5.531185321486707e30
5.260744269489663e30
3.816781459142149e30
5.300041695479947e30
7.816829053367081e30
6.687822591501443e30
6.101955231003598e30
4.531505353097718e30
5.662044296561716e30
4.2838329919458327e30
4.127939053745279e30
4.315496175235535e30
4.9267965013707955e30
3.026833906102541e30
1.9134903174975223e30
6.830901557012898e30
3.4618652491406384e30
7.578550753957049e30
4.0559723885802993e30
3.6692986609434235e30
3.940347007478243e30
4.351229354550081e30
2.9393954830193595e30
6.226779837483884e30
4.208394294909179e30
3.9299951346347577e30
4.452385011567893e30
8.785495178478569e30
6.738865695305497e30
1.1292517363283383e31
3.031254485853186e30
3.0757144671787265e30
6.15632238500132e30
4.181049017958078e30
3.045886959180831e30
3.692839755828658e30
6.187292208478157e30
9.540130433109572e30
5.764901014246762e30
5.741975199478116e30
7.371380390827031e30
5.485479692921902e30
3.531971390341133e30
4.5046735076464985e30
5.441577030260014e30
3.871703083643121e30
9.484351755209858e30
5.727714221239035e30
5.420533422108152e30
3.410271509156748e30
2.5318719972941338e30
4.9784022758896334e30
1.4067777585540342e31
5.734398957595646e30
4.553979095450384e30
6.5573530895679e30
7.272309149042652e30
6.699124175384349e30
3.053045530300233e30
6.240907018131862e30
5.372974083870465e30
4.733776810120561e30
3.4677345006126433e30
6.612402123730633e30
6.080923396742172e30
4.4265736405459015e30
4.3398820893245066e30
3.4428285749193157e30
8.616082621122209e30
3.748264226725958e30
4.3845655266604626e30
4.175788165942883e30
6.072374167294362e30
6.766503470298886e30
6.025784584748084e30
8.547206823144991e30
6.186865451405487e30
7.754534381788574e30
3.740037461507767e30
9.917234341294381e30
4.118503357802936e30
7.460911609323587e30
5.386702268028245e30
6.914317678217518e30
3.140627411898832e30
3.8025023078273625e30
4.988770486537177e30
5.462233089236244e30
3.072236610019105e30
3.6016604025110986e30
4.6036428924200763e30
7.483723186057141e30
1.519602017024251e31
4.976886616665159e30
4.296311395445971e30
4.615310104021591e30
3.7077008728295954e30
1.2364674109836895e31
4.7261447382541433e30
3.660941805745338e30
5.115312290276318e30
6.456846781469844e30
4.5953844899097547e30
4.3024589977402186e30
6.741813507096528e30
6.276275180439975e30
6.34553903568237e30
7.123105646185657e30
1.0328853453792265e31
6.490665342129476e30
5.729925567825603e30
5.735547148421379e30
4.2077903028815366e30
3.7850080940581307e30
4.0909640811470537e30
5.949765902630064e30
5.266194354758398e30
4.258625960816632e30
3.1980427039285854e30
3.406057432333074e30
3.760046757067664e30
4.937153463802482e30
5.206587305836004e30
4.4986942226347144e30
3.9527045362352447e30
6.465359002039234e30
8.032111149704232e30
6.098332742806856e30
4.8857777889313805e30
5.847197492650003e30
2.7120499639228274e30
3.7383021192863704e30
5.948958998163949e30
5.269623550641254e30
8.541204044589251e30
7.667931655833184e30
9.062733261359366e30
7.353368417549273e30
4.077318259970957e30
4.462122990881232e30
2.708612930248959e30
4.8381434875830525e30
4.327837516548458e30
3.1630170176289545e30
2.9077510638653314e30
5.72545107280178e30
6.837898782184892e30
5.768780969841993e30
9.406844023428972e30
6.616581621229532e30
5.452262419863177e30
3.7537179774160915e30
3.8579629969558935e30
6.460762457453327e30
3.322906256712022e30
4.269891056616296e30
4.9531726279853934e30
1.1666943777734323e31
5.178892653829563e30
5.473677868015353e30
5.074087764543919e30
5.189423750418085e30
4.412924225653443e30
1.2966817003936422e31
3.309062617007048e30
6.485564110408248e30
4.1374226299276216e30
9.757030325673829e30
4.8646073887932123e30
6.702570608269092e30
4.2807715506174473e30
5.58977275601062e30
5.602467679920067e30
2.575231096837432e30
6.369807888193597e30
4.9102608480997763e30
2.9930771175032606e30
8.092830658883441e30
5.197151836807333e30
7.134124206386359e30
4.734110493268693e30
1.1500242433867047e31
1.1432880397317064e31
3.5241962943440374e30
