781374.0
740511.0
598478.0
656821.0
640090.0
629540.0
844440.0
611480.0
592280.0
1.086288e6
646529.0
691048.0
630705.0
757650.0
639754.0
643704.0
868132.0
557826.0
780324.0
615357.0
596880.0
790802.0
547602.0
550810.0
417886.0
677118.0
690192.0
685365.0
572174.0
671692.0
866493.0
618496.0
510233.0
650928.0
656467.0
991050.0
667864.0
737817.0
717621.0
621190.0
921490.0
741951.0
601239.0
576399.0
659136.0
630198.0
665077.0
743304.0
508233.0
847246.0
639015.0
780376.0
699386.0
810324.0
783786.0
941224.0
735264.0
620976.0
620525.0
886680.0
678834.0
511501.0
588268.0
711896.0
749056.0
993764.0
742326.0
751774.0
816016.0
636437.0
539744.0
733090.0
711448.0
715197.0
702016.0
993606.0
659754.0
662972.0
896254.0
813417.0
600970.0
887874.0
708966.0
528359.0
563356.0
813380.0
745820.0
749949.0
761448.0
757008.0
691096.0
796910.0
833056.0
651408.0
728900.0
731174.0
575288.0
942980.0
588137.0
666957.0
537885.0
786262.0
720774.0
582686.0
605164.0
664326.0
728226.0
573140.0
675136.0
707076.0
608073.0
816488.0
831762.0
676938.0
709710.0
940097.0
636983.0
701106.0
651448.0
766996.0
712548.0
770792.0
537783.0
665267.0
726186.0
976868.0
598652.0
662719.0
585859.0
620886.0
607380.0
863348.0
618868.0
586416.0
534599.0
724076.0
541957.0
663137.0
583813.0
536968.0
700626.0
785280.0
457170.0
802641.0
764846.0
749030.0
790788.0
915666.0
998308.0
814320.0
631526.0
635160.0
857162.0
759246.0
585018.0
615806.0
766209.0
742472.0
505272.0
848124.0
682600.0
628448.0
1.10574e6
634996.0
651558.0
644642.0
869642.0
708776.0
582824.0
654624.0
783501.0
702848.0
699874.0
593492.0
622667.0
584930.0
616538.0
930640.0
502486.0
658868.0
434205.0
553302.0
524526.0
818134.0
776490.0
722574.0
749865.0
691666.0
663570.0
836240.0
455924.0
798957.0
917496.0
636596.0
660011.0
537615.0
963792.0
840730.0
677292.0
639248.0
712374.0
687292.0
894626.0
851508.0
719109.0
643124.0
623004.0
549092.0
586812.0
569182.0
951672.0
615377.0
583466.0
880780.0
631832.0
540541.0
627884.0
558699.0
498534.0
691316.0
647630.0
825079.0
623775.0
680464.0
917214.0
740418.0
617804.0
680651.0
668978.0
642726.0
797520.0
905780.0
690884.0
743003.0
695962.0
929740.0
850624.0
569236.0
666362.0
560188.0
704368.0
720270.0
706556.0
669212.0
616498.0
628771.0
747400.0
765271.0
814620.0
907200.0
781296.0
733698.0
555575.0
725316.0
566492.0
749294.0
523795.0
543745.0
638817.0
874298.0
694462.0
604634.0
775448.0
772797.0
642080.0
672274.0
827292.0
797166.0
664696.0
862042.0
792897.0
792029.0
737604.0
801103.0
795822.0
695779.0
572720.0
677520.0
655095.0
596412.0
772563.0
781456.0
496914.0
783947.0
706468.0
976512.0
583662.0
748372.0
845378.0
630612.0
746450.0
708710.0
674600.0
1.089461e6
907264.0
582115.0
629724.0
816048.0
770362.0
610554.0
699574.0
770914.0
816007.0
782920.0
610710.0
663067.0
655880.0
525090.0
628224.0
672198.0
827036.0
776216.0
720660.0
772560.0
825555.0
833952.0
769316.0
612756.0
778168.0
435668.0
565828.0
550778.0
777129.0
687840.0
529662.0
955850.0
633485.0
836992.0
779148.0
505899.0
621213.0
651188.0
622833.0
710875.0
678536.0
577332.0
628096.0
521272.0
599985.0
478020.0
918282.0
1.123952e6
832138.0
651152.0
636114.0
729640.0
798112.0
641937.0
677548.0
622003.0
537007.0
443623.0
700651.0
670222.0
746068.0
865014.0
758247.0
626780.0
641940.0
705412.0
740986.0
679944.0
532918.0
757262.0
613976.0
692155.0
424672.0
575500.0
745323.0
753560.0
769792.0
681968.0
619052.0
731736.0
773166.0
761592.0
703016.0
853636.0
662036.0
779924.0
637028.0
561300.0
848922.0
798576.0
567853.0
659250.0
749148.0
636452.0
910719.0
942760.0
1.123062e6
850032.0
1.093992e6
910760.0
525100.0
709290.0
722992.0
649330.0
505837.0
650533.0
683784.0
520787.0
768353.0
576750.0
818024.0
850358.0
554476.0
665881.0
641298.0
980449.0
946556.0
697098.0
557076.0
648608.0
615468.0
656128.0
571268.0
627126.0
614408.0
790600.0
863576.0
645478.0
984024.0
659091.0
587900.0
683822.0
689345.0
804928.0
815400.0
961128.0
745572.0
719525.0
755208.0
680028.0
782820.0
694648.0
751129.0
1.032e6
756736.0
659574.0
669165.0
581144.0
589024.0
630048.0
891560.0
748090.0
743740.0
593056.0
750758.0
832236.0
816156.0
612221.0
525144.0
622636.0
989040.0
763928.0
916880.0
506718.0
772106.0
844608.0
671661.0
597375.0
622706.0
571477.0
731140.0
827864.0
944584.0
651721.0
752744.0
509999.0
492139.0
860868.0
826590.0
998199.0
744951.0
563316.0
705668.0
741408.0
781608.0
595239.0
846574.0
815558.0
607246.0
665751.0
644463.0
895952.0
705712.0
665008.0
696818.0
590446.0
660660.0
553680.0
637700.0
545886.0
677232.0
792561.0
712260.0
716104.0
853900.0
726498.0
903413.0
716874.0
792868.0
729412.0
547786.0
631645.0
982808.0
626129.0
765388.0
499260.0
760458.0
639926.0
664600.0
587287.0
668736.0
571841.0
619076.0
940872.0
564214.0
702033.0
586464.0
713075.0
623749.0
686736.0
698821.0
761341.0
721460.0
708135.0
1.154192e6
687368.0
693224.0
602043.0
777195.0
754988.0
825993.0
722868.0
823368.0
780660.0
656013.0
734386.0
654712.0
792330.0
722049.0
905512.0
492812.0
696161.0
651114.0
607344.0
754236.0
646362.0
698804.0
585234.0
652366.0
684586.0
457713.0
545456.0
759203.0
626973.0
438480.0
768216.0
619081.0
640059.0
630004.0
721164.0
577992.0
702726.0
725224.0
743605.0
777258.0
591502.0
735616.0
801490.0
758279.0
768992.0
646633.0
540890.0
598083.0
783993.0
891666.0
542642.0
837954.0
735714.0
679046.0
860416.0
580317.0
838667.0
703038.0
809289.0
629338.0
715656.0
596646.0
638392.0
769382.0
644770.0
700084.0
673212.0
649624.0
632736.0
747350.0
555588.0
637552.0
703746.0
842540.0
863532.0
719241.0
947676.0
759344.0
774165.0
832743.0
1.161144e6
749664.0
669824.0
632968.0
689564.0
807474.0
556369.0
758861.0
874564.0
697572.0
607346.0
637836.0
832506.0
533052.0
834668.0
1.052724e6
769432.0
798900.0
770794.0
691684.0
695506.0
674880.0
592382.0
651178.0
618468.0
798920.0
698690.0
754344.0
902088.0
874746.0
754420.0
868592.0
704757.0
794016.0
793778.0
592589.0
867944.0
449262.0
849568.0
750710.0
776388.0
653214.0
613140.0
715550.0
906268.0
759486.0
741005.0
801570.0
772732.0
805266.0
691838.0
603344.0
570563.0
554189.0
727543.0
760254.0
658051.0
833032.0
691596.0
685958.0
846742.0
787002.0
931680.0
855084.0
820266.0
800639.0
663267.0
867039.0
718102.0
763470.0
719520.0
836002.0
823714.0
634011.0
624588.0
727907.0
677644.0
766164.0
745756.0
782448.0
634745.0
626124.0
743722.0
629921.0
798876.0
656976.0
686647.0
795204.0
651588.0
894081.0
543020.0
753672.0
574300.0
666756.0
764238.0
469616.0
704816.0
782554.0
600363.0
586730.0
1.169736e6
565989.0
964968.0
747115.0
699524.0
786944.0
798128.0
699313.0
850779.0
647232.0
614524.0
606916.0
718058.0
768886.0
717936.0
460742.0
614568.0
865954.0
714480.0
669188.0
683019.0
618887.0
1.14408e6
650416.0
854193.0
782248.0
740137.0
539821.0
774329.0
743340.0
658070.0
569935.0
516355.0
576285.0
647000.0
532892.0
596831.0
675526.0
751024.0
717308.0
923376.0
559265.0
590007.0
664609.0
693014.0
1.104156e6
545502.0
714224.0
746940.0
835235.0
636700.0
586032.0
644650.0
657876.0
766460.0
928288.0
878320.0
698249.0
1.05765e6
536532.0
622044.0
757496.0
566378.0
669399.0
701513.0
519342.0
529402.0
683614.0
537629.0
603517.0
639276.0
527089.0
917231.0
714304.0
608775.0
942516.0
653752.0
665080.0
504452.0
729752.0
655310.0
1.09431e6
688616.0
761424.0
790516.0
651478.0
726159.0
667475.0
582541.0
716514.0
628531.0
741029.0
639160.0
495454.0
826090.0
635194.0
652546.0
531113.0
513950.0
878314.0
615868.0
690526.0
721444.0
802950.0
799284.0
645768.0
777240.0
749760.0
995992.0
863985.0
832529.0
863084.0
697682.0
614656.0
523773.0
717930.0
906246.0
781659.0
707098.0
1.078848e6
589915.0
607889.0
684667.0
664656.0
568404.0
462168.0
635783.0
686928.0
589660.0
692796.0
791414.0
781252.0
994784.0
588405.0
907488.0
924260.0
535104.0
737487.0
669686.0
646383.0
849828.0
738972.0
768408.0
659925.0
620124.0
640904.0
605460.0
872818.0
863424.0
700365.0
998051.0
532182.0
782292.0
738495.0
580639.0
543625.0
759351.0
632024.0
662188.0
550807.0
764503.0
687500.0
589305.0
538545.0
678034.0
965160.0
873416.0
989102.0
772256.0
770760.0
693478.0
696436.0
755406.0
820538.0
569538.0
791630.0
658200.0
648178.0
499568.0
909880.0
1.292365e6
625431.0
733036.0
762122.0
704823.0
582480.0
619928.0
785968.0
564450.0
594916.0
755372.0
468344.0
656615.0
618130.0
558899.0
652704.0
1.01731e6
581262.0
511958.0
655104.0
553510.0
930362.0
643568.0
586767.0
809062.0
648114.0
777900.0
493806.0
565562.0
665583.0
634912.0
710460.0
704626.0
717592.0
747392.0
685190.0
650317.0
678557.0
752385.0
756752.0
716956.0
600254.0
495779.0
902488.0
755438.0
680268.0
540837.0
608355.0
798184.0
588445.0
597280.0
694480.0
615776.0
598803.0
602233.0
661969.0
711475.0
538468.0
770644.0
492500.0
842520.0
748492.0
603080.0
873532.0
878244.0
679956.0
740166.0
757860.0
640576.0
1.019231e6
887280.0
765136.0
814260.0
688136.0
795796.0
749331.0
809856.0
661074.0
767833.0
743619.0
836484.0
687491.0
713267.0
858916.0
906117.0
844080.0
789546.0
733796.0
629148.0
671792.0
504528.0
710908.0
672771.0
899943.0
704520.0
842222.0
749677.0
495124.0
477618.0
657120.0
806013.0
522627.0
826188.0
476072.0
590704.0
594590.0
528318.0
625988.0
926592.0
573557.0
829856.0
