4.627102209027865e89
2.8506808469435755e89
5.221743437223319e88
2.42836172893787e89
9.578947284810745e88
3.211332818772019e89
2.990582609312629e89
2.923576261097113e89
3.780354258960692e89
1.0450904119203183e89
8.371081347099612e88
3.175827414564e89
1.732318754156816e89
1.4695083795119817e89
3.7842096909350593e89
4.497712435267072e89
2.6106303124374546e89
2.5139477983230317e89
4.4269138872725593e89
3.8956353001035276e89
3.261657358575928e89
1.6456338773246148e89
3.040188656214036e89
1.7703055162549442e89
3.273403124763812e89
1.6445375855478313e89
5.415129443837517e88
3.490120968534118e89
5.798507012795249e89
2.1009444615284332e89
2.398302076938966e89
2.4048551808412458e89
2.1337873369243306e89
1.3220976278810606e89
4.3789142971225346e89
3.938580809917024e89
1.0167753550749771e89
2.0399437620603666e89
3.1967541154575633e89
6.0385404447332765e88
1.2342685701492551e89
4.7893469727932005e88
2.092759942929391e89
1.2341850444764591e89
1.224158942323851e89
9.984862228434013e88
1.2549179127574442e89
1.8474880976402348e89
3.9281030043456347e89
4.29513206202961e89
3.5702446022111307e89
2.205483479583742e89
7.598607482773575e88
1.2415958941447509e89
1.78432296565301e89
1.589656998513999e89
2.2370127771612804e89
1.7737129030871397e89
3.665384064959662e89
2.2811756680040278e89
3.9446249094738634e89
3.9205944447282394e89
2.9580429900514914e89
2.2675003481998364e89
3.3601576717723825e89
1.6715547274692705e89
2.3549220599678837e89
2.9657679821238726e89
2.4006568920164065e89
4.961496738587037e88
1.490840440654404e89
2.310010748425365e89
7.887747148795029e89
1.98997781510733e89
8.411785232767609e88
1.3222701038771166e89
1.0468424145101604e89
1.8616068235346209e89
6.750363543441766e89
1.599713495491574e89
1.8572741291017248e89
1.6621241881658103e89
1.6000663174498477e89
9.595724570449177e88
2.6903666575761287e89
1.1877921253038028e89
1.6091190491471174e89
6.78738440030222e89
7.316121506085519e88
3.674643695620202e89
7.777492526117763e88
5.3634423914831975e88
3.6975487621707776e89
2.906865156513497e89
4.197168947698267e89
1.1670785174948466e89
9.600935592760632e88
1.3352237444011666e89
1.8116719157012287e89
3.131816596117045e89
1.504305245198637e89
7.635736463040581e89
7.51027727658726e89
1.3891165467574884e89
2.9704459769059645e89
1.8129679723169345e89
1.4308139239493045e89
1.8324573498208838e89
1.225796931880924e89
9.208104579183296e89
2.84673051656702e89
2.3026006706869726e89
3.341387776562079e89
2.672731155360757e89
1.1016420025364087e89
4.319009276506317e89
1.9940802935244924e89
3.7681224053162196e89
1.0824805495747128e89
1.0427154280683192e89
1.8445156697425167e89
5.9490448310714564e88
2.0073777105290627e89
1.88663383679116e89
2.565342303325468e89
1.2528534644772806e89
6.332577620636376e88
3.785240341985079e89
2.5279919210953248e89
2.2257128034588785e89
1.7708402029291883e89
4.598712082989597e89
9.069993036090369e89
5.224577528059028e88
2.0512338278568263e89
8.424052681837359e88
9.181171838504923e88
1.9014773114875172e89
2.62493046295486e89
1.5216139617631135e89
2.911863992398177e89
4.403390498076553e88
3.716987516834419e89
9.659396099899045e88
1.7694861222960065e89
1.6261310350968944e89
1.08610777094962e89
7.53565328061539e88
3.2825215666038394e89
5.551019134715216e88
2.1999428881087918e89
7.279267059820139e89
1.45277814829076e89
1.9094124935997665e89
2.421940834624489e89
7.64899485461696e88
2.3861742696772666e89
8.596330246249285e88
7.486662097080745e88
3.041408325281632e89
3.748930869003281e89
3.0836685444934134e89
5.192634748360677e88
1.6935422959486357e89
9.268410682448918e89
5.749234105838511e88
2.2760397883482303e89
8.556923058651712e88
1.8307509279756504e89
7.589732660957834e88
2.3739009117470802e89
1.878894957145845e89
2.5890169928435906e89
6.31831928647223e89
1.1412842874302969e89
2.3569511090269847e89
1.5638103058469532e89
1.2328570497300085e89
2.7068778485790465e88
3.637541278613103e89
2.1324191374405474e89
2.578209916319366e89
3.30297178810206e89
1.599761554766112e89
1.5455978147393437e89
4.7055643112701473e89
6.170099507518646e89
4.280308359423802e89
2.210760485431334e89
3.1868105941527183e89
2.516617669255955e89
6.783073490362267e88
9.590168319458093e88
1.0302578755570361e89
8.998478532567117e88
1.307055395457377e89
1.7985476598769484e89
2.111885621166934e89
2.3100064572757478e89
2.3179981940367341e89
4.518868286131945e89
2.5206112261185544e89
2.98194283584846e89
1.7099107864176974e89
9.534092622011915e88
2.3639631956985766e89
1.1864548835998641e89
8.407484542845841e88
4.1593810907761394e89
2.9535305777069076e89
2.5879941990786527e89
2.732075978139748e89
7.68246715778325e88
2.6140455055261054e89
2.3569010891437533e89
1.7215629137794192e89
4.3081785677467064e89
1.200035664114465e89
1.462928956369688e89
1.400443755736619e89
9.221641133078965e88
4.274208433345418e89
4.18528162623539e89
2.0069502494708744e89
7.949992861066382e88
8.421224960331871e88
5.0126253534515674e89
1.2104893292795152e89
3.8606643273177565e89
6.095872878645329e88
3.6112256401131486e89
1.8043702864877437e89
3.008342819294532e89
1.891664756885059e89
2.7186211596599386e89
1.8288187138262563e89
2.9237587679096616e89
3.451932106724491e89
2.5219812986661282e89
2.578035788008282e89
9.266871941352982e88
5.935336782797423e88
2.1919435205733365e89
9.007886645908485e88
6.97114143434628e89
2.865656482128334e89
1.6467875784074844e89
2.2811952742893713e89
9.211040298320999e88
1.5828993174951636e89
2.4092516437229077e89
1.3619496182958648e89
4.223511157629228e89
2.4036938599523257e89
1.3987644203239393e89
1.4287988184880927e89
2.8587620172025914e89
2.0418872818632239e89
1.83802753698059e89
9.361855263350952e88
1.0936814842343542e89
1.0805828552666775e90
2.9649160938769156e89
7.240865269814756e89
3.510462668061606e89
4.163106229169178e89
3.105621948090096e89
1.6587602455794782e89
6.291350905024779e89
1.379953856414405e89
8.321701457894436e88
5.875042161834883e89
5.0750257667681615e88
1.1570598618025641e89
2.2909508753231965e89
2.8768311547679815e89
1.983776865566258e89
1.360315605084645e89
1.0326507201382557e89
9.73563022554293e88
3.1940398970085546e89
1.9106312270774886e89
5.936749071784963e89
9.737098107464688e88
2.35186151845193e90
1.5090048424186252e90
1.6760317000777092e89
1.956032780823571e89
1.6144834005889372e89
1.9475383429948886e89
2.2707604928876245e89
3.3532094192220324e89
9.010656952385964e88
2.568113974606887e89
1.7647003298511734e89
2.7678433709436576e88
4.5113880292141105e89
1.4667752974393284e89
9.39487450835551e88
3.572222843403993e88
1.9027157534756137e89
6.099318339693626e89
2.8042166826013607e89
2.1164686764866193e89
3.7989469752951874e89
1.50080988273501e89
2.331881792179673e89
2.8530761556282126e89
2.755320942948061e89
5.8118259068368974e88
1.2702489044625042e89
5.396353117242383e89
8.316739480386795e89
4.486851912802878e89
9.630888440039778e89
3.4341524289511295e88
3.943995673779205e89
1.1061687013797647e89
2.3171476302429325e89
4.2402280608633785e89
2.3969323153532173e89
8.523836995433548e88
2.4893547840164103e89
1.0144405814161848e89
1.823829601974346e89
3.400063840505334e89
2.097339087566649e89
5.919390486096787e89
1.2260429803778388e89
2.2329661818046463e89
2.3228550125720026e89
1.6939896829885426e89
4.420791609688922e89
2.0354919840228854e89
1.2589383332664534e89
9.065241310231727e88
1.4905599608719988e89
2.33300799041348e89
1.666871928652118e89
4.020893461666813e89
2.0462200269517553e89
1.4293779078919667e89
1.3914789103824146e89
1.4830122616564238e89
8.558395334504249e88
1.6142947981614665e89
5.416907216813115e89
3.522152828368382e89
1.1233702392822694e90
1.5722956091785174e89
3.2860966987021535e89
3.319646305128424e89
1.2220138765923089e89
2.475391915208272e89
1.0038156656321272e89
2.210436169594378e89
1.698631824181187e89
5.855583083958222e88
1.2037991808212085e89
1.8799617285593404e89
6.257437629631695e88
1.8953375946669527e89
3.262125499452116e89
2.767509195836754e89
1.0339233547753145e89
1.7471471470265263e89
4.935361835301194e89
8.855800614978233e88
1.047417873069951e89
1.5779879073898426e89
1.5782532001423936e89
6.145377290640043e88
1.546840961408988e89
1.304403038147791e89
3.3276142600910126e89
3.0761062130018563e89
7.005314867259418e89
1.1839361035623681e89
3.4393313871762513e89
1.675684725909235e89
3.4500087239135284e89
1.5245292071256229e89
1.2706391228913765e89
6.012790699953306e89
2.6134122224825976e89
1.938491750111984e89
1.1305664373721696e89
1.965050465484133e89
2.1967999858678476e89
8.73188229200262e88
1.9872636088664897e89
2.1809271370022996e89
1.815393665466634e89
5.678452404016683e89
1.0452096258327786e89
1.2865481601734535e89
3.000808061382229e89
1.1093892390279315e89
3.1988827142745603e89
3.2453461003347214e89
1.7941384738106213e89
5.8507307964152996e88
6.232567717387831e89
2.863791615111463e89
7.896686023827606e88
2.6464726860462396e89
7.604158648874145e88
2.827438630645055e89
1.3893444749718316e89
2.2735082426535628e89
9.740944922899908e88
6.430470656908427e88
4.003411158661863e88
5.326121996876227e89
1.290733545404453e89
2.2838257957642772e89
1.1157145247229116e89
4.451443431509466e89
7.192431698823844e89
2.0029497586233137e89
1.849850632145712e89
8.346531114658214e88
1.624884648435594e89
1.6522123903759636e89
2.3785528222149108e89
2.8627304098924114e89
1.3991621812132546e89
1.6496499833633804e89
2.2394254832618697e89
1.738658132902922e89
4.694940100795166e89
2.6875032962329104e89
6.671279425788583e88
3.833667171536953e89
1.5615430035032277e89
1.6292108767720757e89
4.1705235246648097e89
5.428297880991462e89
5.231078748337981e89
1.7426671669661173e90
1.7402911922188268e89
2.3834191221917365e89
2.641695761772027e89
8.532624321016734e89
8.876789336509171e88
4.2335133348161915e89
4.9267318030832126e89
7.343399311946496e88
3.2576717318841497e89
1.9288028184003955e89
1.411439366194583e89
2.8551727671245574e89
1.2887947927769423e89
1.1685686553715036e89
6.675572804424484e88
1.988699812178042e88
1.7714915355468333e89
2.213160226101845e89
7.236726331389095e88
6.1686720090180434e88
3.242062472336572e89
2.5115795343918714e89
2.7787787930419755e89
1.6754789944688063e89
7.06097821604024e88
1.2951766815129514e89
7.965212546242704e88
1.1170743241752058e89
2.4150207509744977e89
1.0457412146115342e89
2.0947275277571825e89
2.3506694649378506e89
2.6811609179714117e89
2.465153054078861e89
5.19449890155102e89
8.324201253876158e88
6.855223760028912e88
4.338364018580138e89
6.47888496819402e88
1.7352379492641977e89
1.4123311254809087e89
1.1223985304233721e89
6.576259630903289e89
1.7563588809499808e89
6.715742514879499e89
7.546309371104737e88
2.2298038901880365e89
1.1189938548923756e89
1.0268015463282516e90
2.0265508442353263e89
6.933204910600089e89
2.945978955919037e89
2.1902515203175966e89
2.1733647390445915e89
1.2282745795731123e89
8.992328160423875e88
1.366363941718872e89
1.4742409160172695e89
5.858429302409228e88
3.916503711524059e89
1.3276025681517283e89
1.332910575578963e89
5.147258470973398e89
6.0561292464938565e88
5.03376663532271e88
4.5622055769142945e89
2.2492375817137477e89
1.516175169659902e89
1.1353307758160716e90
1.830014401207439e89
8.290624200938657e89
3.179139238089563e89
2.874329434913512e89
6.877051911202435e88
2.052181273561812e89
1.482269475701418e89
4.3380495770436015e89
2.388494730364782e89
2.3946106730061084e89
9.502552485474002e88
3.480177842441398e89
2.26411598919951e89
4.5206220532992667e89
1.6270318404908972e89
8.66228178292418e88
1.0843109887211268e89
7.296654851511913e88
1.6374413361598405e89
2.232411664543318e89
1.655946991552009e89
1.7843021290249654e89
2.1846089075727858e89
2.431916910147988e89
1.5152531525786646e89
3.2275383828942527e89
4.847434097834809e89
1.9764557967127167e89
2.1739109472956573e89
2.422840481554989e89
1.2014766620898358e89
2.4390361298616916e89
2.468823031410921e89
2.3241498952946474e89
1.423699316274747e89
6.411795328166809e89
5.876651866834272e89
3.2640269786463204e89
9.290388049444535e89
1.053738125663922e89
3.1079182409269373e89
2.0178626935073862e89
6.328046646165515e89
4.8815965264420693e89
2.3542264399331214e89
3.257530824535093e89
3.638927532475069e89
1.059408325630756e89
2.5987075523188937e89
2.78796850189076e89
1.2352961587690855e89
2.721894594704938e89
8.048335649869023e89
9.21180607221444e88
1.6696417954130735e89
3.363425502304329e89
1.074617241981034e89
1.462361605765213e89
5.353817325024988e89
1.6150471051027518e89
9.132051346687646e88
2.940449077463606e89
1.3762200477556274e89
3.128486374443881e89
1.2197636206947883e89
1.652116448338745e89
5.435197480502078e89
3.8891635880194767e89
1.562634923533335e89
2.4533685575275248e89
1.0951049013810867e89
3.505848846510942e89
1.022485094729168e89
9.710562168013794e88
1.574639610525581e89
2.1463287846533728e89
9.655331276142323e88
3.423497274221241e89
5.118048361672643e89
2.4721742371320946e89
1.5435814439214473e89
4.0281549429831597e89
4.1946510635554103e89
7.758272849229619e88
2.559198406092935e89
7.58261276841355e88
9.342321610542026e88
2.2443311330911211e89
1.144869299700297e89
4.492728239604007e89
2.1463229815262316e89
1.7742171611242937e89
1.4713897308187148e89
2.7323212143679247e89
3.0938920427900586e89
1.5999208070465016e89
1.4696082842244004e89
5.110356571872783e89
1.7961803933555318e89
1.2754133900832682e89
8.639707940134465e88
1.0627205359104282e89
9.710522178454864e88
1.0440000744187877e89
1.379600440941194e89
2.3230451476772868e89
2.683899875438072e89
6.269563091509637e89
1.7380652907858633e89
1.3493800393547131e89
1.62311910875896e89
6.99585730018765e89
1.368825094052906e89
2.1254495161521898e89
1.6403186025380722e89
3.21179101799359e89
1.5990746809863348e89
1.9511382374104846e89
3.2114920512674976e89
2.826682870107933e89
1.4719456655440854e89
3.794168208720824e89
1.84069501695968e89
3.747355841226349e88
2.711947854905397e89
4.4322100284183383e89
1.7250036447686046e89
5.934680069861942e89
8.899159981799356e88
1.9706652051211405e89
1.4830364624651102e89
2.4874594746187975e89
1.8706688663396096e89
2.141639270465505e89
1.0618137762773629e89
1.453821247651829e89
1.8550092314117296e89
1.421503247602333e89
3.223813121082333e89
1.6174645289862955e89
1.8352309895468893e89
3.9980181291443635e89
5.359827853293773e89
1.527240760109752e89
5.942363781772607e89
7.828062820212947e88
1.6504304635927233e89
2.3427427743286688e89
1.9879711448773958e89
2.3812857601084013e89
9.163557461855741e88
5.185050810831838e89
9.978868501980242e88
1.2366793204790994e89
9.931329969784975e88
2.0983378511675338e89
9.112200485419101e88
1.610182786756225e89
2.4590737842411417e89
1.1236339328018837e89
2.1766678198254147e89
2.521636044606655e89
7.880319587282358e89
4.89936074739983e89
8.894032635151484e88
1.536275308600399e89
1.1013595610756173e89
8.239579210814402e88
8.839074453802166e88
1.7418393081727313e89
4.4281626941637264e89
1.627823198586275e89
1.4508974530745013e89
1.7758722303697605e89
2.3403419373191637e89
1.2238122512123139e89
7.348692860968547e89
1.6476238938348347e89
1.8257669999449363e89
1.0093094661775236e89
5.90079929924333e89
5.5435483284219236e88
1.449758354291007e89
5.486296548738836e88
2.2931733998076804e89
1.6856755509748996e89
4.833260905566237e89
1.78832819280706e89
1.1222277503033156e89
1.9550867846905476e89
4.209484735982015e89
7.492618007414942e88
9.798179527843951e88
4.7784373442960547e89
4.8141942051212456e89
2.4426011848199534e89
4.8341370231072935e89
1.4867282650865085e89
9.872589332621695e89
1.246902672977896e89
3.7819721649522545e89
7.373253412427568e89
4.389689295094562e89
1.3763050988109264e89
2.8389062503390877e89
4.602110046965912e89
1.2478469512252224e89
1.2568637034990524e89
4.261015799280931e89
1.5140153741635794e89
4.712863492093204e89
1.575127520060739e89
2.961835175611908e89
2.30530468581441e89
1.0702096572555059e89
2.670752015530537e89
7.678335443838691e88
2.1984073830685286e89
5.867831864843935e89
3.652651495337876e89
1.2794105555678112e89
1.1343537012281468e89
4.767904736469881e88
1.2792305846120424e89
2.628849173080904e89
5.3180236634182435e88
1.721405255777609e89
4.615658585892952e88
1.106129743194103e89
6.288100163237956e89
1.5631186599110385e89
1.3803146436972664e89
6.747368006612455e89
1.2933781015552856e89
3.723402202983639e89
8.685433125798794e88
1.4133013367697888e89
1.0658018127491641e89
3.1084874638621583e89
1.2147113685081025e89
4.472471810853006e89
2.4907179670021674e89
2.863070006876049e89
8.89290936223953e89
1.3494896193191058e89
3.359715999520502e89
1.0275379736326889e89
1.2239007342142917e89
1.8673230939334427e89
1.5337317408673752e89
4.550218174110162e89
1.0684897422087569e89
1.489677773749673e89
8.602733561695349e88
8.181700932524103e88
8.455688648100295e88
1.530304987271125e89
2.084539418778854e89
1.4337338963388477e89
1.1660764598762043e89
3.3741455250619466e89
7.80780936858775e88
1.7470059818585196e89
2.2924635263826977e89
1.7635979600465778e89
1.3292098549556643e89
2.1849446390905334e89
1.839761407063922e89
1.4727185578690677e89
1.6983171353709283e89
1.0591122564169956e89
1.5736449527190758e90
6.902140891889204e89
3.0385767859993236e89
4.802023196031183e89
1.2045508917135408e89
8.580980678371536e88
1.1159355269010938e89
9.754452141796363e89
4.595144656790462e88
3.175631435132583e89
3.984741874607568e89
1.6473166903707807e89
9.749455980174625e88
6.52136057846971e88
2.6937946776163715e89
2.2375386479019556e89
1.487544057184671e89
9.81936371474149e88
1.4232268641767246e89
1.2410972877901355e89
9.746619982803395e88
2.2323247668113717e89
7.624626558306611e88
2.713909189773863e89
3.214787536439108e89
5.2152888053597914e88
3.642410032835407e89
9.57844841015192e89
1.7265245014189317e89
3.951170737541253e89
6.454641134001683e89
9.512803444170444e88
2.148580131594677e89
5.682818942960851e89
2.319480259393909e89
1.0072541411882187e89
2.2480131734013947e89
7.943634217043155e89
1.333257421574225e89
3.127404957691463e89
4.841577878396732e89
7.26927509450352e88
3.570605510481717e89
3.190664029232897e89
1.0729195416151239e89
1.5233338689840502e89
5.3913962355613046e88
1.5505653957572393e89
3.3707588662589153e89
7.175828176602902e88
2.800755260245032e89
2.799823059499851e89
2.4609841322347887e89
1.4576237872590902e89
1.4659966487362065e89
2.184339059357504e89
1.423046674666608e89
2.261083415753402e89
1.308611748837155e89
1.8647513628321203e89
2.7727806808748576e89
4.788170121448185e89
5.512421200723246e89
1.460460849380364e89
2.34709714490769e89
1.0939025337258666e89
2.899269370140833e89
3.7865386147106886e89
6.27023379057975e88
9.900705420490442e88
9.13048532469896e89
2.5172564268003573e89
3.7354517273187694e89
1.5244169512693426e89
1.3507485156308844e89
3.258737365813318e89
3.1168028107105605e89
3.1796235251905673e89
1.3678335696429382e89
4.004046185475687e89
1.7990448721186453e89
2.2854496658791357e89
5.327824082478071e89
7.621773855047369e88
6.911812919585434e88
4.0100594143370585e89
7.059483649851439e88
2.154632025041585e89
1.3540166442975504e89
1.8931862759906938e89
1.0540279945532168e89
1.2913883104288497e89
7.829464096986091e88
9.323025913706492e89
1.1293829112211537e89
8.60284200765971e88
1.0411488553353384e89
1.2135896607784905e89
1.7425437337127282e89
1.1574734360577298e89
9.425059512899104e88
1.7217389235872604e89
3.281279864458612e89
4.400923373107978e89
1.1860780606080178e89
1.842949652115101e89
1.767575130131819e89
3.668094021048694e88
3.4859269700639856e89
2.6537691200830155e89
2.6203000491762915e89
3.2449480370066664e89
6.276147623730094e89
3.197375657733588e89
3.993426210017552e89
3.0785585631118467e89
5.814285816409698e89
2.8330175938482925e89
2.130926766645849e89
2.1005715667351755e89
2.1792375494729724e89
2.050629081447843e89
2.131471912805556e89
2.47473598181937e89
4.751519098103504e88
9.694815751563692e88
1.9640483874370402e89
2.3626073483236884e89
6.649908667381783e89
4.1304208357522015e89
2.6269818735932304e89
1.7183258346642214e89
1.347710361485759e89
1.380195169306751e89
1.44925574627771e89
2.1068504804539523e89
9.104137050732628e88
3.901992953348944e89
1.6061505608632207e89
1.930766341957567e89
2.1157377839206011e89
5.193448246623077e89
1.7390999937820083e89
7.479112152065548e89
7.750762628476376e88
4.130805121555327e89
5.991401399737396e89
1.0020350942925e89
2.5981024606892004e89
7.266471681174475e88
9.586294383149371e88
1.8669377712675122e89
8.125676673506527e89
4.571755399416481e88
9.332241306454997e88
5.725265080535137e88
2.1199174882847477e89
1.8672591868062233e89
1.7492333777167074e89
7.014414503642634e88
5.923924671103461e89
1.512695551463113e89
4.2530000244174077e89
1.3609270413042763e89
2.674434760164313e89
1.4761923727333245e89
1.1724189441347135e89
8.112375841368275e88
2.0560171284606526e89
1.8808336888344516e89
1.072606513230531e89
1.2147338445565519e89
9.255691543051889e88
7.911691188517935e88
2.5323568685420367e89
4.401830636163896e89
5.978354077325228e88
1.9503956598599958e89
2.657149166429675e89
1.1470259753779969e89
1.4167505127268294e89
1.977751429089816e89
2.7013213249592075e89
6.120184515482205e89
1.0968859141130346e89
3.348367273079506e89
6.185656835048195e89
1.9812972014862874e89
5.3184483171592385e88
1.4054710236609848e89
2.8362484858782064e89
3.507270504855697e89
5.024541495420348e89
8.902567443214161e89
2.3069134913255493e89
1.0090271877721e89
2.1612254637636988e89
3.4622287743009494e89
9.407250746282759e88
2.55800778107117e89
5.556532994800348e89
1.3360679853481878e89
1.2082245150254078e90
2.6791692110490615e89
1.877265411779364e89
2.884052067325669e89
3.6340334000511354e89
4.9575618457334056e88
1.5552438124672206e89
3.946928527790028e89
2.3146653179993924e89
2.4133094715319847e89
1.7608798273350248e89
2.3641227552950188e89
9.416860688599301e88
1.89410265886456e89
3.189303901756081e89
1.793378653754369e89
2.4524067596021635e89
1.1449394450342855e89
