6.775351180418161e96
1.0404258192736945e97
4.0827800137379614e97
5.10229312943411e96
2.527302751159007e96
2.7999528747512027e97
4.0651757605272137e96
6.752164463489279e96
2.1958204370101527e96
5.691988662858681e96
1.4980173454650357e97
2.4917239787713275e96
6.576832643937058e96
3.3705172568370146e96
1.0726294627274807e97
4.0312903427316015e96
3.725351318764995e96
6.100838179152046e96
1.2936404591297963e97
1.019809187355429e97
3.9087575181604424e96
4.412989295480027e96
3.1504290395281855e96
1.3924393467690215e97
7.419681597672846e96
5.851321493285589e96
7.688296000912807e96
6.039587699840348e96
1.0332297408842846e97
2.6178408849583557e96
2.860846848184761e96
6.994635632003456e96
1.7764202768758175e97
5.20309846386103e96
4.8252506168016805e96
5.860573160338629e96
2.0172352602207197e97
9.359651315931436e96
7.79447051959797e96
3.1495990058490424e96
1.7720584356779103e97
6.9750014358719085e96
2.675354460098226e97
4.94188934486932e96
7.14893274154128e96
6.850806905511786e96
1.6543507682006731e97
1.7547239515208285e96
8.605330610844055e96
5.659134226075328e96
6.055682357787197e96
3.667910838855188e96
4.770363454586861e96
7.277373386781058e96
4.16644690786624e96
1.1686360795987392e97
5.007080847296107e96
6.712191880850161e96
2.9824161794716506e96
1.0718117421274939e97
2.7232464320183946e96
1.176920929484324e97
1.0675576204082228e97
1.034890915873322e97
1.2966396628168878e97
1.9225714400593678e97
7.260982566699822e96
1.0264130751894473e97
1.2123881697786718e97
3.1490503268106935e96
3.905507971874652e96
1.3828993886898287e97
5.212051686283016e96
6.178905307049651e96
2.8739648503178666e97
2.4216558789715952e97
1.0709151428896432e97
2.548812039920456e96
8.106185770341384e96
2.508247486096337e97
4.930636812458206e96
8.847669437690095e96
1.1204046114066728e97
8.889786198662487e96
8.779730190335957e96
1.2336273427642841e97
4.782059849213095e96
7.764745494194728e96
4.361632202605425e96
3.1007316829195795e96
2.0350354080389e97
5.261564002311281e96
4.297711674679383e96
2.7374917196969923e96
6.338218637521777e96
9.097829166960184e96
2.1091724700741216e96
6.534980003241585e96
4.837916138139854e96
3.731713673574061e97
7.893043321959259e96
2.0145068072012893e96
1.2509548899406999e97
5.221079918084029e96
1.4117788360965e97
1.6380046393808041e97
2.9823882634123644e96
5.927303631791845e96
8.405571295983916e96
5.634734747180609e96
3.248849403587496e96
5.775759374602663e96
5.740408834041447e96
2.223600019273389e97
6.114289488466592e96
5.023899775326951e96
2.475871354187564e96
6.737550418598487e96
3.540836089969579e96
1.0468448900632535e97
5.394461304682418e96
2.1421387596300835e96
6.3340794662566115e96
3.143870633274913e96
3.0649594327281885e96
1.2351297885265572e97
7.670348973033654e96
8.712347430747046e96
9.264935320992511e96
9.376235719735723e96
1.1769882404008834e97
4.178851096861736e96
6.441755930962669e96
1.636593861973253e97
1.0172737988644597e97
1.4636721810778435e97
5.480850786988547e96
2.9325573575867017e96
2.3468278904020216e96
2.6081884173176345e96
3.3569089936312055e96
1.6166273728511794e97
2.6936727226102696e97
3.793007621904746e96
3.3829246260771194e96
2.2787765612573453e96
4.920601494200162e96
1.9410931981259845e97
5.306977117771478e96
2.076203263718692e96
4.0685777187251656e96
7.750679915293633e96
3.8528230527668935e96
5.515847974385015e96
3.0743847644232113e96
4.749985955752247e96
1.055257548546329e97
7.35600527330531e96
1.1269429870426531e97
1.3410737639053148e97
1.3728571957170875e97
5.843546209248158e96
1.7390978686553556e97
2.3297741677906766e96
1.3727431666139783e97
1.144051008823981e97
3.301158904709544e96
5.823214611479719e96
5.0696249947921855e96
1.0091484404849676e97
9.453847295832298e96
3.46817102910432e96
1.9948614920078145e96
7.663792941249948e96
1.4445368419694952e97
5.52683976510482e96
7.9291877357451775e96
1.3999391728465e97
1.1409315628434837e97
5.15950021919477e96
1.1896783928617396e97
2.6423514465999892e97
3.455886676051225e96
3.207139379214924e96
1.9679210017396496e96
8.832765249274724e96
4.1736883998418363e96
2.489888507956673e96
2.5341293319488835e97
1.7164027467676364e96
9.600153464897541e96
3.24943873591158e96
7.013123816382135e96
1.1897160467358748e97
7.722901126171572e96
4.0858402964537097e96
8.883892696042326e96
4.6531447454996e96
1.9651864528477433e96
1.047669100923508e97
8.289481279002253e96
2.7729694053390974e96
8.543072680872147e96
8.4075193101549015e96
5.844326018675482e96
5.1565188019864685e96
7.118737011176833e96
1.1775712174718153e97
7.386877754482517e96
1.7746578904280848e96
2.028940036989863e97
1.081444018288325e97
4.235217043265535e96
2.275806994418583e96
1.887985696231542e97
9.242979913423684e95
4.927641972659477e96
8.350687489370896e96
1.5539999164499762e97
2.752972612860447e96
1.516873263521748e97
5.5461526866091005e96
1.047866138586585e97
3.497683285283788e96
8.518378957679571e96
4.931913936220725e96
5.906984657586872e96
5.385234134578885e96
1.210805159556999e97
1.0569052334026127e97
8.660598884059989e96
4.589614992705425e96
4.869819632275246e96
3.2220787668139316e96
4.043684862659067e96
5.073451492561465e96
6.016006841957211e96
7.716679873234145e95
1.1849704254917264e97
7.065914857042246e96
4.865871705774679e96
8.291240097723615e96
2.0494684920121638e96
9.16352685079474e96
9.093168714045438e96
4.0596313214637475e96
7.495966995725226e96
5.600905281676303e96
3.379001518829751e96
7.8389950250949305e96
3.5843789199325843e96
2.5096285594466323e97
6.899463564864338e96
9.76382402266747e96
4.776101326060868e96
5.95303340513817e96
8.36412191142155e96
9.97954149939928e96
6.147606502072316e96
3.1199010116463306e96
2.961770036955569e96
1.3316161933448974e97
7.09549822246842e96
1.1952200986336367e97
6.927340724722894e96
1.0749334956758862e97
1.7472435057591061e96
7.258224939945234e96
6.771716456057005e96
1.2622817191607736e97
3.3856650249572273e96
1.9824115228396056e97
1.0862350973097276e97
9.827187600242408e96
6.455224168368e96
1.34224217140623e97
2.7639003700871e96
3.96874163144694e96
4.665503059851302e96
7.867116194278483e96
2.417532549796501e96
3.5991938508400375e96
3.026940772161014e97
4.790364813544017e96
5.192086495786955e96
3.202132088127319e96
8.242483694030614e96
1.1248115875972797e97
7.714574312964991e96
3.765079313078737e97
7.885239065527977e96
6.188118117851465e96
1.016367240440153e97
2.332122824556391e96
5.989461286403404e96
2.0967357705129768e96
6.968311187014384e96
2.7136927769820595e96
1.0976581345971516e97
2.8208058748608576e96
5.891107928902139e96
6.773296753218086e96
6.963982853768651e96
1.6548387360678476e97
2.724556152753699e96
3.511525778616423e96
2.528555785163323e97
1.6817485023818838e97
8.67119816176576e96
2.7131765403534607e96
7.614002342791237e96
8.928160061855415e96
1.3150859522689357e97
2.929688824194404e96
5.386192075898747e96
6.200596544930302e96
2.5890578187185213e97
1.216328176066909e97
4.2523148572207437e96
1.1286296921572413e96
3.293584752258517e96
6.666842344679878e96
1.8394779192074806e96
4.076283538687216e96
8.156757493671841e96
1.0402024067197664e96
5.570377762968672e96
3.2480441492960606e96
1.566780941771424e97
7.61813491978869e96
2.0576553714578564e97
5.058771104203542e96
1.4209325667750098e97
1.531018297211319e96
4.856208222373668e96
5.0307184252507345e96
5.898647471493365e96
4.894533928797847e96
2.1729794485568e96
1.19338532300909e96
1.48710517506467e97
3.084512641955303e96
1.8258660950972143e97
4.293633425970233e96
7.85673469589139e96
5.01541590670892e96
5.294367843374341e96
3.2268559154348004e96
8.646804204309725e96
2.4922490268456505e96
8.3919417096177685e96
5.334448299781641e96
1.2139816918281836e97
2.7729855436641973e96
6.762539889563455e96
2.9494008745574494e96
3.633057191421341e96
9.18311385457554e96
4.4001260040649e96
2.6847475187324343e96
9.910781993101517e96
4.627324793862907e96
1.950645169696881e96
7.836122935105268e96
3.0315961046641246e96
2.906466212416845e96
5.71629067379203e96
6.619179578490027e96
7.468179563756141e96
3.791086813406842e96
5.861173938274724e96
1.8203324686149084e97
1.2828549044487878e97
5.991110741306624e96
3.5347336006775136e96
3.1242855017120337e96
3.664340381269159e96
9.505684847622987e96
2.3101062475166557e96
1.0987756038006873e97
1.240103031411616e97
5.387917502754661e96
3.0948511285086597e97
7.948501136181723e96
1.0118216367509818e97
1.4095465197482597e97
1.3561466642549765e97
7.060726675422226e96
6.8527259504393815e96
1.3237999525603159e97
2.774649283327115e96
4.2397727757831794e96
1.8272072690816887e97
7.07824008664419e96
2.6310395187980734e96
6.748619138879937e96
5.7760278626138875e96
2.1054991781245674e97
2.5027867075514928e97
2.6562410692156527e97
6.227022783080342e96
3.5155087214700204e96
8.989039934388608e96
5.656792246722577e96
1.7078092564125832e97
8.990640277441295e96
9.746515319145698e96
6.095564826513153e96
1.222923345311312e97
5.269416523921788e96
1.422536341175404e97
3.9283823923135235e96
3.1509842388164247e97
8.813725333474567e96
2.9224178144408946e96
1.652103510364716e96
1.937391904970914e97
7.265446051850683e96
3.73412936764784e96
1.5189187512949761e97
6.053942651406532e96
1.1855523135672986e97
6.172934367529972e96
5.024261796438418e96
5.399100161318303e96
3.9598053653810485e96
1.68750552213787e97
3.603607411516885e96
5.592721892223168e96
1.094931164144019e97
1.298679452192165e97
8.0586821245126555e96
6.425674127847526e96
1.8431801364793266e97
4.288448494416132e96
5.032481410048245e96
6.70740587086973e96
1.0869416329528781e97
6.829919218412152e96
1.3440633024093577e97
3.5664626911819633e96
2.119111367097734e97
2.1747645805535987e96
1.786028244077529e96
9.70728660505566e96
1.5377441881738348e97
8.1643496167160165e96
1.3388650410263011e97
9.823968831622332e96
4.757107603603746e96
1.4932291901567286e97
1.566716639551741e97
1.1651634415483876e97
6.826310541851573e96
7.170376926302801e96
6.338343543370889e96
5.463183163829298e96
4.633810410134234e96
1.900925372978095e96
9.591594374707779e96
3.94780712503854e96
1.0408720071907873e97
4.0275970751399953e96
3.593525661412718e96
1.4370483479965234e96
7.254594453738128e96
4.1018967487821617e96
9.77916479678082e96
4.778969587829988e96
1.3834518024983783e97
7.105639816791323e96
5.686953589917888e96
4.857149393824246e96
1.3464679309593737e97
9.16583943350299e96
2.6020655858209637e96
1.1563885698249996e96
5.569422009150901e96
9.75452785452137e96
7.294688481298388e96
3.507581538006098e96
2.7467863672813435e96
2.333153135896251e96
4.667360627833557e96
9.630241181062546e96
6.576063046773375e96
6.846076811499918e96
2.777206805184647e96
1.6164560014901421e97
2.012105048204834e97
9.959137102269045e96
5.455176754760193e96
4.084471393171991e96
3.786459430280451e96
7.040978649173073e96
2.350839579060666e96
1.0398419901259475e97
5.842305437300651e96
1.2921451334222299e97
1.9378897341076597e97
6.429442637259558e96
5.405023261509938e96
1.266886859510761e97
4.787603881410879e96
1.889080324255609e96
5.121341683605072e96
2.724726528905617e96
1.910926591818485e96
8.1392160060889175e96
2.557296796511552e96
1.3539543650384824e97
5.783889303849839e96
3.2410543700920112e96
5.903492510559738e96
5.601138894183831e96
6.965566581917859e96
8.376662204455694e96
1.1022987920352376e97
5.9073260121470415e96
8.718454970932463e96
1.3192062427947034e97
6.060702600406019e96
8.089974828705018e96
3.2038219144449966e96
5.542004916716147e96
2.982842171178779e96
8.27464979143079e95
3.5341549099149177e96
2.927742781141142e97
3.786692757589399e96
9.733241202708713e96
4.818708103158409e96
1.1421857240345048e97
7.745588045501524e96
1.0255049882860597e97
4.1027540234763243e96
7.018634123107584e96
2.9591125411090363e96
1.4396270948992418e97
9.47205779175008e96
8.775902490960177e96
9.076754923412746e96
1.4430089170194741e96
4.371589957101317e96
3.567942565106048e96
8.654807078505794e96
6.028581189873293e96
9.45225470698534e96
9.007817245418088e96
2.6747398410668687e96
7.365390477948459e96
5.248383591650307e96
2.2642903041215853e97
1.1192962198387477e97
6.261998778346134e96
1.345663089816842e97
9.55483604664893e96
3.091402083868331e96
1.3543720587035183e97
4.5621490049117055e96
2.0320787825191507e97
9.99114911432437e96
6.312877922545317e96
1.4257224842914758e97
6.021472228386834e96
3.049418894657922e96
7.319600705044888e96
1.359601198594861e97
5.206386565478464e96
8.70566580467898e96
8.087363139157909e96
2.779875911701547e96
6.122871161684069e96
5.290443243494529e96
3.9660442173859763e96
1.4521188961238086e96
1.1557302603330659e97
4.344129409822757e96
7.148119977510592e96
3.424822489750348e96
2.4775032892970037e97
6.5137864323136245e96
1.1258363255079775e97
1.6227364098073748e97
3.821727254190698e96
1.7903549121058034e96
8.815939227988146e96
2.2077323273095515e96
2.2838523413376226e96
4.0816452584662374e96
2.0926447965161207e97
2.5937031008475166e96
2.5949715922318947e97
6.601695536661232e96
3.3980940183806275e96
6.528664497699682e96
3.7149947126735493e96
1.4209535960114449e97
7.623201438676543e96
7.614680983056993e96
7.243879914059472e96
3.5017043528280956e96
2.203315759622399e96
7.026233421117995e96
2.086068791536365e96
4.362568961983508e96
2.0883075965000082e97
5.109027835463614e96
9.305233284310614e96
9.701552968754012e96
4.463643513913316e96
3.758097217884815e96
6.201304522691787e96
8.293705195781544e96
3.2260435721093303e97
6.094672322346104e96
5.465431259766568e96
6.127614383244954e96
9.774540126005117e96
6.76655223716833e96
1.1985657352893161e97
6.953901817319692e96
9.95403012582241e96
1.2626208588566192e96
1.6318718091158586e96
4.315362084414879e96
3.8897597344258033e96
6.553181216978946e96
4.973666597284789e96
1.8687717060799818e97
8.462921123060356e96
3.2811101157374614e96
3.1605895287024427e96
7.627838702523229e96
3.1829391072203593e96
2.923227371360172e96
1.0178934433728164e97
1.6596241300308415e97
6.118535336839468e96
2.0035783510143046e96
9.430476011011777e96
1.5173733653242866e97
1.3794487170916959e97
3.246835271012358e96
7.738146272878291e96
3.1751442180021847e96
8.241898423596041e96
3.68135072840233e96
1.0431866459037455e97
4.411218166852718e96
4.835445413450185e96
7.022875457336773e96
7.074299577249754e96
7.607849221316579e96
9.717645759783698e96
4.457231521891204e96
1.737034612026301e97
4.1286424074902885e96
5.111528416503928e96
5.598648250591756e96
6.625480164601608e96
1.047192736573908e97
9.097756247796558e96
3.13967635269984e96
1.335002337226021e97
5.404966977347527e96
2.6887613861296338e97
2.8412648381991173e96
7.743629180516924e96
5.11268106598806e96
1.1031100854523665e96
4.749370192016462e96
3.6626699851973487e96
6.820479311090906e96
1.4211336027913343e97
4.187328318470899e96
6.187890158265546e96
1.5275870136154553e97
1.4326247084906075e97
4.480937338171524e96
3.9429035390732953e96
5.523854615068722e96
1.0554414920352064e97
7.978867730030151e96
1.024386204458744e97
8.947469390213388e96
1.1391419730635387e97
2.98620540072648e96
6.53383882888313e96
1.3548811604854671e97
7.603961397515713e96
3.9013479583887527e96
4.86080060314163e96
4.1633746244546886e96
8.124398613445143e96
5.462765586298542e96
5.043180974051368e96
2.331187203824852e96
3.28019427290891e96
6.116092873938835e96
1.938834817579108e96
4.518996964223385e96
1.2638874660551187e97
3.121102211724294e96
1.5017784748538222e97
7.449759507904157e96
9.675894591797423e96
1.8149235433070473e97
2.771326366284106e96
1.5304581627188529e97
3.3572194281003174e96
1.1151191702603284e97
9.97007829722274e96
3.796957055420977e96
3.7601912568773486e96
2.3548127233400356e96
6.799811615377608e96
8.469804018178359e96
1.112007101342691e97
9.293724219269024e96
3.5531718941073958e96
2.093852804394383e97
3.3234184176903445e96
8.164105013390091e96
9.633099827602777e96
3.8615711956609406e96
4.461347101310338e96
6.670619593712689e96
4.548918780741555e96
1.423688786501309e96
7.5884179448521e96
8.020888153649743e96
1.2639568113678997e96
2.97064662609138e96
2.331014435721464e97
8.049794245426372e96
6.419717365032455e96
2.049526767373447e96
1.6544067001263128e97
4.860259127995364e96
1.709825308035031e97
8.417807272775051e96
7.942775133104022e96
7.721995871364376e96
6.933238644247039e96
9.045788383985792e95
7.022908925356579e96
6.201753951971744e96
9.645318973157168e96
7.25249489254716e96
9.146550288272855e96
2.0099960999569504e97
1.265653470865935e97
1.4418933346715733e97
7.216341678521436e96
3.0671784281933525e96
1.1389839463458993e97
3.333832705132288e96
8.534970195090311e96
6.664796623951413e96
1.6839715197198681e97
3.74993155764979e96
1.2926122779118782e97
1.1650481493252896e97
4.74720940029043e96
5.559023783253243e96
1.4411151865536127e97
4.857689385736558e96
8.127670605691067e96
1.5682765126263148e97
1.4101167180040072e97
2.2630059058567555e96
1.9499774190128015e96
4.887811359440061e96
6.423451567089067e96
1.038404056900345e97
2.7368627983207884e96
2.8230324000714565e97
4.398036895222101e96
9.602892002938239e96
1.0098187968128421e97
7.541196270617662e96
9.894102377502714e96
4.434845372267431e96
1.3155645289645231e97
3.874286631940268e96
5.775721557151663e96
1.3178216176711532e97
4.1187184233865177e96
5.462718715296892e96
4.736574463467619e96
1.1722516646002985e97
1.192734295054708e97
1.4811402624986742e97
2.4009449551856902e97
1.2637819849226146e97
1.037938472441286e97
4.969295327902332e96
5.481201327945011e96
1.5824034602137452e96
3.8418031222251662e96
2.953331894500915e96
1.5480911366509305e97
8.0176606603881e96
9.902088024507555e96
8.111786505244983e96
4.879056222885771e96
1.0527865252954735e97
4.61981513225582e96
9.342276753635108e96
1.1485952960592047e97
2.5376854733282373e96
8.784975500408809e96
8.72988164840906e96
3.9298439981833815e96
9.8642565930688e96
9.782782709072324e96
1.9081585379904416e97
7.043844876375658e96
9.501134311738016e96
2.026936726034827e97
5.193283715471187e96
2.5659738524393393e96
1.5556058633638957e97
2.431694135461653e96
4.320269762926852e96
1.2997845814266534e97
5.8190658109550685e96
1.2983598451853055e97
1.5391345078274204e96
2.554022333163316e96
7.057399752957738e96
2.6372636915260854e96
3.081613730181522e96
8.672961611540583e96
3.633541152718351e96
7.234903760716135e96
1.74245474909228e97
2.9178380303786294e97
7.9909544260206545e96
7.690804284987427e96
7.043450247628286e96
5.258914037820294e96
6.718400249388056e96
1.102797133909882e97
6.012666644219961e96
4.852497629820939e96
3.6037422473685717e96
3.5086995268134004e96
3.347380694014099e96
6.152109529497341e96
1.1051066152915931e97
1.3748060699647046e97
7.601808913769872e96
1.640292866066225e96
6.3177576402488775e96
2.29579890060282e97
3.492295633599263e96
4.0236632117843466e96
1.2320162241597195e97
7.825664725215393e96
8.472970384426231e96
4.565673782426562e96
5.667571181541385e96
6.307274246234269e96
4.1763652336760037e96
5.323962476029988e96
4.400992661251524e96
3.11760784660477e96
8.652880558222067e96
9.109855838522664e96
4.653361076846102e96
8.050026139253254e96
4.291302657931656e96
1.1369444986904894e97
2.349831958552381e97
9.630602418136456e95
3.8103485603589663e96
2.897217517470571e96
6.053460570229974e96
3.4079587468034816e96
1.2730091114174446e97
1.645665941290991e97
8.124268884678375e96
1.755944463862717e97
3.007970675391435e96
2.9983700245802695e96
4.556653287183047e96
7.142417455997239e96
1.498412496020278e96
1.6280487511770936e97
4.673760858390721e96
6.280383051832631e96
4.920323778671527e96
1.963689137849237e96
8.261233264996626e96
2.6062207286099794e96
1.1471028996560859e97
5.27582748997995e96
7.325414738695714e96
9.43668649288312e96
4.299156322021743e96
4.649684768256449e96
1.591111182242899e97
2.107421165660437e96
9.933694778373104e96
1.2834147543630192e97
2.159553183820798e96
4.310398609622292e96
7.864424060856852e96
4.0120312284919524e96
2.293807781874473e96
4.110819695740722e96
1.3257971449036039e96
1.1892113066840664e97
1.7007475347670726e97
2.91993309683585e96
5.740234654975046e96
1.4051235826070475e97
4.240363474305927e96
1.0288775693661913e97
1.3238636912831894e97
8.095513810001444e96
3.427837072303754e96
7.710745936902456e96
1.844038683951206e97
1.470528096116573e97
9.873793201275644e96
1.0588333082838092e97
1.1194870359343745e97
3.328390546415596e96
6.851917149404746e96
4.294277246127277e96
6.469879787202438e96
1.3164477187816296e97
8.865714036237393e96
4.120047362274744e96
2.224775679391024e96
6.188927560718704e96
3.143782933394702e96
4.542188646563981e96
1.5834575312660434e96
1.3856958580240888e97
2.23482611176582e96
1.072666080457843e97
1.5955108962253806e97
5.173021387830767e96
1.1694146972732421e97
6.093153209039624e96
6.684851692623653e96
7.545883680821918e96
3.6941969475452764e96
1.5342778332710247e97
8.611706194461894e96
5.709875226780812e96
2.3467383002155637e96
6.093139857683101e96
4.689235515665993e96
2.5579460669985543e96
2.9625321523156196e96
2.8200557743465865e96
2.1156527077597906e97
1.0456888550196389e97
4.1315534493253112e96
8.161668491474993e96
4.775792101645947e96
1.4610635542936839e97
1.2388132615122246e97
1.0964838542211716e97
2.20200900263077e97
6.66387014337985e96
3.824237761011907e96
6.106075640092772e96
1.4417929687702413e97
4.475344140711361e97
8.096247630079003e96
9.802985626762184e96
6.0533845815169745e96
3.629796822908536e96
1.0132644592203536e97
4.021385069500962e96
6.114069628327622e96
6.594434359913172e96
1.8481752311827565e97
1.272163630158718e97
4.668354938657885e96
2.8127215395172563e96
2.9102828784749866e96
4.4485086051277965e96
1.35928682737046e97
5.529776651624997e96
8.476939094698032e96
1.6421693370573732e97
6.289113932887029e96
3.7768210095674737e96
5.811719181014478e96
9.1895614803353e96
4.0315442670624754e96
2.1484673074856303e97
3.349703512350907e96
