5.863460951828009e26
2.9060925496599285e26
2.140206329877228e26
2.2137293549242712e26
2.803677442666153e26
3.734404099668144e26
4.71111920756798e26
2.7691218367576188e26
2.8161494813134006e26
2.1649503556273118e26
4.8503729132536025e26
3.0349756374046226e26
4.376655557312015e26
3.9498960663533824e26
7.95043179945191e26
3.0762611549179675e26
2.1981098005401835e26
3.0177064541666975e26
2.3090964514978683e26
3.329137632950296e26
4.1224491508267954e26
2.811921076801927e26
3.3788463502966006e26
3.305455839195627e26
1.6118368131733103e26
2.5580999306907048e26
2.3338324321983137e26
2.458267756119703e26
4.3811373428507215e26
4.3488137250905885e26
2.0380178643928092e26
1.7562036500139763e26
2.5995362344998513e26
3.9155870924919664e26
2.8711208965246845e26
3.11495295853362e26
1.9712290864005026e26
2.317739837934586e26
1.858329661710638e26
1.7143196497121828e26
2.5349444625797775e26
2.1443956227373993e26
3.172352571529505e26
3.316618870244023e26
2.8880505282975665e26
2.0128325450244118e26
2.66465576586888e26
5.7748620508138657e26
2.2781100890998522e26
2.804103314626953e26
2.3964639360487493e26
4.108468418219014e26
3.148074779468972e26
3.824865755504954e26
2.9028177723931623e26
4.2078742077560785e26
2.4830731857553905e26
4.579188357286381e26
2.9594929582366187e26
6.137248691566088e26
1.2399792688172488e26
7.09365604378668e26
3.515543189496583e26
3.1611241034164775e26
5.3001753000981075e26
3.300057462285554e26
4.732325194293119e26
1.9224018594463124e26
3.950215040454e26
2.4600430278691267e26
2.751849859039717e26
3.203525714347826e26
5.223688754648058e26
3.0365036395219848e26
2.6942449791608593e26
2.8401211965182083e26
2.834312260912109e26
2.97580297144205e26
3.3700415956840286e26
3.3974349918585806e26
2.4043386118171973e26
3.0991885882353724e26
3.9036266307629515e26
3.276461280422325e26
1.4927486373111988e26
2.350954552640143e26
4.8801920425810024e26
4.9362258836796336e26
3.182712974226023e26
3.7390178466823635e26
5.541607482634304e26
3.249822412680306e26
1.6944967157704982e26
2.2883507646532955e26
1.7204322001996015e26
1.6465482922572366e26
1.7295931436024052e26
4.890374990397532e26
2.895787866957965e26
2.2421295703938804e26
3.505890079996555e26
3.6888496396603836e26
1.8297468000516072e26
2.7296942990831792e26
3.864058576125139e26
3.281865498316565e26
2.7627542871390804e26
2.0814512548838005e26
7.283608891987154e26
2.736588077703648e26
1.3386691294850764e26
3.164310770342428e26
2.8535291524170867e26
2.742430332737804e26
3.4019843712452766e26
2.361959798991536e26
1.3780850888947234e26
2.0138612897247838e26
3.263164910047628e26
2.8400089939442734e26
2.2314854485954627e26
1.6965579286124525e26
2.141288761281654e26
1.918344514177546e26
2.8184313167098223e26
1.2211387171620114e26
4.05074878956453e26
3.5138847606627334e26
3.492569719685683e26
3.095090506838148e26
3.106705701051835e26
3.080030767978986e26
4.145539608785273e26
2.1695695069749553e26
2.8229260254032264e26
1.773714727381754e26
2.7961694918876932e26
1.9825191498298e26
2.2016388727587174e26
1.3974796451314035e26
3.0245209426649767e26
2.7120312880209266e26
4.270779044893982e26
3.3584029363898205e26
3.205857280866039e26
3.241111722254566e26
1.8199908983730958e26
3.180674987765261e26
1.7201813862672708e26
2.8775856789349084e26
2.8506221678951818e26
2.4733454590917896e26
3.113350300266458e26
6.054502639371128e26
2.802822989113315e26
1.2828139193659043e26
2.647106110695265e26
5.427058167988588e26
1.7982171758068422e26
2.0156812790013584e26
3.0770015404383825e26
3.5960462490716245e26
1.8595592382298976e26
2.8094082561567224e26
3.1828244812801376e26
1.3146862166153353e26
3.485760203895473e26
2.1194601175361095e26
1.3429495611934513e26
1.261443176206004e26
2.7594205010502365e26
2.1960129931162734e26
1.8183260750078838e26
1.965747439496264e26
3.0330987624473352e26
2.4292456923390718e26
3.0249553360941535e26
2.4016015026996526e26
2.073351707722866e26
1.9810236516378817e26
1.907744220486528e26
1.942680533099887e26
4.530540335556475e26
3.481108823306523e26
3.0324162836088597e26
2.5187368363649865e26
3.815929647459448e26
2.0382915967046945e26
5.3259501567620186e26
2.8484287960237792e26
2.921475224341037e26
2.4874234025659337e26
2.891761293710654e26
4.347566637666444e26
2.9474026245417347e26
2.823599724339729e26
1.4586816890001123e26
2.1496197566373305e26
1.921882654243815e26
3.3956464073109814e26
2.8661175361486932e26
2.677130930803714e26
1.162970996822168e26
1.599851984013033e26
2.2850323390411883e26
4.644179789834093e26
1.5890790602518382e26
2.9754761535358204e26
2.0954548488231317e26
3.5705847924977944e26
2.2258597761889937e26
1.578703574948232e26
3.1746454448668065e26
2.9797152466168837e26
3.6433052830921224e26
2.9300924791401008e26
3.0823790590632235e26
3.760055706022074e26
1.7072562100449885e26
5.460868638621736e26
2.7865969465478645e26
2.7078368254770502e26
3.195760352230687e26
4.9257805838582836e26
2.6292078764364542e26
3.588691858667407e26
2.626905199640368e26
3.421432125562095e26
1.8428329019990398e26
4.9902323120144804e26
1.895537681137646e26
1.79774221860495e26
2.104584041164062e26
5.718117399586363e26
2.7157106498199638e26
3.511116345554842e26
1.439910585699837e26
2.300658731603862e26
1.0979018387730305e26
2.4191962722551615e26
2.5754511129791376e26
1.837927391307657e26
1.7952331281480044e26
3.13758379335833e26
5.0497105689528625e26
3.990202244425522e26
5.2280759293829506e26
2.438311993555185e26
2.5793618889712217e26
2.39252023905171e26
3.396640726454746e26
1.5876092168807807e26
3.026206297821471e26
2.9331988465592723e26
3.770363987946847e26
1.7374452587660484e26
2.4090981276523808e26
3.706720697730751e26
3.139430226479537e26
4.48522608850033e26
6.087957297654504e26
2.9673867982531827e26
2.057133344904978e26
4.855696632171834e26
2.4289972827815306e26
2.630425091853355e26
3.8559833571019484e26
2.7082003747447756e26
6.970025277150461e26
1.811102425171148e26
2.2880614132987152e26
4.08378074594586e26
1.887980555183995e26
2.8626144134881717e26
2.5210291379453644e26
3.3205110941362834e26
3.471415336948215e26
3.9452560225195964e26
4.069251377995171e26
2.376764037021817e26
4.103925360225463e26
4.178897546037206e26
2.8046818780712504e26
1.431071618717188e26
2.1806735309788004e26
3.18445997582435e26
3.4342697172425056e26
2.839676157007024e26
2.4924599524790237e26
4.146778254760496e26
2.8981090655514327e26
1.5251529632793862e26
4.473191614411643e26
3.546301799062154e26
1.4578593155658742e26
1.8066719102461922e26
2.442963629370433e26
3.719198228671654e26
5.068380060124209e26
1.926842684412887e26
2.3773863486698156e26
2.649309185504958e26
1.547805640626864e26
2.6134275891196924e26
2.209639597058992e26
3.9339779894045506e26
5.9964139235507595e26
2.9985282381010902e26
2.612418756922443e26
3.146942056195776e26
3.3335463485221715e26
2.2260627876795785e26
2.4202970434958164e26
4.091831661373324e26
2.5363534272821225e26
2.0534738842028365e26
5.156603568983759e26
3.682270067992334e26
4.8054663070321795e26
3.4953652706779724e26
2.8467366995323394e26
2.6403231491676576e26
3.8867522169920785e26
3.0080635937235723e26
1.8419671792980934e26
2.27998385729745e26
5.6499680590740835e26
9.217428520640373e26
4.059675207070679e26
1.661807069371552e26
3.709999256146506e26
4.2794573836705114e26
2.8290008335589447e26
2.2593112660651494e26
4.244776334695829e26
2.842636484970617e26
2.3831976438368274e26
2.7619662847752687e26
2.569956438839389e26
3.8110525959128195e26
2.7232569586880164e26
4.4245104419089865e26
2.483368056749642e26
5.0205590101459426e26
3.574248919711119e26
3.033904660989271e26
3.065562243684349e26
9.452431833656993e26
3.819009196557327e26
4.5385715762217906e26
1.931517766584015e26
3.277287548997236e26
3.2493717938371144e26
4.862970394104828e26
1.7855197127629686e26
2.910944692716201e26
5.3802589591271025e26
3.5638853177313625e26
2.5698376178734492e26
3.360594279792792e26
2.279547867217271e26
2.267218854195825e26
1.872113444538601e26
1.1440382226323652e26
2.662473663972385e26
2.5717325787145865e26
3.3024776945471875e26
2.7611776949711957e26
2.964119026354835e26
3.244178116222526e26
1.9816665937137743e26
2.5731786157005546e26
2.5515752563737042e26
5.33687374744502e26
3.986115279625429e26
4.4684749799358426e26
3.280822468509208e26
3.837225197395963e26
6.991391340585203e26
1.7385434804112128e26
1.8042466268113e26
1.4933181848631661e26
2.3068995573249717e26
3.153978574234734e26
2.466365253450338e26
1.62881094485039e26
3.249846718786528e26
1.529709720383384e26
1.518187807381874e26
3.0510973727732404e26
1.9201406414163086e26
2.9197297391858007e26
3.266905556026198e26
3.2471849581728834e26
2.9485949299508665e26
1.3397178363495724e26
5.144721319527569e26
3.680763462924406e26
2.535280262032827e26
3.253460607002938e26
1.873273957486347e26
2.2192159908542096e26
2.2259430868935384e26
3.854699833157119e26
3.154079583957904e26
3.416661267571788e26
3.718156714826779e26
2.6973118934311958e26
2.5171825870787568e26
5.459822913696327e26
2.452950546402449e26
3.269775085757121e26
3.130470542607115e26
2.9908156273598623e26
1.9619634613973533e26
7.785670105801194e26
2.2128180752303654e26
5.964178139906345e26
4.608612417595032e26
2.8975720542493264e26
1.437728509250379e26
2.4562567254712884e26
3.705792672008711e26
2.91264624934019e26
2.6919400554964178e26
1.5648523502686138e26
2.646594805243204e26
2.8736387346354166e26
4.4882616868941826e26
2.1837420247293104e26
9.716817875499661e26
5.235383210068357e26
2.686181832506745e26
7.985217350587091e26
2.0469947891302344e26
3.403801153136024e26
3.672094511072833e26
5.362017714862673e26
3.374182266900115e26
1.6249396275625695e26
4.435120263066966e26
1.9690350931539818e26
3.4981517214128996e26
3.5324564378505526e26
6.881894119455636e26
3.811339289488664e26
2.55525215288525e26
2.07353550133624e26
2.0942528884270287e26
3.935084003281139e26
2.6511373140028452e26
3.150359054670601e26
2.9749240492125504e26
4.72858681312253e26
2.824235894765192e26
3.536334195246762e26
1.7655055010666958e26
3.9424935024311364e26
1.7544431058132563e26
2.828136580896715e26
4.8097376072635144e26
1.4949933102951346e26
1.4923726264858966e26
2.9495423127835792e26
7.259926702400209e26
3.119997934746488e26
5.147176154498481e26
3.186337635914976e26
3.640840775500671e26
3.43462162551706e26
2.3509050545723964e26
2.5488701287588155e26
1.7905348114151177e26
2.2004806968691654e26
4.982566904009975e26
1.802275340789382e26
3.2646827184809556e26
2.7508011834695852e26
2.4145697236155873e26
3.924614649969345e26
7.363216218100721e26
2.891626318370376e26
2.2205801492592554e26
3.7572145322669934e26
3.6616866245543444e26
2.2498346728314486e26
7.588065509591779e26
1.8532426709111093e26
2.931087617714605e26
2.9494672604203644e26
3.580019452381475e26
2.0013179292314472e26
2.4219553409202097e26
4.636150120194799e26
2.8746844648343056e26
1.6505868379761983e26
4.8162723645112174e26
3.893994235468573e26
2.558293385624085e26
1.75305950897821e26
2.6771593795681098e26
3.230942208032202e26
4.310494214247933e26
1.9170595087743644e26
2.124623342730426e26
5.33011417061325e26
2.1468781571159482e26
2.4348911218608448e26
1.9008415631687635e26
3.164065792558983e26
1.8273499416661183e26
3.570177304182582e26
2.4129217089798828e26
3.800985257545831e26
2.726364794456106e26
3.0048805531662587e26
5.693390873387036e26
5.9218432804852965e26
2.917145784597841e26
3.26463770358723e26
3.0798372983993716e26
2.8737862408145992e26
3.097330526358162e26
2.1824989010779895e26
1.957458535895967e26
2.6124198040009998e26
4.3465001384288224e26
3.438093967593349e26
3.9923008504919705e26
2.9930585044557343e26
7.102533140271008e26
3.619845665587231e26
2.5076642661888752e26
2.4020827893663267e26
3.344271795422779e26
2.699858059706187e26
2.445771866610554e26
1.6284935489412703e26
4.372041170724564e26
4.5719563333041875e26
2.787266914481531e26
4.1959574155157617e26
3.308183012196163e26
1.51751470143731e26
5.455162431338599e26
4.196256517097418e26
1.9332495600063926e26
1.6611034654150276e26
2.740882544014743e26
2.5039851059328796e26
6.740741085009082e26
4.4723396884503596e26
3.430039867952639e26
1.236461880483596e26
5.921003062402607e26
3.694983030517911e26
3.899922565742855e26
2.201699706981609e26
2.4829889075067962e26
2.3450658233310386e26
3.990881677401437e26
3.0140877078795244e26
2.7029714240810502e26
3.212810681190905e26
2.194871553608257e26
2.796515890292436e26
1.7958273031300002e26
2.8955251816639164e26
8.263171685252781e25
4.09028375429066e26
3.0145625567340064e26
2.1238659568360424e26
2.0226984578118826e26
3.612492076814122e26
2.5004189046652723e26
3.6599917197165365e26
3.440513749048433e26
2.6837090322377032e26
1.8023326716392916e26
2.7619621800220515e26
5.296268053123836e26
1.4010638890175984e26
3.597624691770748e26
2.4860174729888734e26
3.2927249129018564e26
4.9972246857480944e26
2.676704245115805e26
2.4712149861657307e26
3.5823229492533214e26
2.3954318443883503e26
4.046709108060599e26
2.3080605163455378e26
2.3609055692780265e26
4.788990899318075e26
1.4641478843549053e26
2.64393948262443e26
2.2072964589862603e26
1.3785620647129112e26
1.6973347522687496e26
2.1327432116996393e26
3.262415961841461e26
3.117430269420249e26
2.5230737147321888e26
1.563737462406918e26
2.2453360347916046e26
1.7080723847006017e26
6.315733376846409e26
4.389973113314535e26
3.261065105274458e26
4.034299355868285e26
4.966377874203977e26
5.037368298236797e26
3.512429348642962e26
3.240050935130484e26
2.7660220957990135e26
3.1782934930484215e26
1.855527292619984e26
4.595845656266262e26
2.1718885459419176e26
8.383411345063022e26
1.3214220057895299e26
3.143581116350156e26
1.8449096056368833e26
2.3412460958192437e26
2.1604536261593627e26
3.847084236785418e26
1.848244196626921e26
2.2027632215625186e26
2.2150147993199485e26
1.922366236627205e26
2.3928091251333514e26
3.924364186341388e26
1.9164476208416343e26
2.0693560505974127e26
2.0640416169313505e26
2.7396056699701244e26
2.9150049812473774e26
2.162528786598334e26
3.013873745854911e26
2.940983105607908e26
2.8641960005106583e26
3.6156986865125486e26
2.0853289542927956e26
2.4778718097191092e26
3.0521494368682865e26
3.5880778533218306e26
2.5155955017205443e26
3.7544391025182735e26
1.3957012384039265e26
4.478799487414047e26
8.218120975867796e26
1.8607827952754576e26
2.329932121958665e26
3.132986832830773e26
3.613899608523462e26
2.14062717998112e26
3.3572998277659434e26
4.2605514403444014e26
2.8229458555814992e26
1.8571856971486852e26
3.946920543499624e26
6.10359731505434e26
2.673505734541061e26
6.983239357867253e26
1.9133344286003756e26
4.2446355180060226e26
2.593130001995708e26
3.0236684958884727e26
3.633251306194062e26
2.3114876177926335e26
3.152840616231252e26
3.280319831068178e26
2.5043497485219943e26
5.8110489887448935e26
2.6339437341132684e26
3.3446546195481044e26
5.5652394666147434e26
2.2224894318214623e26
3.330856706032385e26
6.705078191233597e26
3.90391989520235e26
2.515325924728879e26
2.5512867450720485e26
3.1575327299240664e26
3.9226837212418426e26
2.203887847529134e26
5.831862062866407e26
2.3173266133109647e26
2.6973682898172107e26
1.6930424335961452e26
2.37375438345878e26
3.4481221387251054e26
2.3269056502688383e26
2.5944407201127766e26
2.335101124276207e26
3.055815048735748e26
1.6733591728896028e26
3.708067720315305e26
2.377632322624522e26
2.302296497864087e26
3.0690023798597685e26
1.9061947944364443e26
2.1506976653494877e26
2.387496120386791e26
2.6781296010304207e26
2.2751937123192047e26
3.1878285061570316e26
2.157909899886841e26
3.451296120930223e26
9.54989208131865e26
5.9557608954781934e26
3.2452028132665536e26
3.0302043991275864e26
1.7618706901175507e26
1.7761619493415995e26
5.324654853640886e26
4.3802415124212625e26
1.831975635006292e26
4.30502705363496e26
2.5747281486489887e26
2.1389521975421826e26
2.4311851444896237e26
3.507920255072228e26
1.4193346083848888e26
3.026460448786962e26
3.465090357967159e26
3.777128232266679e26
2.9117103297368335e26
2.832086145654069e26
2.759014290184158e26
3.8746308456333975e26
3.520066464081581e26
1.3688002610254825e26
2.7282172268929554e26
3.719326373932744e26
3.843926388997964e26
1.4267722878335184e26
3.345154987897337e26
2.9563118216622913e26
4.179626571394316e26
3.934962510295048e26
3.5824704773230235e26
2.07917285108465e26
2.8650162242995946e26
2.7804863683256913e26
3.450705370533328e26
1.79204487029224e26
2.2759656801040875e26
3.519467259049078e26
5.5771097947160875e26
4.422050987386608e26
4.136630894898381e26
4.231054890964819e26
4.022637685241262e26
2.0240355458446644e26
6.692778516254335e26
2.807338385481909e26
3.694394009147976e26
1.9146384782060436e26
1.5946455802682925e26
4.5947120860334194e26
2.218155461655961e26
4.710934510476691e26
1.5363458698338454e26
3.2936134903689264e26
6.139307360389767e26
1.8354750769650744e26
5.874030559529763e26
2.306031704465622e26
1.855174641519728e26
2.5514142509690656e26
5.124394502851661e26
1.937285446825953e26
4.311985155144872e26
1.3575178543484084e26
8.159715009613787e26
5.226165079158736e26
2.364676114473522e26
2.1006103235127702e26
3.083779440651853e26
6.418127900628332e26
2.5356883404551048e26
2.3234505527239165e26
2.3811150990600963e26
2.9613189196574658e26
4.3892722101317355e26
3.131124121352125e26
2.4444653461379856e26
3.4835702469239505e26
2.7541564853428335e26
6.927121987369096e26
5.9381818780707446e26
1.871337068132559e26
4.631748876182778e26
2.885011196413409e26
3.529759950614494e26
2.2633830323644336e26
1.225746897300422e26
2.1824402408385122e26
3.842014428950962e26
3.683639655750417e26
2.4000026225649955e26
2.8756374632509416e26
2.4624554097031113e26
2.8618531606261494e26
2.7910132693811152e26
3.884961851382168e26
2.580219787802978e26
3.492541239482589e26
6.519382563222262e26
2.3576963986766866e26
2.4916694088001316e26
2.234744692937105e26
1.4356175168490245e26
2.2589911547596555e26
2.0302736420342694e26
2.990421192157965e26
1.3017512566582128e26
2.3651281201220834e26
2.877181984844121e26
4.5195003248781826e26
1.969587767830213e26
2.0116826726458756e26
2.34152963088425e26
1.67205559833749e26
2.4605737921330168e26
1.9426451935002564e26
3.2663976506790324e26
3.7665596801046415e26
2.2726250413415708e26
2.4325284365294292e26
3.162950421592989e26
5.157298700544223e26
2.3667026935321706e26
6.69073696833647e26
3.4871041052085635e26
2.9124807005581528e26
3.496326270396497e26
4.228513892450509e26
3.031974691700562e26
3.8169573671364286e26
4.432668623766571e26
2.1301343475221062e26
1.5002452709732056e26
5.620112193323056e26
2.5649323338256142e26
3.3664534504583564e26
1.811293290045519e26
3.375513903748473e26
3.099348903437143e26
2.6174540277367518e26
4.704194834660282e26
6.120068712917221e26
2.2473346970691782e26
5.32291683031283e26
2.6875349130733823e26
2.1063844088551458e26
2.4552592547087544e26
1.9194528585799284e26
3.908432889197304e26
3.26391887276214e26
6.64555289810331e26
2.2026867596643905e26
4.3086087041566024e26
3.730176130433257e26
2.3671124310578962e26
4.5655600341667724e26
2.2712915200133664e26
3.126508624227888e26
6.247269554617453e26
5.299075320042723e26
3.8249637712050225e26
3.843957883502195e26
1.681995108748592e26
1.841476119457509e26
4.401037252194655e26
4.3875891040688795e26
2.946858525596846e26
3.084055408387571e26
3.444619976931768e26
2.021721719542639e26
3.3050680169946046e26
8.43882463067256e26
6.205392139486955e26
1.9476266733169822e26
3.083184253716912e26
2.300171108334003e26
2.0377333778224504e26
1.8381229745627464e26
1.8152994447264426e26
1.769772881635862e26
3.768594619347183e26
2.085054971402812e26
6.218083777229465e26
3.6926499873723086e26
2.5888652486318703e26
4.912625917982856e26
4.272085424370757e26
2.4245494173141214e26
2.537175328842145e26
1.667122604641832e26
3.9909083038233054e26
3.095406893462591e26
3.0347225120705992e26
4.404705984540684e26
6.846270308544741e26
3.1680504203771345e26
2.984567145017638e26
2.3537381805542086e26
5.194645161695488e26
3.283275150502389e26
3.6188308636637335e26
3.0701981312827022e26
3.585561271073453e26
2.7655075811629782e26
3.4048544940123165e26
1.6688164999077867e26
3.739314246869276e26
3.468164807749531e26
3.977135266024543e26
3.388717353073748e26
3.12469648384161e26
2.7460468284095544e26
1.4237256353558902e26
3.813444641886223e26
2.2578014619493887e26
2.6873848767590153e26
2.5890000981764533e26
6.497548217716495e26
2.571018238106177e26
3.261055458576687e26
2.2223217932732364e26
3.253381934082012e26
4.9116249650544014e26
3.764741218464757e26
4.733562688548606e26
3.401994238966163e26
3.042315584207946e26
1.5659718935829063e26
2.0929934914879722e26
2.3102709521761607e26
1.9797206855787345e26
3.334956769535121e26
5.115934035468263e26
1.8646532065549615e26
2.3736102911740723e26
2.137930345258775e26
2.007063080894166e26
6.607531410801445e26
4.811029811541743e26
3.233530142159285e26
5.333525951034872e26
2.734812331182954e26
2.2252563955150746e26
4.0016568459583274e26
6.718654839541e26
3.641976538210758e26
3.756539390625968e26
2.766850802201253e26
2.954186075979489e26
1.9422733455830054e26
3.630203939857675e26
1.7768091657369215e26
2.178669257944406e26
4.002617974626778e26
3.125825807509651e26
3.477570551079715e26
2.3732340564856268e26
4.799723646043969e26
3.379581525981922e26
5.8058438035310946e26
2.4617977288578794e26
4.759769417726671e26
3.8050698868399444e26
1.34874883402154e26
1.7804055306234784e26
2.342072691710628e26
3.398869453876567e26
2.6785482390915564e26
4.00140848562746e26
2.7246826494849686e26
2.2895475430913035e26
3.251166220345073e26
3.650509420763508e26
1.7904895036608033e26
2.052561296932953e26
2.6124405874976934e26
1.7027697247578974e26
2.8272628136576342e26
3.393455336582258e26
2.412219428247551e26
2.572015777900134e26
3.8226067806679955e26
2.6727638772298084e26
2.7913197441495296e26
2.721156087155388e26
2.100701464611248e26
3.504368977430381e26
2.535810467517003e26
3.0742049585092592e26
