19728.0
15084.0
11217.0
9690.0
12465.0
9104.0
14842.0
13287.0
9653.0
12552.0
16414.0
9468.0
13260.0
14884.0
12383.0
19812.0
15012.0
12537.0
13770.0
10032.0
10516.0
10586.0
11492.0
9092.0
15680.0
14544.0
14712.0
11986.0
15424.0
13994.0
12165.0
12873.0
11310.0
13666.0
8324.0
11864.0
10276.0
10224.0
16456.0
14805.0
10391.0
11694.0
10405.0
16206.0
11410.0
13930.0
14995.0
11352.0
15100.0
13360.0
14712.0
12084.0
9971.0
14372.0
9111.0
10137.0
11142.0
11296.0
11107.0
13192.0
12610.0
11008.0
11542.0
11662.0
13360.0
12010.0
11828.0
15324.0
10778.0
12824.0
14596.0
11255.0
13840.0
11173.0
11190.0
12504.0
13217.0
13093.0
13578.0
9670.0
13851.0
11670.0
11634.0
10916.0
15516.0
14884.0
13693.0
16640.0
10620.0
8120.0
15880.0
15084.0
11254.0
10094.0
11440.0
15005.0
9615.0
11859.0
12310.0
11258.0
12490.0
11447.0
10273.0
15094.0
13034.0
11731.0
13688.0
11036.0
13020.0
9790.0
14727.0
11739.0
12936.0
11527.0
10670.0
14591.0
12168.0
13314.0
14591.0
13328.0
10622.0
10380.0
14852.0
12424.0
11290.0
10717.0
14201.0
11572.0
10950.0
15124.0
11714.0
11251.0
10858.0
11872.0
12965.0
9660.0
12366.0
12476.0
9967.0
10130.0
14516.0
12725.0
10141.0
11532.0
10794.0
14064.0
12315.0
16062.0
10434.0
11490.0
12682.0
9293.0
10441.0
11827.0
11267.0
12976.0
11885.0
15740.0
12504.0
11031.0
11681.0
20064.0
13200.0
11493.0
12349.0
15388.0
12676.0
8916.0
12409.0
9608.0
12416.0
11461.0
13428.0
16176.0
11781.0
13309.0
15399.0
16266.0
11640.0
11089.0
13602.0
12625.0
9550.0
19696.0
14746.0
13330.0
11358.0
14110.0
14592.0
11189.0
9442.0
13672.0
12501.0
16433.0
12290.0
10039.0
12048.0
13482.0
11909.0
12858.0
13438.0
16112.0
10573.0
10847.0
12669.0
10818.0
11596.0
11008.0
14084.0
20144.0
8966.0
10453.0
11860.0
13232.0
11763.0
13672.0
12645.0
11877.0
12879.0
11870.0
11190.0
11874.0
15688.0
8842.0
8120.0
12611.0
13300.0
11844.0
13059.0
12520.0
10743.0
10877.0
10421.0
13224.0
17107.0
12716.0
12250.0
13752.0
13256.0
11490.0
12374.0
10502.0
14770.0
12779.0
11806.0
10440.0
10755.0
9016.0
13502.0
11507.0
12788.0
15086.0
12618.0
11727.0
14335.0
8867.0
10929.0
12710.0
14557.0
13839.0
12946.0
13613.0
12548.0
13038.0
12065.0
10156.0
14663.0
16256.0
11811.0
11511.0
13552.0
14278.0
16163.0
9328.0
11056.0
13776.0
14836.0
10768.0
12824.0
13938.0
13012.0
14028.0
11860.0
15578.0
9018.0
11859.0
11600.0
13260.0
11559.0
9066.0
12100.0
11424.0
15903.0
10864.0
11476.0
13188.0
11227.0
11649.0
11379.0
11294.0
18990.0
10789.0
11275.0
11347.0
12531.0
12228.0
10794.0
14608.0
14214.0
9642.0
10126.0
12294.0
11013.0
11664.0
13454.0
11047.0
11065.0
12777.0
11386.0
10219.0
14490.0
10794.0
12205.0
13497.0
12511.0
12116.0
10437.0
11282.0
13398.0
11732.0
13339.0
15382.0
11058.0
11435.0
8354.0
11956.0
12830.0
12568.0
10098.0
9874.0
10644.0
15384.0
13206.0
11139.0
12504.0
12188.0
13908.0
12330.0
14002.0
12272.0
11035.0
12366.0
11571.0
11104.0
11290.0
13772.0
11455.0
15148.0
15136.0
10889.0
10263.0
13672.0
9358.0
12300.0
11668.0
13110.0
12801.0
11895.0
13524.0
14187.0
13123.0
12315.0
13176.0
12576.0
12336.0
12646.0
13080.0
13440.0
11205.0
13778.0
8337.0
14688.0
11890.0
9681.0
11905.0
12568.0
8258.0
10719.0
12635.0
12528.0
12710.0
11755.0
12212.0
14312.0
11254.0
11069.0
12858.0
14712.0
10638.0
10100.0
13836.0
9104.0
14295.0
10945.0
13666.0
12160.0
13845.0
10163.0
12210.0
11122.0
14432.0
15072.0
11307.0
11895.0
8675.0
13467.0
21880.0
9006.0
12177.0
16436.0
12506.0
13855.0
14648.0
12294.0
12466.0
13379.0
13057.0
13543.0
11664.0
12566.0
15485.0
9362.0
10866.0
14056.0
11389.0
11242.0
10337.0
10810.0
14115.0
9770.0
10786.0
12852.0
11056.0
12073.0
10857.0
13980.0
10396.0
12878.0
15534.0
9047.0
12395.0
11774.0
12433.0
12538.0
13024.0
10730.0
11610.0
11904.0
13034.0
11908.0
14430.0
9855.0
10226.0
12692.0
13512.0
13330.0
8558.0
11616.0
12600.0
11960.0
12476.0
13896.0
8842.0
9478.0
12910.0
10291.0
12874.0
13302.0
12394.0
11139.0
11120.0
12528.0
10697.0
13896.0
12772.0
11940.0
10677.0
11912.0
11406.0
13952.0
13896.0
11835.0
12181.0
9014.0
15653.0
13946.0
12516.0
13290.0
13364.0
13675.0
13656.0
12778.0
13788.0
14560.0
12369.0
12669.0
10777.0
15528.0
10240.0
10264.0
11451.0
12225.0
12526.0
11860.0
11542.0
14241.0
13068.0
9700.0
12726.0
11781.0
11730.0
19576.0
11901.0
11600.0
13126.0
12948.0
8520.0
13426.0
10269.0
11101.0
12444.0
13820.0
10318.0
9951.0
11108.0
12282.0
10241.0
14754.0
10690.0
13072.0
12866.0
13196.0
11233.0
15640.0
11315.0
12725.0
11807.0
13954.0
12514.0
13113.0
10306.0
10268.0
10540.0
11011.0
12552.0
11282.0
12601.0
10383.0
13200.0
11734.0
15060.0
14022.0
13758.0
9680.0
13578.0
11703.0
12294.0
11067.0
11185.0
11780.0
14344.0
11184.0
11131.0
13554.0
11386.0
11989.0
13467.0
14756.0
11105.0
11131.0
11244.0
11994.0
10682.0
18936.0
11601.0
10053.0
13090.0
11381.0
10918.0
11763.0
9116.0
13492.0
10254.0
11556.0
14640.0
10295.0
15384.0
16696.0
12800.0
12411.0
11011.0
8942.0
12940.0
12777.0
12198.0
12456.0
10638.0
10226.0
15760.0
11721.0
11173.0
8842.0
14368.0
13440.0
9881.0
12045.0
12408.0
8812.0
10444.0
12640.0
14436.0
13004.0
11616.0
17668.0
9080.0
11048.0
14344.0
13428.0
12904.0
14171.0
13467.0
14476.0
11399.0
12408.0
10094.0
10266.0
11616.0
16688.0
10226.0
12597.0
10894.0
9881.0
11524.0
12399.0
10611.0
8856.0
12649.0
11312.0
14380.0
13549.0
13340.0
10494.0
9014.0
12628.0
12775.0
10836.0
10106.0
14445.0
12560.0
14126.0
12844.0
13489.0
13176.0
13860.0
9034.0
12800.0
12136.0
10268.0
10478.0
11253.0
13978.0
13772.0
10789.0
11752.0
10362.0
13044.0
13466.0
12015.0
10209.0
9574.0
11724.0
12861.0
11688.0
12789.0
13904.0
11696.0
11758.0
14246.0
11628.0
13464.0
10940.0
9967.0
10611.0
12232.0
12586.0
9784.0
11000.0
10427.0
8793.0
13976.0
13657.0
14116.0
10378.0
8588.0
14220.0
16092.0
10385.0
11167.0
13801.0
10666.0
11840.0
12538.0
13845.0
11556.0
10036.0
9325.0
12543.0
10740.0
14592.0
13734.0
15721.0
12200.0
19492.0
11731.0
13009.0
18008.0
11591.0
13706.0
10293.0
12256.0
8990.0
13845.0
11653.0
12689.0
14679.0
15148.0
14753.0
10228.0
12328.0
11712.0
13552.0
11475.0
13672.0
14064.0
11506.0
12148.0
12725.0
10208.0
9066.0
10998.0
8349.0
12783.0
14640.0
9769.0
11036.0
12736.0
10270.0
9340.0
15324.0
17241.0
13256.0
11866.0
13368.0
11238.0
11700.0
13379.0
12896.0
12096.0
9803.0
10086.0
12486.0
15079.0
16256.0
9202.0
13078.0
11785.0
10770.0
9934.0
12337.0
9465.0
10913.0
10790.0
12710.0
11117.0
13374.0
11956.0
11764.0
14920.0
12314.0
13004.0
11589.0
10691.0
11549.0
12374.0
10782.0
10420.0
12288.0
10860.0
12106.0
11176.0
11821.0
11806.0
9567.0
11344.0
11703.0
10938.0
15656.0
13666.0
17811.0
11798.0
14095.0
10632.0
11801.0
13474.0
12292.0
15918.0
10635.0
12649.0
12588.0
12045.0
10702.0
11692.0
13554.0
11145.0
10727.0
11335.0
13212.0
12526.0
10586.0
9440.0
14175.0
12542.0
10561.0
22062.0
16044.0
16540.0
14300.0
11046.0
14261.0
10276.0
12984.0
13844.0
11635.0
8529.0
11305.0
12335.0
13233.0
11196.0
15164.0
10810.0
15867.0
11838.0
13285.0
13007.0
9609.0
13884.0
9274.0
11709.0
13828.0
12227.0
14052.0
10389.0
16176.0
11378.0
11236.0
12347.0
11790.0
12127.0
11526.0
14720.0
11312.0
12124.0
14364.0
11277.0
12043.0
12300.0
11790.0
12976.0
14089.0
10906.0
9018.0
11660.0
12098.0
11920.0
15569.0
10679.0
12868.0
15270.0
13041.0
13605.0
7669.0
13855.0
12236.0
15012.0
12611.0
13580.0
8439.0
13362.0
10078.0
11527.0
11214.0
9976.0
13071.0
14876.0
11592.0
11776.0
11266.0
10244.0
10568.0
10401.0
11956.0
15065.0
11894.0
15054.0
15084.0
11142.0
9498.0
13431.0
10396.0
13072.0
10276.0
14310.0
11998.0
16974.0
12376.0
11385.0
11656.0
11872.0
10810.0
13608.0
15124.0
14260.0
12678.0
9900.0
10194.0
11019.0
12160.0
9682.0
12420.0
13098.0
11667.0
10704.0
15970.0
14640.0
11612.0
9095.0
16163.0
12252.0
12562.0
14476.0
12856.0
10240.0
11241.0
12892.0
11696.0
9177.0
11236.0
10780.0
12250.0
11786.0
14317.0
11219.0
10222.0
15104.0
13672.0
11758.0
10978.0
17189.0
9621.0
17575.0
11743.0
11484.0
11830.0
14124.0
12829.0
11235.0
11764.0
13501.0
8917.0
13362.0
12556.0
13168.0
11138.0
17176.0
11971.0
11535.0
13113.0
11478.0
16436.0
11736.0
16390.0
12334.0
10054.0
11225.0
12212.0
14030.0
19506.0
11538.0
13178.0
9946.0
