1.4887315825840537e211
6.894704775180074e211
2.516709368810317e211
3.491353083113049e210
1.8005887909765287e211
9.238403192994485e210
2.2961358997239276e211
9.597810727283912e211
6.029557283163866e210
3.718783185512814e211
5.140509502762656e211
1.1968339589616124e211
6.339296362736737e210
1.142356224875216e211
3.7885058017456604e211
4.5841676052206286e210
9.620476307321615e211
2.3065509524341587e210
1.3594957689556911e211
1.4690313158385692e211
1.6705718732791863e211
1.440979446370942e211
4.557201790255237e211
7.778205883734604e210
1.738834435729415e211
4.4224003340335366e210
7.687133671896594e210
2.448733060374144e211
6.467074088727476e210
4.367573305976006e210
6.286425022703312e209
3.4949597605595455e211
5.045864063359889e211
4.974307423643024e211
1.560590173819062e211
3.0871786368428483e211
1.2646167250954293e211
4.5246742381142045e211
5.229488229144469e210
4.245550374364437e211
2.3804105176636796e210
1.1403206296266014e212
7.93559454976554e210
7.802093401000349e210
8.756897386686461e210
1.2010667516792182e212
1.7579586135397653e211
1.9210457516450214e211
1.147720717755479e211
1.3614755600694574e211
6.237359363501118e210
4.135844979338226e211
1.9394882876991457e211
8.615750562693174e211
2.9889796427602576e211
8.814837103130626e210
3.6028784665246648e211
1.4226832897906198e212
1.740323522590095e211
1.0185939239575848e211
2.916680820906853e211
5.984851124663376e210
3.5237797436316877e210
1.2858722260180154e211
4.0029439916651243e211
6.876885567177683e210
1.1523931937177218e211
1.2780751575115606e211
9.851975519099417e210
1.6495460174724338e212
6.669924537117754e210
1.4256500218944538e211
9.164123270375679e211
7.882507099544372e211
6.154103970657185e211
9.682456075578746e210
8.839114261361198e210
1.452620349502326e211
3.3958793027388827e211
1.1147141452922399e211
2.7459594099715576e211
7.267826803789123e210
1.3019755856915995e211
5.482668689320718e211
2.3383451723976517e211
1.0360433086097456e211
8.485881746278986e210
4.23105017760819e211
2.74304976613609e211
5.607207862324629e210
6.390830302916543e210
5.553693126636432e211
1.4722750066969721e211
2.933891177224002e211
2.8243643877004815e211
6.379140484635114e211
8.696277178112114e210
1.4158021251779375e211
2.7496544451475512e211
2.7105594000998665e211
9.648366656478662e210
3.3032109865509195e211
3.2596288004348856e211
3.248430918934588e211
1.9791094143517765e211
3.947451082507681e210
1.724121443285239e211
1.7460884916559633e211
8.000387200354906e210
3.040751961904272e210
2.6441023457960554e211
3.551713837210011e211
9.005257843019404e211
4.145770692039935e211
8.715626254051708e211
5.047668736023543e211
5.82848780604375e210
1.688184604815147e210
3.8042034353257775e210
2.0428792935401878e211
2.3815316875824023e211
1.5594601001963116e211
1.9693730241167216e211
5.578981590023442e211
8.610360489660349e210
3.548123221088213e211
6.786974022748659e211
1.5615829815389204e211
6.421220389486811e210
1.9504484068268415e211
1.6565669869918457e211
2.0887941570936083e211
8.385913097988627e210
3.768105595956263e210
1.9452675358355486e211
6.97588390151444e210
6.717456611017702e210
1.2814145663087433e211
2.20932351520652e211
1.321593787261031e211
2.4450411642906865e210
5.039919911203781e211
1.8340626509755627e211
3.8508235650671385e211
3.5840918503918664e211
1.278443169562881e211
2.56984353637925e211
2.5419357882489653e211
6.320834857673118e211
2.2961764694934087e211
3.8610555327894273e211
2.188663465018266e211
1.3036878895048572e211
3.3984839600979707e211
1.3360181461391391e211
1.0097523955084263e211
4.441386959611995e211
2.1130131660327185e211
2.5923968418400894e210
1.0803247801786413e212
1.6074781795763252e211
2.194676444014516e211
2.1635094411917015e211
1.8981666707333763e211
2.542879819004989e211
3.809034546459247e211
1.7088433491639525e211
3.292517912063823e211
3.0836034562339456e211
9.68971532004023e210
1.4041506169991532e211
4.0000650212368944e211
9.940476128900649e210
7.560416575249288e211
6.845300907441747e211
1.389639494175719e211
6.331714739018587e211
1.4539946318127918e211
1.767401211822761e212
4.907074013672928e211
2.097730814240388e212
2.076781798695245e211
6.560168946215612e211
7.263783293885112e211
1.083939648534256e211
1.066218868690868e211
6.0272386956305e211
1.551582553706309e211
1.3221827180480457e211
3.0945464936211525e211
8.29874864299826e210
1.1215362012890157e210
2.7561788766535754e211
1.725938474928475e212
8.42379140946897e210
3.116692908121479e210
3.867585732749771e211
5.794986861360268e210
1.6873844380326087e211
4.6642608235197455e210
1.4009996010708318e211
6.297999579762508e210
3.2545939728619196e211
2.4326037336895141e210
2.4651493197683332e210
2.0648844741015495e211
5.365036608825789e211
1.5404774986235382e211
1.3236697805194534e211
4.4864511610131084e210
1.7273808929985727e211
1.5276202358609584e210
5.081589748393588e210
3.227967580058986e211
3.8412702385545146e211
3.920975129600094e211
1.253007752435946e211
9.33111616360838e210
4.5524872707279055e211
1.0271064714559887e211
1.485853306615011e210
6.206107825562142e210
7.130636643949823e210
1.493031486118531e210
3.614098566935183e211
4.283861942033302e211
1.5662162733884242e211
5.395915286183293e210
3.761466085351947e211
5.920411771862193e211
2.526690123277434e211
2.680660892579274e210
6.07574886480995e210
2.8234546846816097e211
3.097218736257689e210
5.061588393339562e210
1.2503449720149957e212
2.2256742402475427e211
8.791438342497357e210
1.2817223767698344e211
6.9020640879242065e211
1.1576624065578108e212
1.0853652957901423e212
3.9042259891475557e211
4.1036575511949496e210
1.2298163002523057e211
3.6864828394283597e210
1.2627883861876638e211
6.1712515027966875e211
3.474413264211113e211
3.025528260877282e211
3.5628168746112047e211
6.503767888813346e211
3.4641506356080024e211
8.047329282335709e210
3.5367768839736494e210
1.9601717399740092e211
1.0925587612181945e211
7.165364852977143e211
8.85066155618377e211
2.888955451618565e210
1.0562701911365817e212
7.865186676219861e210
9.200965033821873e210
2.3306472995564486e211
6.164215252347637e210
8.325760090753802e210
2.2528361975076782e211
1.3833584222082563e211
3.0328358483610503e211
1.074404202328969e211
9.848417567764453e210
1.591467864606544e211
3.798117473720634e211
3.521704330715256e210
4.155103334521134e211
4.0137647900170563e211
2.082587485822654e211
2.3757849373890863e211
3.0644938129093185e211
5.316596808521265e211
1.177558511635482e211
6.186852458333693e211
2.2431622200104325e211
1.9341906284642027e211
4.611421188772216e211
2.0620748890518665e211
2.0467644998597645e211
9.538871953641987e210
2.9125772555976197e210
7.123941047584696e210
3.934010664707088e211
6.087508620849013e210
1.8216843705724425e211
8.594481282815459e210
5.662659942609457e210
4.415934864510385e210
2.880079090208367e210
4.467240061942165e210
3.3832464750744864e211
1.2584530630323483e211
2.6002770130285127e211
1.056058269968989e211
5.371263598962508e210
9.452247490424927e210
4.055190793901576e211
3.4425239587099894e210
3.7368405308384243e211
1.378532038365563e211
1.2140126608606678e211
1.8733624632175819e211
4.021147228331994e210
6.872055863962115e210
8.183458108254141e210
3.0247362015923214e211
1.1469633561102782e211
2.1149639807444493e211
4.446561307973345e211
1.3886366111778813e211
5.407212365675083e211
3.2442251433702516e211
1.904228735649276e211
1.2905302191095671e211
2.0583509469505629e211
1.0705550616222484e211
2.179216785995617e211
6.75473739854073e210
1.9077690055047173e212
7.896532371895052e210
2.257899695820645e211
6.498264377010086e211
1.7276842158002488e211
6.013151386156095e211
2.0066392663348792e211
4.247122404396889e211
5.141708237129401e211
6.601683674775027e210
2.6511757239573973e211
1.6605927389654744e211
1.073741322014116e211
2.860112772193592e211
1.3194498904709095e211
2.989727937742856e210
2.9592619540677735e210
2.1258054687495342e211
7.683841453636648e210
2.663508761707981e211
1.0760648387896682e211
9.840376548406396e211
2.9023626482344775e210
1.2471026019520493e211
4.3171844871607085e211
3.3450483854147576e210
3.217168290689817e210
1.4930724372471972e211
1.3860588733438232e210
1.1498546119586706e211
1.4906858111779827e211
1.7396325864854731e211
7.5070435446621815e211
3.0262442414244454e211
5.532219351778087e211
1.396186894266639e212
1.340396721327505e212
2.193798200096624e211
1.6468824581073923e211
9.370332850406497e210
1.7410746327405547e211
2.0479347159028033e211
1.0780958438994456e211
5.726610749768109e210
8.504424247999537e210
2.0752170373837453e211
4.367929581812649e211
3.4892200911471364e210
1.9236787227769897e211
2.1790671910458098e210
5.710663686799113e211
3.2321579851421897e211
1.7656402635631495e211
4.045671553811204e211
1.2686056341766183e211
1.1853844427520273e212
1.420088504275822e210
8.881197965113197e211
1.6078923050787234e211
1.9404271179709557e211
3.5112854945892537e210
1.149945068012913e211
2.838176807872174e210
5.391035310657409e211
1.0196776930324034e212
6.75324243317609e209
1.2201630688824008e211
1.230504242158789e211
1.2716947695654658e211
1.7827128767003986e211
6.508108141403005e210
3.740420258511141e210
1.3687391274509672e211
5.8252520830749175e211
9.009971487129349e210
1.4987033059663387e210
4.868989791232837e211
1.0758157123169866e211
3.6519812042430935e210
2.7507317065936935e210
1.1453440919792456e211
2.889824893128544e211
1.445823275673358e211
9.972548135207815e211
2.059301442042262e210
4.998882936224056e211
7.289126283603963e211
1.6231185269837685e211
3.52637136269843e210
9.701294194928616e210
7.839602557637432e210
6.45898017305605e210
1.1776222029937036e211
2.7788971042991427e211
1.1339497789738765e212
7.131612611117507e210
1.8010032772030518e211
3.2364818610194666e210
7.957750705058178e210
7.816598467691651e210
6.190622658345682e209
3.0175790542101515e210
3.0729686837724714e210
5.41053507518834e210
1.5495040390277615e211
2.596081413382697e211
3.4145830329771624e210
4.364221671377523e211
2.451749144041104e211
2.3459387372303274e212
2.0809938581547952e211
2.0732546158454553e211
2.297379196969115e211
3.143740517745797e211
6.355298826229377e211
1.5470363603529636e210
7.185809783880027e211
8.499452629934937e210
9.957137689431226e210
3.6237221278149355e211
3.5264227314192934e211
2.712173383734398e211
5.421396187876642e211
4.598455636860646e211
6.067132464141524e211
1.0328750513821977e211
1.2037663528292102e212
5.822922454957464e211
9.857859773164414e210
4.176083358318765e210
7.931979010258906e210
7.009696680960963e210
9.200167062374831e210
5.897100855409565e210
6.968328011994968e210
1.2636375772112863e211
3.6633750203818903e211
6.744183968274923e210
3.4131301749783935e211
8.239541351674238e211
3.4952913882358316e210
1.9110891755473204e210
3.6060320666371957e211
3.3269816419809347e211
3.551022719621394e210
4.163935440907829e210
2.181766237210873e211
6.151535551742262e211
5.601411932013089e210
1.4705782025666516e211
8.983639539989904e211
9.677433626543775e210
4.66173272069196e210
2.6769073427483296e210
1.3556797561498673e212
8.428375828568874e211
6.5869828148704085e211
1.8654700423240133e211
5.1983687064324734e210
3.8660592763800835e211
4.328232244432123e211
5.151553632096747e211
1.6437166586170312e211
3.9524930167587676e211
3.7854683714973636e211
1.3281421054737925e211
1.3256371731058203e211
1.3393765125325345e211
8.574485795372016e210
4.265101540826303e211
2.9481168192265416e211
1.0765369264636743e211
1.5841264703442227e211
1.1431582223645292e211
1.051663091291338e211
2.3811799538532483e211
2.974486505215017e210
2.3701753542125317e211
1.663826520641368e211
1.6443625749970292e210
4.277825016324465e210
7.864367260440565e210
3.040767753595767e211
1.86257668749313e211
1.1483320295272335e211
3.9436487018605868e211
3.8334254629172084e210
1.4540547987795758e210
7.704609516667371e210
1.768938800662508e211
9.305164679605106e210
1.2125703932847962e211
5.055492348098804e210
7.416560808730483e211
3.6246643981553503e210
1.4185755631444936e211
2.7392252900205883e211
1.484498591970299e211
1.9668898835347528e211
8.447407196010236e210
1.958116432457916e210
2.3446871872061135e210
1.4864408306302118e211
1.1103997664723458e211
3.4370989809681995e211
1.0210033845332891e211
7.834018415748163e210
5.0410485219724433e210
1.0192042829525357e211
3.638741730369002e211
1.43521301323128e211
3.4226989130916986e210
1.8844263538347134e211
7.53723420314205e211
1.144532685090081e211
1.5689764510006905e211
1.6958691365810858e211
1.1558757884565687e211
5.190535845158595e211
1.4216478236563983e211
5.1154821784469693e210
3.1681104605611747e211
2.5618634842575983e211
5.369693805579031e210
5.979087001969803e210
6.598861329146908e211
6.55651689190778e210
2.0161506512258265e211
8.894225377995832e211
3.295459746713565e210
4.851106961396692e211
9.267947081085244e210
2.6992999254162337e211
1.3072100449535795e211
9.421042070439193e211
6.168195763574745e210
7.689908621145641e210
1.8465602076390893e211
7.61706279716177e211
8.259138396265212e210
9.692995884072367e210
1.3970470630020275e211
7.755826113778e210
1.3145598129188021e211
9.158448737857011e210
2.286463239624299e211
4.4745804443143397e210
3.984448140583032e211
4.660885946893105e210
5.628140673180167e211
5.506056060580065e210
5.749805467295578e210
9.827847118405467e210
1.6158709542610965e211
1.0486991521454074e212
2.543010739453049e211
1.9598626316006912e211
3.3606187946911316e211
4.847149240960513e211
1.589616232606932e211
1.0990697305609992e211
9.213529527405988e209
5.482869707325796e210
7.708084807101445e210
5.939714971731757e210
1.7608289554780594e211
1.6729732648217804e211
2.2146667630289538e211
3.687988707766397e210
5.473805176960074e211
4.981966380799841e211
2.045866938618211e211
2.6226003188751064e211
9.587878644229628e210
5.0491451162522e211
2.5258720883945094e211
9.684135386334438e210
7.617461711579497e211
8.787841337065242e210
9.913654876393169e210
5.924260468362827e211
3.8084018657499557e211
2.0974280534442324e211
9.990299031742747e211
6.0917820884362e210
8.14077632988944e210
7.996111100869426e210
6.225606599215885e210
1.985489778528647e210
8.186862522307555e210
3.208343826833624e211
4.34343099424979e211
2.605640239409146e211
1.3839162335896383e211
4.534327461414435e210
3.125848652056533e211
1.447424526430854e212
1.896907790919358e211
1.4140007522889912e211
1.2343077471319379e211
1.5810527981194734e211
2.5862992761925775e211
1.1989344421761565e211
2.3150784825626236e211
7.782541239265096e210
3.8874262771723524e211
1.2678150904555184e211
6.705730613104365e210
3.8966920827882316e210
1.296503928578469e211
4.706388791263532e211
9.814798757614304e210
1.488460163017681e211
1.3401513004134775e211
2.003373149175478e211
1.0226369200822502e211
2.3578388237351884e211
2.7578117108918813e211
5.64943829012239e210
2.338278361905122e211
1.4873599643910322e212
3.474102842556235e211
2.9905088037193265e211
5.669359001522981e211
1.1932480464294649e211
5.996789148066893e210
1.6782053212412252e211
5.445216658458257e210
7.014911968931633e211
1.0293291237430246e211
8.807311434042367e210
3.813208077794093e210
5.100435836979958e211
2.1239162564575146e211
6.928748567083497e210
1.2641758746612203e211
8.356120340589546e210
5.890683938181673e211
1.067163324950204e211
2.6329416829271083e211
2.1683291107429328e211
5.601114755866611e210
1.3308782943373209e211
5.294954380204979e211
2.3904744044529576e211
4.162993977694618e210
4.428504295754904e210
1.516116080326094e211
4.082857772665829e211
9.60522164777406e210
7.165863699621215e210
1.0360349560588501e211
1.3330602657515357e211
1.110300782470245e211
2.148151311540411e211
9.343753780405779e210
1.801130561700783e211
1.4192357522526746e211
3.963546965653161e211
5.523554599009752e210
6.011091182633588e210
2.5173594792442188e211
1.9894341633477927e211
1.902149331944568e211
9.73713845453693e210
1.2790172772574183e211
4.206633758999935e211
1.4396402550214987e211
1.276738455227244e211
2.750336008040292e211
1.1681795290632026e211
2.6165569948719373e211
7.384006877654327e210
5.365040005940874e210
3.281795997729962e210
1.2991457495310677e211
7.769795356742395e210
1.0466232661622525e211
2.8411678798465504e211
4.816552606698726e210
1.7699115750953984e211
9.400708939455236e210
8.208455638656869e210
1.0286594731149954e211
4.99460026826845e210
1.7770642878084148e211
2.6999783062883195e211
3.5001718876600567e211
1.0477595929014793e211
3.7519544599484275e211
1.7328783199278304e211
8.819315000146041e210
2.9415693526021196e211
1.1093830400923306e211
1.1085521143690906e211
2.2673745471153686e211
8.508145861825927e211
8.369735000766595e210
1.6010001074035244e211
1.9504592896315476e211
1.0342080196891082e211
1.077501530142814e212
9.328779346796455e210
1.8988586186805117e211
1.4372333865320695e211
1.2813265685365734e211
8.067955538665038e210
5.561880745430961e211
4.210203606366805e211
4.5865177660350815e210
1.2964284747860505e212
4.276984765584778e210
1.369260880260474e211
2.924843426916102e210
2.50119299495357e211
7.373906413946917e210
6.652398899662716e210
1.8324561612770416e211
1.3898776492515623e211
2.7710528800123035e211
3.6400192899793883e211
7.128789066403354e210
1.0096509990132122e211
6.169108599859578e210
2.385354213203477e211
7.85377551828284e210
1.165389648506838e211
5.208563755783032e210
1.2544623220132365e211
5.917411541486526e211
1.764300157965978e211
1.4983940011760178e211
3.262064585022595e210
6.979210196751961e210
5.1477998344037546e210
1.4064761168351413e211
2.8131342803311057e211
2.7829116415260015e211
1.495713957603923e211
1.1606906228716688e211
1.8422412784409915e211
2.3589044909315193e211
4.235032328099267e211
1.5006300692058372e211
5.560448975898483e210
1.291361164591366e211
1.875590723910341e211
2.194751667764023e211
5.503331166825573e210
7.378407530207748e210
2.983499992868479e210
6.192538777758975e210
1.067617391963401e211
4.314905019835292e211
6.149888535535178e211
5.565280804185879e210
3.6761911555292605e210
1.4836011713910608e211
1.3623746294476689e211
1.427164712104369e210
4.827185370726911e210
8.818361934249312e210
1.6079347220309748e211
1.3266400230811902e212
1.4123985654942004e211
2.1686249434153265e211
1.0107986482153483e211
1.4441361087557935e211
3.829402303218077e210
1.400581497489242e210
1.704572351630421e212
2.6418180235619635e212
1.8821575470475382e211
3.441872784103457e211
1.0018690784322821e211
1.152888378082267e211
2.862932520446205e211
1.228504437353556e211
1.1639798476947663e212
9.858619769629896e210
1.4398980183579693e211
1.5612223271048672e212
1.8018511991202796e211
1.980765831935188e211
1.6695735829638457e211
1.6650742610153568e211
1.8688221016488185e211
6.348394311336805e211
3.7832382310190455e211
9.032159559506126e210
1.0048301740890439e211
2.4026246672831775e211
3.030152628192154e210
3.861171732756178e211
4.879516548336686e210
2.4656404558114556e211
1.0979160254717926e212
4.3150875378799705e210
5.409889174975782e211
2.896549010966465e210
6.42619663728367e210
5.729190784486733e210
9.190976677259099e210
4.72969696514513e211
1.0223186793318813e211
2.0413203920482285e210
1.4035549612289978e211
2.98206936198224e211
2.249988268515072e211
3.0347517817560826e212
1.469060191582078e210
2.2041036482002524e211
5.322973088076757e211
1.4008731818635448e212
2.3404210248348757e211
3.7779716812551605e211
2.248852451734952e211
7.61892655400116e211
8.304397100605631e211
4.702178755861709e211
3.9041039404416392e211
1.2184065549971781e211
4.181432193064129e211
4.53766925556207e211
4.378186566554062e211
7.246271820447337e210
2.918904496099154e210
1.1328025093720164e211
3.216678752529598e210
1.1370437675223147e211
3.510540799902433e211
6.095356622695617e210
1.555488516688439e211
8.603656253946257e210
4.745324630943021e211
1.3660182007917377e211
4.326602428798376e210
4.6787839542291614e210
2.608672274580966e211
4.1938469998139456e211
3.0731151835954597e210
1.2238631308129392e211
3.270501970992228e211
1.8627876190223948e211
5.852234996105888e211
2.3408581854256827e211
1.333152936866643e210
9.653572125283962e210
1.0232187192693346e212
8.816710225564982e210
8.630246691264454e211
1.7840703924532146e211
1.9211717811583218e211
4.787231948315472e211
3.507303181066289e210
6.561997471630122e210
1.5876814646355524e211
1.1115001684426726e211
1.664364879676813e212
2.2378096086624623e211
1.2377978626954984e211
7.197968460695137e210
1.1695914269006097e211
1.0163421201744846e212
2.1109054838324793e211
1.0524815858602947e211
4.996545478992965e210
8.270660440520333e211
3.874776101690316e210
3.760880317188593e211
8.878696879207735e210
5.964132420008964e211
1.2469906655777594e211
7.024291954218489e210
3.3814734923125644e211
5.22928347666264e211
4.9685610693118215e211
2.999155521289889e211
7.783927309903646e209
1.289777290224102e211
1.3222978544962114e211
4.0657768925568514e210
9.374470632628525e210
2.8241888112467443e211
4.262016459417399e210
1.391157530938035e211
5.401092108169173e210
1.4802208579369308e211
1.884154659248447e211
2.9714260684237344e211
2.519886095254264e211
7.618436676810692e210
1.0247919440370876e211
2.6778808982803694e210
1.5605731588517068e211
8.462214721013367e210
8.726282086577495e210
1.7329921021077784e211
3.3978578481480176e211
3.7093276473571517e211
1.6150446810334044e211
1.0454318101046291e211
1.416628892310775e211
1.2440993951876827e211
2.2178970895895283e211
6.019015420386287e211
8.551568115966705e210
3.1021319291802307e211
1.2550738348219772e210
1.3063607650569279e211
7.340235262344915e211
2.118012926885878e211
1.0296948947103017e211
2.0165062599421559e211
2.1751356237986002e210
2.0616350054167692e210
8.843044946594796e210
3.882355869855371e210
5.548830348763968e211
1.610858780208394e212
4.430695316425709e210
1.355870842473977e211
9.314569773423135e211
2.9949425789576044e211
1.9748347035970227e211
1.0010955635645063e212
4.933091329701338e211
8.90345958538987e210
3.2771958068777116e211
1.5151479790662725e211
1.5261823862429422e211
3.4362018957912947e211
2.5652182723449147e211
4.7569855757261626e210
2.2817117165866546e211
1.583985481923292e210
1.6001998897318174e211
2.671063863773852e211
2.70809966307549e211
5.152709677834124e211
2.8041606845753317e211
3.0327195879489026e210
5.432926467948748e211
5.814412391703929e209
1.4232788280581157e211
1.7875668128947715e211
1.623473754902656e212
1.6679978886661355e211
1.438550247146365e210
1.3228463322179963e211
3.503336109469196e210
4.223680407667306e211
1.7038017304200811e211
9.771009394552261e210
7.048163759875778e210
2.0359172250212628e211
1.5858559909728743e211
6.917381064703824e210
1.442671145588135e212
1.9638903355346785e211
3.761029524404887e210
7.448429402153269e210
1.412179510719429e211
6.552625618056555e210
9.671949386511291e210
7.109695833502942e211
1.3402568743420965e211
6.412172453612449e211
3.420342470826433e210
6.4871987405504255e211
2.599190680604369e210
2.6381234171565114e211
2.2760987067798304e211
