6.416248698658822e81
6.700098815382731e81
6.799732974964595e81
1.2497702568141666e82
4.9095647409115425e82
7.68464757990417e81
1.004675890800436e82
1.4148206029375877e82
1.0913725152039917e82
7.935534423679124e81
8.873731787055616e81
5.058994444699766e81
2.249775690866449e82
1.115948695678571e82
4.920133438021905e81
9.691794981736452e81
4.1448736917964536e82
1.53705909685729e82
6.809413020065191e81
3.5239431554997212e81
7.474175166960481e81
1.1725732101256599e82
4.2156498355033985e81
1.135393967953725e82
5.6063627808919675e81
3.212331726373452e82
2.0674101509350618e82
7.871083626238787e81
5.637831511066696e81
3.632833660194091e82
7.5329372971123765e81
5.511528239866126e81
1.4162578173662032e82
7.308362477764418e81
1.447646649093003e82
2.1714565378016946e82
1.2112736127715868e82
7.963495539739835e81
1.830549636628617e82
1.218398180047083e82
5.163015070759702e81
9.257148288035755e81
1.3202610589814364e82
1.1860781532820365e82
9.07099071876814e81
6.7016441562066395e81
7.817853306490638e81
5.6206550916836235e81
2.2629897755195512e82
3.229817284331507e82
1.0043385027755936e82
1.0321842996379556e82
8.041543401231198e81
5.614887058075919e81
8.987819732493852e81
4.757209912649445e81
1.0234061720585751e82
9.299665051598446e81
8.135565730988547e81
3.747318102710252e82
9.658972951603806e81
1.1944448882386208e82
1.3971054906056623e82
8.898051815793828e81
1.1833214994717556e82
8.40470773355908e81
1.8142685387728673e82
3.636294359260049e82
7.1315102766353516e81
1.6804736264823324e82
2.2594636441194328e82
6.965193249801839e81
9.216912967939345e81
1.2452791690063606e82
9.944820134337023e81
9.159802956844504e81
4.9430006904817795e81
8.900004103743151e81
7.81951380950673e81
6.8804921807496504e81
1.0503944214891107e82
3.458860120882816e82
4.715676728549224e81
1.3544638177647206e82
2.860942212352815e81
9.312101096288009e81
9.948600894725412e81
7.353172577888315e82
1.831656338879367e82
2.9473081432975918e82
8.106942892124397e81
1.0179209202678362e82
6.41938390765455e81
1.2091923081606843e82
1.0082159814868906e82
3.2593045424196335e81
8.098999860090241e81
1.6260670530670432e82
1.5213964832266096e82
3.5470455471476253e81
1.4828764340895528e82
9.378811723363259e81
5.11900071924458e81
6.289746992592065e81
1.0796950237552635e82
7.177491003287222e81
2.4846784616112544e81
8.67923845405344e81
1.0349046311225687e82
1.0255265640126331e82
7.72466554209895e81
4.0962904376743905e81
9.665472961536258e81
1.230144468718784e82
9.577291948944902e81
1.3468664274085495e82
3.999593053903287e82
3.805796187772532e81
3.7679658421670015e81
2.0089797911932805e82
3.278319493230427e82
5.890849179712976e81
1.2375386270750495e82
2.8747181309812317e81
4.769933479372783e81
4.919971425355105e81
9.326571782843235e81
2.0696958876655957e82
8.881610062640741e81
2.1426937960743386e82
2.3285208683694255e82
9.923678293445259e81
8.628707446006094e81
2.0886342628525495e82
5.329264267925949e81
5.260637561105239e81
1.6843960352999068e82
1.7389612214165687e82
7.4348008025700045e81
9.87922195272403e81
1.421222578514449e82
1.9758720534544584e82
2.3132521306650565e82
1.1727717359247845e82
6.555302542797159e81
5.821022567740955e81
2.074051067716065e81
5.730435762096632e81
8.835989571293249e81
1.1760938682348445e82
4.389292562235554e82
6.5429980490792905e81
3.6114141696223723e82
7.017573918911706e81
1.3716624895156808e82
1.3064386398183977e82
2.440997680230752e82
2.325379570475547e81
3.6762065748531735e81
3.4998954187897305e81
9.806256906669433e81
2.9101901538942603e82
1.2167533805986738e82
5.762550396178392e81
1.0732241457067674e82
1.6363925018260683e82
5.904247908979368e81
3.3040819118323454e82
7.418170834190612e81
4.357536882997373e81
4.914126977195001e81
9.565163565625717e81
6.296620853592013e81
6.346297873456164e81
4.8356199535067625e81
1.0007194249199902e82
4.5153713709966905e81
3.219297023411871e82
5.636452029613025e81
4.976413353506245e81
3.7110570255358973e81
1.8885467992341882e82
8.590992703225363e81
2.0736835687111656e82
5.012040438337891e81
2.218804409263757e82
7.754847377359377e81
6.508190194079316e81
1.1522210361294114e82
2.8058562718754583e82
3.7395398150670084e81
2.5755072684950764e82
9.157841696188746e81
6.399077032455004e81
3.769270744161277e81
5.642792204859832e81
3.899036500513469e81
1.112047855821038e82
3.4249769561440094e81
2.2275673764722736e82
4.975026421625964e81
9.04270941303665e81
1.502134691467631e82
3.4461880924989905e81
3.498961982149889e82
3.7189970974116286e82
6.467696393310412e81
1.1991160431965555e82
7.811564494080449e81
2.788703139257066e81
2.459208723928841e82
6.723191088915762e81
5.574187850522508e81
2.013482854272187e82
7.974988080283608e81
7.472860581446507e81
1.427443184079078e82
2.819529121182651e82
1.968241035752327e82
7.681706935921637e81
1.4051891188032899e82
5.6238897663494095e81
9.057001908995896e81
1.931610251780487e82
8.497759812955453e81
1.4492995646081141e82
5.218164629060024e81
7.72325661429169e81
5.4264026257214784e81
8.609692689005166e81
9.844483679590897e81
1.5965497245349285e82
9.097795173999698e81
2.6265846168438696e81
5.893213381681884e81
8.231530202643636e81
1.1162978475271165e82
5.868715299593659e81
7.354086670805655e81
1.4735759520099927e82
8.176125228621291e81
6.728616978910527e81
3.6948378463001094e81
1.5378011123621914e82
1.0025057324585786e82
3.2161385636907694e81
1.0484577237283e82
5.750320000119091e81
3.097580642168848e82
1.1748341062891581e82
1.2555178640229909e82
9.386069636250181e81
6.192547419850734e81
3.029161091919215e81
5.102665574627882e81
1.40404536622536e82
1.6071007585916334e82
1.331559782468964e82
9.187046895165598e81
3.2062391561991904e82
1.632974724776063e82
1.217017405376068e82
1.704774881220381e82
1.0609702804532703e82
5.537741468664714e81
7.655030792834962e81
8.912685382162688e81
9.705069973985184e81
2.06147843594024e82
7.926160410766216e81
8.426685663597305e81
4.593211358317475e81
1.1040570897584582e82
1.663795477032384e82
1.8907427327535615e82
8.23137079167454e81
1.3683787791852292e82
1.4124260464087718e82
2.119635283635119e82
8.756416665637906e81
2.4790973333687177e82
5.525711254075518e81
1.215942734954498e82
7.658689605630823e81
1.68506961924141e82
8.249986473213209e81
1.0081523019758816e82
3.076031150500094e82
2.3731737088622918e82
1.1343463555353678e82
6.53178839809086e81
1.4794817694828491e82
1.6728241743229164e82
1.4535584182443394e82
8.4669646164191e81
7.408266133316061e81
4.260271622432483e81
3.3504662019607313e81
9.988617955143477e81
1.0278756469082283e82
2.7458338293430456e82
8.974575202529345e81
1.794462016319923e82
1.0203668160323978e82
6.404506361243987e81
2.571241079574395e82
2.251788496221383e82
3.9473774662976455e81
2.117736792222083e82
5.76781747229222e81
9.47512438894717e81
9.734217766097751e81
7.583233857411594e81
1.2957948569715265e82
8.182326965391823e81
1.7285501139487502e82
4.9986544931736014e82
1.763400982739031e82
3.901423732947276e81
1.7774783451824394e82
5.215726468840974e81
6.452580328493506e81
5.9440113848345985e81
1.1818467859999082e82
1.4360836505276863e82
1.336554087768548e82
4.502121796192061e81
5.586538857736272e81
2.773581661373564e82
2.7033202914798096e82
8.413056201197232e81
1.1295907988685238e82
1.845292304632608e82
8.008209199097098e81
4.754689839192572e81
4.523059961582217e81
1.8635625936273375e82
9.456489134700425e81
1.7316130849233992e82
1.1910238973142726e82
9.173871983336551e81
1.520117077077571e82
2.8469741957370596e82
1.2308165556199435e82
4.7190111785363846e82
7.392018424649182e81
1.7510580136636294e81
2.466433612176573e82
2.935458737860763e81
2.2337912167175365e82
1.3972538203185206e82
7.6714717709576e81
5.696007531507565e81
8.920903492506503e81
1.0420006323001777e82
7.353385659177721e81
1.0642481939010304e82
1.5579487600056828e82
1.2181069168291719e82
2.0527477224985338e82
6.8802186584459656e81
1.0900969183425978e82
8.149857434351216e81
1.1227734813345253e82
1.0976178577453602e82
2.9428154217235943e82
7.1305445647082425e81
6.64016865857524e81
1.2569230698838437e82
6.696654742982676e81
3.967086067095242e82
3.668548203986059e82
9.407469386991315e81
6.143649994767067e82
1.6272838666523065e82
2.1854639982533797e82
4.980920637834481e81
6.311182119115372e81
5.7334156121457685e81
1.9298025696969896e82
2.6447428276664802e82
2.226383769249226e82
1.4420762173515567e82
1.201377938607592e82
1.9459061307243617e82
3.5572950489322877e81
2.2160531322502057e82
7.848008064093227e81
1.1272275921458645e82
6.759195496219229e82
1.6726913190867677e82
3.458266355687833e81
8.033393854555482e81
1.2792062886860661e82
3.2581524472673135e81
1.2239179186673554e82
7.300834596423272e81
1.5682629425161443e82
2.3456183356914162e82
6.4031645576885795e81
1.910080097675452e82
1.1535671773188815e82
4.2307036176979655e81
1.945587553398663e82
1.4402520422812692e82
3.370571011286478e82
6.9265761242696715e81
2.5781310865237387e82
1.2595755824438255e82
6.589644284125398e81
9.227365915806971e81
1.1108962298514094e82
1.043237191886987e82
1.5344621615047826e82
9.116653680935766e81
8.99527295655556e81
2.9923937334009564e81
8.688373314378422e81
1.902372596198178e82
6.409564523663574e81
6.43422009758149e81
7.528171876793946e81
6.90950611922025e81
1.6787352381944194e82
2.7847374510718522e82
1.123150942386155e82
2.9557523977678512e82
5.806316488450314e81
1.5555768999927685e82
2.499569150391022e82
2.5096512332149733e82
1.3094793879985555e82
5.680310719832737e81
1.218935841391111e82
5.173026572176962e81
7.211259602949111e81
3.574888268111561e82
4.988675940921673e81
1.0312012718440154e82
9.679701310674443e81
5.386055707736809e81
2.3627468038854152e82
6.393927197391787e81
9.941632117323685e81
1.2777051801476407e82
6.9487479142193204e81
2.5555722839506046e82
5.147348202464053e81
1.364923726565252e82
3.945804959968052e81
5.912509756157764e81
6.812177055993471e81
1.1742922130002862e82
9.030747592819321e81
8.208074311472155e81
3.951568259490726e82
3.554159601791505e81
7.394556919848945e81
1.291136476044442e82
6.723564326704829e81
9.886870532104697e81
1.1882188521248569e82
1.6844856543279607e82
1.1791374538962284e82
9.583652354577439e81
5.953464468034706e81
8.68774856404228e81
9.942869881307777e81
1.7940091956810663e82
4.73657763076304e81
1.8271664062585977e82
2.443989997624862e82
2.258047660955963e81
6.990516941398288e81
9.563821427522524e81
1.0205292300102222e82
1.184760985127413e82
9.13143380687634e81
1.0723966396242028e82
9.733326179162414e81
1.0204668853625616e82
8.813912610998861e81
1.739769984107862e82
2.1053595958123188e82
1.0481974781465996e82
6.491129865466566e81
1.656889709464189e82
6.797770591888829e81
9.784523441176196e81
3.586242738969283e81
1.8137099051728648e82
1.3226385187117367e82
5.701442935579476e81
1.8891370137422988e82
1.445838183654704e82
3.93362988848279e81
8.752229278768556e81
1.1811402379729508e82
9.165639401897406e81
7.878675435086966e81
3.3465257081251717e82
1.1460109573519232e82
1.203309027562462e82
1.42246813440062e82
7.135372241351608e81
2.7958708467554307e82
1.2649589617204842e82
1.1920012892839514e82
2.1169084209030177e82
8.24881010837736e81
1.9721496538481542e82
8.555703493410639e81
8.18847878323688e81
1.3637732773180349e82
1.2766069251213289e82
1.2304495105669832e82
6.735399606319247e81
6.243898051131768e81
2.9150088212104373e81
8.739851096290549e81
2.590117311409027e82
7.237865900988104e81
2.056801311208267e82
5.8767523486992925e81
5.2410091452606155e81
9.579593340143408e81
1.3570011242426158e82
1.925895194993541e82
5.386095714607044e82
1.8696197906617352e82
1.3619728121333916e82
8.40331486362836e81
4.787968863135786e81
1.1648196911172381e82
1.892433575733887e82
5.082260996372799e81
1.7557283233595596e82
7.833371336952306e81
3.628168048643628e81
1.542974032677258e82
9.829596519408324e81
3.457751003746916e82
5.593937789840079e81
3.032919676643327e81
7.171812592213168e81
4.9708247861964874e82
1.4166212321185864e82
1.3021107736564748e82
4.938382812522502e81
2.2364288880665027e82
2.083706791605602e82
8.965536006875019e81
1.0646794756164908e82
2.1847478071276522e82
1.4958849277606222e82
9.817260819236551e81
1.265071574704442e81
6.017429096437824e81
2.452478747114383e82
6.888938960271591e81
1.111643996156257e82
9.197594534904211e81
1.3963655855223328e82
2.416405819326775e82
1.3547739802451114e82
3.0520628431840474e82
5.016365292512904e81
7.433300544297768e81
2.9333388455364644e82
1.0435843940220968e82
1.1526482018611706e82
8.675402468406803e81
9.941531010956658e81
6.849949512190057e81
1.0885424136913503e82
7.432268551887687e81
8.758263677078806e81
2.926430768513653e81
2.6131770473060957e82
6.630624929670247e81
1.3503992419152604e82
1.4107811301021327e82
4.7780862378568215e81
2.1489462746021938e82
2.1800606577644775e81
4.985737257765098e81
5.786912807395124e81
7.5479021313398685e81
2.494951334676289e81
3.6649545768175373e81
9.939646137479485e81
3.227893962036126e81
1.6689824470572297e82
1.2762645110897236e82
1.1348883098955173e82
7.256255987151319e81
2.4752420452286248e82
2.8054300938983294e81
2.3406548612182316e82
2.2120779638324006e82
1.2700505066387652e82
6.557926300186656e81
2.165507057109597e82
1.054949128556788e82
3.948804287821535e81
7.41292227914134e81
1.7043073551848133e82
2.693080794651346e82
7.17822445293811e81
1.153207570817186e82
6.498278056749639e81
7.515196655411244e81
8.391136643417127e81
1.2951404037993336e82
4.047254821822217e81
8.920969863796883e81
1.2470951378711366e82
9.454800823455465e81
5.1070292245477665e81
5.206488295208291e81
3.164255102857606e82
2.413372776489727e81
8.51387693336692e81
8.319363686558491e81
1.1222064631774794e82
1.4653360691691945e82
5.7260407634324085e81
7.418384900808546e81
9.266766181812408e81
5.676802736223498e81
6.596670839334089e81
7.3726385756321824e81
8.498947147470372e81
1.3214212529974532e82
9.65961930871444e81
1.163554628159551e82
4.8752297851792105e81
3.6739330908604405e82
8.386312348765611e81
8.248722425342142e81
1.6319284982346603e82
8.021994626939766e81
1.9596111870659767e82
5.344611808467709e81
4.011472324573838e81
5.2474891812257215e81
1.4562883296828737e82
1.330214355157514e82
7.369757584226443e81
4.4578512688627145e81
1.7937252819571962e82
2.7298755808678904e82
9.079359559947458e81
8.426754822625235e81
1.0675197747103864e82
4.946540740252115e81
8.000611388641092e81
7.223453952374854e81
1.7135469486632325e82
1.3051184370191938e82
6.58030325342091e81
1.765314301594277e82
1.2364099906438242e82
3.5604707537353967e82
5.471490000846246e81
5.0687344764003545e81
2.866585465060486e82
4.7194894198645115e81
5.247648716695592e81
2.779997242138387e82
7.620352174307448e81
1.5149660580728264e82
1.8328427968847754e82
8.399451406986757e81
1.2569071221942196e82
5.4877380898215105e81
6.44371137278691e82
2.0774390765787267e82
1.0971538629269144e82
3.0272857442416807e82
8.070303397320095e81
1.3237180732048084e82
1.594897824307615e82
1.745915402679994e82
1.2806383706168753e82
6.684409002990836e81
1.3068566595563764e82
2.4845098036521332e82
4.837131883935693e81
1.0864090663417469e82
5.548942057861551e81
4.348420610700459e81
1.4101509653261046e82
1.6795228119704347e82
2.889819021267657e81
3.280309675200979e82
7.45029727073993e81
5.609910737089465e81
9.589714484425913e81
2.218276925718318e82
2.5868545651039902e82
1.2762568357912255e82
1.6938530122624083e82
8.305694221478208e81
9.789222682296452e81
1.547365728338136e82
1.255261228634805e82
1.375101928341975e82
5.08530015089866e81
9.751340932710107e81
2.69404097090354e81
1.5610386747176383e82
3.6249853829003996e81
6.504750659050407e81
1.239872813658275e82
3.643854708243438e82
1.0491903845348735e82
1.5169536245479905e82
7.871378283315662e81
1.4063824408915854e82
5.0448409322465325e81
4.37405918423531e81
1.5191637904301283e82
1.2447404291913209e82
6.040456982045668e81
1.5186190052753546e82
5.0637471311478544e81
1.531435808744315e82
1.0981705679874676e82
1.0091105644774997e82
9.378512945705823e81
1.6528578889834093e82
1.2135314304477971e82
6.352376968639109e81
1.2558908931820977e82
1.2639496481428722e82
1.4037899083878493e82
7.101172642993468e81
1.959956491078695e82
1.0450993960257767e82
1.0594711549436306e82
1.0124765200164519e82
1.0744435229921476e82
2.4865727855650913e82
1.554562308277668e82
1.2231830866281985e82
2.6878289430720864e82
5.23883643327766e81
9.455952256627699e81
6.788420329269041e81
1.8034708295391274e82
5.581333289048931e81
4.9022292810145305e81
9.060981753712071e81
1.3325635974273615e82
1.3750603535406826e82
4.284420534924324e81
4.186453430293608e81
1.1264211964622785e82
7.046845148241758e81
2.0878413627151876e82
5.158580621872323e81
2.096801554422119e82
8.696678038525531e81
1.393609369996238e82
1.1296923776090216e82
1.5279121336857202e82
7.439162790120749e81
3.8237709882555375e81
1.233824133315618e82
3.188216330255525e82
1.8510972877975227e82
3.786591023090647e81
1.5026455371741693e82
9.907679671588442e81
1.1153975368618e82
2.9037805044346633e82
1.4012999361850666e82
5.9389258807670795e81
6.7185120257425386e81
5.2525733620296e81
9.911774822869597e81
6.8259063154653374e81
5.906725139409683e81
1.6576587797714242e82
1.993631966138108e82
5.578615664287782e81
2.9286327792622756e82
1.5937625348039562e82
2.1220633439875102e82
3.746488666674321e81
1.1992745328780639e82
2.800496954807849e82
6.3864259381715975e81
2.8456773310756556e82
1.720889373951751e82
5.686605264533792e81
3.7774464749042416e81
1.4930971538734188e82
2.381891757821235e82
1.804589406684762e82
1.0844283890165585e82
3.962736568162567e81
7.852925060796633e81
1.3955806169978265e82
4.077076476293974e81
6.7052468512284785e81
1.3423339656885186e82
1.6692542922125032e82
7.038339369608175e81
8.944165048877883e81
5.64529780687875e81
1.0329402031444536e82
1.485589522490217e82
5.276350924648546e81
2.4888540667444363e82
1.5941129057821248e82
1.702245527609552e82
8.640963794935236e81
1.5856827429205334e82
3.309988942746869e81
7.441253076939593e81
1.1709023615848521e82
4.766440877270796e81
5.079323290095046e81
9.962093588106432e81
3.7469096911520984e82
1.24728499171067e82
6.296742430723137e81
2.8122653386653674e82
9.722171775610054e81
3.752011620862879e81
9.337296048038778e81
6.030336479484793e81
2.9489414575192645e82
6.355271106379869e81
1.847104246129532e82
4.570965984736675e81
7.62996776314405e81
4.5493507545472915e82
2.2719512043072113e82
4.500010069370005e81
4.187443286943882e81
1.2550694379874037e82
1.6257777410969752e82
2.0395865096292874e82
1.217569758495776e82
4.7698974505289946e81
8.104400211444179e81
1.1921872093042882e82
3.181742486805897e82
1.726758275179663e82
1.0296118884518913e82
6.12852378101658e81
4.440016836154309e81
5.5452090859995604e81
2.4304482499098882e82
1.2523629011161434e82
1.2485094828947861e82
9.248742580496019e81
9.57560083968556e81
1.0427240623548774e82
9.028142269944e81
1.6920398181627026e82
1.802003774075259e82
7.245215691202783e81
3.66461718745722e81
1.2410234020444043e82
7.5152900407741326e81
5.679947235117613e81
8.423131764095965e81
6.159356759630144e81
1.1654434630917703e82
2.042818507723905e82
4.8374589981946025e81
4.088036749981417e81
1.8635988220827686e82
1.3003400254215487e82
2.2775097111207822e82
1.2274963283689802e82
1.1687936642744223e82
3.976928801854019e81
1.460199786132935e82
9.349420784785513e81
2.3262523109971474e82
3.487083440514561e82
1.1843913423286913e82
8.184093710623292e81
5.3719587273718505e81
6.409414220703872e81
3.963150490426367e81
1.5258865737112786e82
5.643568305653231e81
1.5275767256210045e82
1.4598175319068324e82
1.2263707177972036e82
3.80972517645201e81
7.045036525693295e81
2.1314004659103943e82
6.172206924515801e81
1.2506267231695933e82
1.8688780060783952e82
9.90806356673544e81
3.0028383306250115e82
1.5376363828170182e82
1.404983053267417e82
1.4394389135101183e82
5.905154478763451e81
7.591605451149175e81
1.3477214705995274e82
2.9216338239943428e82
7.426253635922939e81
1.861914340935556e82
4.190122518413865e81
9.102739579737079e81
4.919327962723509e81
8.8082804318859e81
2.385732421017768e82
7.125329898438231e81
2.000596936392054e82
1.0401603566857179e82
1.8796087606385767e82
3.712636631962317e82
5.468963857724408e81
1.668664651144982e82
1.5927532205453187e82
2.771762902320561e81
6.505144528534328e81
4.5827067678061145e81
5.978436657199073e81
2.1477147699702984e82
1.88172867192784e82
3.845485607298822e81
1.013054081267736e82
6.272754304885014e81
8.461712900898869e81
1.0523397294404937e82
4.093877352296771e82
3.78129731749756e81
1.1741290134332537e82
9.803139954919422e81
8.496706084026024e81
1.4102516093407798e82
3.067724972268108e81
1.0950848758310499e82
1.422476062933516e82
1.077034314938367e82
1.2021129564021972e82
6.540420293808131e81
1.687619164792775e82
8.271207062010522e81
1.2480440938508449e82
1.949198959329172e82
1.4854468980279074e82
8.594447664643368e81
6.083701401917472e81
1.721673663329503e82
8.547035235076813e81
1.9745316522894932e82
1.8204316154029e82
1.1372544249176086e82
7.2257982717341655e81
2.213691352367028e82
1.528115512191987e82
4.404946110765516e81
7.349008131148434e81
8.439336420798142e82
2.9838030954314557e82
6.242398875285908e81
1.12006388731379e82
1.2765465549684822e82
7.221640032428865e81
3.343334500525124e82
4.223202250205423e81
5.712255920013271e81
5.369970151000481e81
1.1273348277522003e82
7.464138044808441e81
4.677416397356759e81
1.0417725637329765e82
1.0094594784105998e82
4.013196170384042e81
5.189211141949923e81
5.327143937629633e81
2.6383089879105017e82
1.4821268468864862e82
6.8531453243152745e81
7.160354285565204e81
1.6178743041193737e82
1.6002869529040546e82
1.2440149245064178e82
4.705100920576511e81
3.7211308792301355e81
8.765697113669366e81
7.205538027026246e81
1.4198327028748565e82
3.035208071942575e81
2.6116717200333358e82
1.2234205111818486e82
4.9127919605205225e81
