7.069754941669464e68
3.1818589856666073e68
2.510956611775089e68
5.891050861530082e68
8.409155286665703e68
4.3013493380921927e68
4.652751697185627e68
2.8733262649091824e68
3.894924996172573e68
4.1955882705624963e68
2.8104099823449514e68
1.8765959972837163e68
3.3060164276667545e68
1.093249125431899e68
1.2673421341343938e69
9.6424328242731e67
6.327809711259445e68
6.005886614190881e68
3.0572319505942293e68
2.935821411094244e68
2.6721908314445445e68
1.2475388848546793e68
2.5706555953701394e68
2.1484369460584827e68
1.383713304768864e68
1.2769963153791296e69
1.5791057263945303e68
2.7872013162626402e68
4.411129030826004e68
5.791945901485444e68
1.2956485208639107e68
2.3385973324839256e68
2.274325460622658e68
1.3372524421371966e68
3.1046429145567476e68
1.7271621577040986e68
1.862518249170534e68
2.6654104976755567e68
1.1367487475077302e69
2.3026738178098495e68
2.8928169782696763e68
4.3575052120800535e68
6.869579543189173e68
4.907214459470413e68
5.268224707040971e68
1.5997555033764548e68
3.8650854735169496e68
1.617943792880374e68
7.21445779853541e68
2.584435466611978e68
2.6825349538856273e68
4.970536151336549e68
2.346279646881254e68
5.75298381595617e68
1.4526374996208107e68
2.284545727375436e68
1.4048760012469861e68
3.922942864102127e68
3.2274073784700485e68
5.147637065919425e68
3.0611140766914907e68
2.228619252278618e68
2.1385421810951301e68
4.26132824125115e68
2.8777996337178264e68
2.893707564554264e68
3.6737606214453964e68
1.9363651866805424e68
1.9902549484787826e68
2.768579265433307e68
1.5836171445192195e68
1.275009484750321e68
3.6623015651782855e68
3.720622716210002e68
2.0514250376733418e68
2.4756367828799855e68
3.020413746905929e68
2.4716080517575446e68
3.1597060248911763e68
2.1544733323347928e68
2.4554253136999e68
2.0764350030894834e68
3.747215727930149e68
3.0163033371962227e68
2.494019914652699e68
2.964245452022404e68
1.8107981219170733e68
8.941366926247353e68
4.2448645480840612e68
2.000528251154067e68
1.2991235596214866e68
6.842057522876677e68
5.736182721199693e68
2.01945280380081e68
4.2411773431308725e68
1.3061343807395296e69
3.0118215319515825e68
2.89035693072974e68
1.3915293002484523e68
2.015984626894552e68
3.4191657609984727e68
5.389356216881044e68
4.630137708433036e68
1.2314872934501195e68
1.2319249014257426e69
2.375518414675593e68
1.5252506526029283e68
2.247276376356397e68
5.197229409436182e68
2.53710420985712e68
3.5350918513637293e68
5.582070282552195e68
2.1719106220379487e68
2.2546331089636634e68
3.045872007596723e68
5.200331061360604e68
6.134069091006726e68
3.491537740763197e68
1.2880173133529398e68
2.570295720480707e68
4.683441409754183e68
6.228161348023878e68
2.82920502654599e68
6.036128824382451e68
3.210649013770142e68
3.807201759680423e68
1.2925696229099726e68
2.5778863617301554e68
1.686401506435756e68
2.3493835140742716e68
2.2177904742218857e68
3.0780937334734485e68
3.1061828895858027e68
2.801742598780281e68
3.1372527380852018e68
1.53540464768038e68
2.8224732790335105e68
2.1840437909377283e68
3.8030327204104386e68
3.112619095656194e68
1.452288398286634e68
2.207193747542254e68
3.322077235742717e68
6.105088107686437e68
5.281661816409472e68
2.724989311755171e68
1.0552887262263656e68
2.0723750322192813e68
1.281597747028952e68
5.326720839853271e68
1.0177327488880282e68
1.835306167098815e68
3.534796746328588e68
2.4030760886527038e68
5.220590349810104e68
5.06286936598461e68
2.908643531085386e68
1.246885752805543e68
5.092013447692852e68
3.449656216986502e68
5.170385866467233e68
3.825820574678273e68
2.3461532695073963e68
1.3871864295902207e68
2.0319430082627491e68
7.6815959682194465e68
4.265449060539079e68
3.9769738516626207e68
1.2311511631851933e69
1.6477795948869609e68
2.4979731431008542e68
2.4991715939472246e68
3.1438447399777007e68
2.830521287865051e68
3.4267800642952705e68
1.0486603699719548e69
7.011162221684032e68
2.378801638698695e68
2.275420394836958e68
2.8694818102168683e68
8.550400468444946e67
2.4709511193594836e68
1.9511913295293705e68
1.0269094659338793e69
2.9699675464583013e68
8.809266963784002e67
3.792011330720763e68
2.047346089343327e68
1.9323596177486053e69
2.6871153998340175e68
5.782449560175924e68
4.5595774999301e68
4.2759630711735012e68
5.880456719175435e68
5.251637813733813e68
7.91166413478922e67
3.5440757210399356e68
4.63621891027002e68
2.3979885624180685e68
1.5506473132829073e68
2.0417165282747027e68
4.0403722371196017e68
4.704903909891867e68
7.593838293766123e68
6.466933483721108e68
2.6859958001292263e68
2.5791426135411823e68
5.645633246398103e68
2.3581121934786196e68
1.1453015873129575e68
3.5149841554447355e68
9.461014000020751e68
4.622694550876702e68
1.6117921436952442e68
3.2042613698024683e68
1.0522281180747276e69
1.2291793723726868e68
3.290637648191991e68
2.9921055996491256e68
3.7694306474277204e68
2.8292172832671764e68
4.297884826770165e68
3.717990609616692e68
3.3276638163011045e68
2.6987078641255054e68
3.959606339788875e68
3.5727284667441177e68
2.0045826810686852e68
1.4062137155953905e68
2.0728084105396572e68
9.398884072350217e68
3.268370939100961e68
8.377856080879709e68
3.7946981276816596e68
4.54368455433438e68
1.92195902880143e68
1.9431997722459955e68
3.641027775330941e68
1.6780303163445676e68
3.478135763360439e68
2.367415083173352e68
2.4755804992598703e68
2.197799628766776e68
9.110258123467679e67
2.1279599425978102e68
1.8222335835242862e68
1.2077976212497612e68
2.0308309899429402e68
1.7929491821953985e68
3.334056949610833e68
3.2248065370974304e68
7.885577341374943e68
2.6971576814929796e68
7.914635940865546e68
6.666431232451826e67
5.380524888014674e68
2.3824110342717157e68
3.0166575581209954e68
1.0923784323211693e68
1.6380720790387397e68
2.722292732835285e68
5.167606154988544e68
1.3190368783601976e68
2.8144299806997167e68
4.464862922779025e68
3.3290409871146346e68
3.8452148673814177e68
4.897961813703585e68
3.393056393951833e68
2.231597436845995e68
7.625745576785214e68
1.8185258770282495e68
6.187873983415424e67
9.839589076384975e68
2.222199798968053e68
3.543130008773666e68
7.857845797215448e67
3.993927245318605e68
1.924139230099917e68
2.212435481471877e68
6.819126777485852e68
1.1198406739920462e68
5.056574885101428e68
1.9080631013012836e68
3.014252973984176e68
2.559646318347926e68
2.162190475721528e68
1.173573712443458e68
1.250300664999228e68
1.2088104941911778e68
2.96477241325947e68
2.3048707641126646e68
8.452545836293043e68
5.099199316147846e68
3.395850124677214e68
1.9713755581857746e68
6.568043670073658e68
2.861646599260559e68
1.5097618372429335e68
4.386751741531047e68
9.676941249696384e67
2.99729571681502e68
3.7264106160355104e68
1.325993755971737e68
5.861244232595507e68
5.775463182415153e68
1.1818866607433897e68
4.0852338257291275e68
5.300687038627084e68
9.053075612552568e68
2.061687248018569e68
4.5727732292819625e68
1.536518650309747e68
3.943480002094733e68
2.1315210958911632e68
1.3671503612553058e68
5.719627076275533e68
3.7663509958872525e68
7.992355139272978e68
4.491486606103187e68
7.158080478039091e68
3.5720773815398945e68
3.153320726825479e68
2.2454285418610524e68
1.1566096110998247e68
6.909600023238746e68
1.1335396003006305e68
3.0664582848464977e68
1.3500574633657876e68
2.884093225850337e68
1.2279690936628313e68
2.98836370271172e68
1.8410171297722137e68
3.4556926193556063e68
5.423863320682058e68
3.5575878206793496e68
1.4955795198908263e68
2.2385732939761597e68
1.1410405585335007e68
2.218009882922441e68
1.0678423034287366e69
1.5179150326808626e68
2.776367969093162e68
6.807031848529693e68
3.113193514640984e68
3.0388457206283094e68
2.26751956527388e68
3.06741318310374e68
6.424456182390338e68
1.886441980807725e68
5.006811849305893e68
1.744487147770392e68
1.0671925127515888e69
9.768946299957951e68
3.111261809447893e68
3.9320274556518606e68
2.2662545764933225e68
4.388163606044675e68
1.7506417176777008e68
3.879277823405678e68
5.221842409497262e68
4.1177466361912166e68
2.4439518558760366e68
3.701538912447554e68
8.318130595515792e68
2.4485343308039474e68
5.765316396569301e68
3.270830164627903e68
3.0984475653738807e68
4.599675756812661e68
1.7360900753493252e68
2.6543981773057567e68
3.3031290105772725e68
2.328318079458939e68
1.369358060607197e68
3.440841198300725e68
2.7683618299197983e68
3.7653590880914695e68
2.7824267926873777e68
2.207191760395428e68
1.093370171632168e68
1.7357393440886027e68
2.339305384320575e68
2.322295858690664e68
3.0531596093164416e68
4.154678131828058e68
5.992322768884903e68
5.932543102082912e68
2.029767460661863e68
2.1117931359405657e68
1.597845383135678e68
3.700658632410807e68
1.1663921492705878e69
2.207235536363199e68
1.1101967474826984e68
2.269325474607572e68
2.2748592195734345e68
5.1507107158002845e68
2.565499251945976e68
1.6257087560082535e68
7.109604093582973e68
2.7091677332920243e68
3.409332345642906e68
6.468849093263575e68
3.0839064489649966e68
7.119725619165434e68
4.901222079231377e68
1.9901192997265476e68
2.3454222933151993e68
4.063984673874352e68
1.9368247044731188e68
5.303010413800363e68
1.6793024631289154e68
2.6841854699104586e68
3.3452437493905234e68
2.59069602133459e68
5.099985014826961e68
9.274705572057045e68
2.0164180415971794e68
9.365623107473287e68
1.643642848178877e68
2.220133463697149e68
1.780892707444765e68
4.557176441444081e68
2.777280581671385e68
5.082449196468341e68
3.635653956479465e68
9.987789950969951e67
1.9981636289166846e68
4.6698864597779595e68
4.785976764409064e68
3.9881044266000117e68
2.994364940410793e68
2.715682653551322e68
7.661096120477678e68
4.414174717530726e68
7.800688354343426e68
4.449749400825502e68
2.5978371955219376e68
4.774262150025323e68
5.710916242576984e68
2.8153998811187164e68
6.904712209918097e68
2.8077954457791683e68
4.517757543860878e68
2.875352694202783e68
3.487624920637487e68
3.900278798075183e68
9.514165459656638e67
7.43923442794444e68
4.6507354265045e68
5.020295053102001e68
6.959273743000813e68
2.3699019004463424e68
3.6559402188649127e68
2.100074133436592e68
4.487045353860846e68
4.1667023515078245e68
2.1000176852879316e68
3.1823904246495817e68
2.7846268963252195e68
2.4595814557795087e68
2.9646621272571806e68
2.137192892103391e68
1.384790601746828e68
2.0215778176301324e68
3.328662255051282e68
2.3446775559335656e68
3.2948503300207015e68
1.1119421828122813e69
8.989538150104843e68
8.286912161145144e68
3.065341959380077e68
1.7084266433751238e68
5.02694726387105e68
1.4738080461430815e68
6.5252889544093e68
4.095613019195812e68
3.709510808739712e68
3.022066435834717e68
5.155088556692724e68
4.62467746788098e68
1.908065842485201e68
3.872457041814253e68
5.253106325201605e68
3.667824562074599e68
2.7363920760722957e68
8.243513590079917e68
4.414383859552866e68
6.003953664882153e68
1.3065742390248824e68
3.380666488524422e68
2.8299970541784497e68
2.5669556488276514e68
1.374708374685941e68
2.9255610241021234e68
1.5387090517439735e68
1.8756787371274931e68
2.0482867135518738e68
3.208060078645935e68
4.3561280057291226e67
2.0581974276411492e68
4.614919259691556e68
1.1481032808758387e69
2.1839753717947827e68
1.9108294544084278e68
2.8899922866380486e68
2.1339258991961032e68
2.984708300977988e68
1.6231579112365675e68
4.174232899121521e68
6.520687668490517e68
1.902267943619938e68
2.969067008734407e68
9.663009775128524e68
2.9022879518366116e68
2.009582276489066e68
3.9353243907885074e68
4.377286544740016e68
2.7510051635188757e68
2.9988614935513707e68
2.5946471957301434e68
2.8912337096896864e68
2.887866054260657e68
1.6035820510124663e68
5.192613786125763e68
4.780357026457148e68
3.940708799770383e68
3.4530044385350675e68
1.2790304956567645e68
4.60272706821277e68
6.170519120886553e68
4.854543574391255e68
3.5571664543257e68
4.206207712443054e68
4.2061370470432004e68
1.3251704753542595e68
3.530237161724888e68
2.8276248316724934e68
4.879533628538324e68
4.85241546412245e68
1.963149184997586e68
5.582781065243533e68
2.7116780595947944e68
6.653958424158649e68
2.519881762343041e68
2.858004161142632e68
7.845020384527464e68
7.3429983089873e68
1.5978720786588381e68
6.765790209188378e68
3.328445016731212e68
2.5358346489401127e68
2.169906853678658e68
4.66406554502062e68
2.7344727454779285e68
2.321020407146031e68
7.768577003055819e68
2.9975576250545383e68
3.2064056498404944e68
6.034002725453296e68
2.6757721248840035e68
9.986375077231985e67
3.3096024969641523e68
1.9612095308984683e68
1.1161688126087515e69
1.5717889331876727e69
3.7929598485779106e68
6.907089370953202e68
2.3121606675824314e68
5.154967240071564e68
1.182338802125029e68
3.203577403033135e68
2.689515221846931e68
3.5810369271216586e68
3.8870956957556843e68
2.5638097649300573e68
2.112828218980478e68
2.362777167443351e68
2.451110935640707e68
1.0128100507160232e68
3.2546786052802754e68
5.152523039997065e68
9.781031210157435e68
2.3176972873147397e68
3.23735026611115e68
2.5819971209597516e68
5.279494794386273e68
3.875160705638309e68
1.2454936669030081e69
3.9516306603579135e68
1.4427543019966217e68
1.6911168109179319e68
4.564654346486666e68
1.7682893251337692e68
4.476526315281613e68
2.3994299213645577e68
1.3069429451535181e69
1.5376069962164743e69
1.5947005516821122e68
1.9106262822021844e68
6.998214598349751e68
1.7043842300514878e68
1.8059148572981708e68
2.979045602959149e68
2.045963901935866e68
2.0230894661487422e68
2.0790152917266723e68
1.0769845297144208e68
1.5702464795097653e68
8.436608852212023e68
2.1592055471086743e68
6.862192309066369e68
2.8372031827582664e68
2.6600417415404338e68
1.2760036494731304e68
4.762502359199642e68
1.722338372562416e68
3.5319140286658056e68
5.286353196984449e68
1.0245145960773263e68
4.84564836054324e68
4.651372120497883e68
2.0915033774936433e69
2.658014841219118e68
1.031419118377699e68
5.27534257473113e68
1.943203947076949e68
2.14501345671188e68
3.1817280924765235e68
4.830394899543774e68
1.5542424583992439e68
2.362482169522898e68
2.811208801614894e68
3.997507645125488e68
2.1317247571991214e68
3.227762116526736e68
4.259285065825615e68
2.0482903588839074e68
1.4134540510179876e69
2.2535226355098045e68
3.2961722605931217e68
1.3186334153316268e69
4.671002025072269e68
1.276973332320304e68
4.1204279082893355e68
7.693170384848479e68
1.9655740000667494e68
5.143574074982531e68
4.2702662551775796e68
7.460271863226464e68
6.499684548988797e68
2.37918113473126e68
2.372203525218782e68
8.342559624731122e67
4.004437177097079e68
2.5800224697128503e68
1.5027944979960385e68
4.7293177772004045e68
7.299054963895109e68
4.0782599783723933e68
5.021065392154579e68
2.6054689361670407e68
2.8416059138571513e68
3.652481264286269e68
2.1799613612881704e68
5.992343375908423e68
1.001981742720391e68
4.506528154774195e68
2.9316952302020797e68
2.2654097176389935e68
9.335339602157442e68
1.9317518497853036e68
4.811283787103863e68
8.608668741411185e68
1.7918385552497585e68
3.510675368710318e68
2.368034424138221e68
2.1209877609994465e68
2.1922937717612504e68
3.8193510488434027e68
2.839374695359392e68
1.959790847949209e68
6.836070692658611e68
4.2045842268148965e68
1.390716059344462e68
5.987440450822084e68
8.592750625238175e67
5.509555801142007e68
7.507991054937545e68
2.5931314541657435e68
9.071036158669596e68
7.204536683121576e68
3.544652453782559e68
1.8950493742649818e68
2.3264543877328657e68
8.336602516027452e68
1.288292540237652e68
2.417066167855497e68
6.751913117299134e68
6.839537370874137e68
2.6731621972033633e68
2.1756711795776313e68
2.654705492383597e68
2.546446394658227e68
3.541605752028281e68
4.474057959543686e68
3.0476405074586643e68
1.0610715198209814e68
2.1372103631469268e68
3.032505151720887e68
3.0318073498929967e68
5.981892445882993e67
2.229181841985482e68
2.6988541045773775e68
3.654154386711504e68
2.9321512576660145e68
3.0374455109550343e68
9.311421267246422e67
3.9239345834780583e68
5.3104223389970595e68
2.0900087906821213e68
6.632662498427797e68
3.134996404650043e68
3.8097360495393557e68
3.4821393357757375e68
5.750645930337193e67
5.778488327954786e68
2.080627713818269e68
5.03038150205975e68
4.177262871159422e68
6.242024730695054e68
5.053949467015695e68
1.3558763579018909e68
6.625920145488518e68
2.225752693741879e68
3.9378661612896756e68
6.627195050017595e68
7.465338534990248e68
3.0202672771484797e68
1.3347677041986606e68
9.129850369744842e68
1.6158133281741016e68
1.7273775893773451e68
2.2892296845225364e68
5.236525465458603e68
2.238272307600569e68
5.179306195327965e68
1.2112089929442572e68
8.757035464239147e68
4.222776408011586e68
4.90982516107802e68
2.8894047986002235e68
6.219689703222181e68
4.49231307778883e68
4.741143979911894e68
8.267028000266248e68
2.052980555525408e68
1.8049271155323603e68
3.016393386600065e68
2.0174410726786031e68
1.3112206026691532e68
2.9823338792019227e68
2.2015750674690187e68
1.9093945819297552e68
6.817722228251943e68
7.816397487962922e68
2.775469998496572e68
6.939903226084164e68
1.061891051364544e69
6.334467168597518e68
1.63394926145609e68
3.5652848886109025e68
3.8170495123599137e68
8.96181792634792e68
2.0632119443537843e68
2.6751021004192633e68
3.7317961044222185e68
1.6937337368887824e68
2.133813709845871e68
1.6727679800696063e68
2.320878659520805e68
5.668025278206593e68
1.0349959155657794e69
2.6343554633306833e68
5.241418803621098e68
2.470379004710324e68
1.9842549536039133e68
1.7195473369279923e68
3.016476734201498e68
3.214808555412838e68
3.402927443486684e68
5.354721605204552e68
2.283508605305185e68
1.2759567685992444e69
4.733448006858146e68
1.3352814104606055e68
2.97357917129888e68
4.585273368922239e68
4.979913608509363e68
2.4576362775550593e68
3.6350440074260854e68
2.2666711578692567e68
2.623490999616314e68
5.031472945711742e68
7.723448131757623e68
6.551493068212546e68
4.413825597263185e68
1.4819409253449819e68
2.6503534752215165e68
7.287060801222023e68
2.884419635916908e68
3.722463076715167e68
1.2167560034659941e68
2.92817329870184e68
7.871628569042475e68
5.211460004622704e68
3.702945532997623e68
1.9366008572049055e68
7.332783438837286e68
2.3712288186673744e68
4.538771333221462e68
2.229870032341957e68
1.6673703647473807e68
3.6550574048811197e68
2.4279205368964145e68
1.8629697207078725e68
3.020401967665914e68
2.715179781268669e68
4.027830100779232e68
4.807877830450167e68
3.022656591815956e68
3.1310540633986965e68
3.7501591496213923e68
2.2450919210756296e68
3.343030210414857e68
2.6735763574262723e68
3.7545266750308146e68
5.59901383258199e67
6.200636494793718e68
4.1890920685634444e68
1.744011874734669e68
2.7402932208662e68
7.752756544132853e68
2.208560467933891e68
3.324038212222411e68
2.9137216339481223e68
1.2075096500229243e69
3.296904311146301e68
3.163712980459642e68
5.674984733617573e68
7.153580436442501e68
6.591169493835795e68
2.5799598316592567e68
1.4765747955609016e68
1.5980902104032067e68
1.878279133177231e68
2.1426133637832121e68
2.1091649437790814e68
8.135137202470599e68
6.260157563852992e68
3.4970185586584945e68
6.763789474694724e67
1.6293734407089266e68
5.870530850669283e68
3.6083874131436624e68
2.6494176995680107e68
5.52923023302005e68
1.3939492836761695e68
6.636090096802757e68
2.967184775772272e68
8.25071771334932e68
8.662185256306153e68
3.773341927593229e68
3.2750319847285617e68
3.668847101154775e68
3.869124394412367e68
2.3651787614036207e68
9.442195571365917e68
2.439428948828934e68
6.281131001731329e68
3.2119136817010813e68
7.342386981948867e68
2.7217339837959775e68
6.479606034817848e68
2.5899309364012637e68
5.076547671153037e68
1.8832375325405154e68
9.219977707590072e68
5.6161339968287e68
2.1160675464774406e68
4.651895177326861e68
1.6700228708016287e68
1.1092800828924324e68
8.71470986092247e68
2.511822230877696e68
1.2619161243001296e68
6.64379857053752e68
2.1614076855567886e68
3.456242183569969e68
3.6722804730560615e68
2.562460229903014e68
2.786675043914779e68
2.4511543548562317e68
4.623135198426322e68
2.144074017861523e68
1.2038832323747663e69
6.517787723923397e68
4.0066836310718556e68
4.782416901541593e68
5.129815289827272e68
2.799981928965097e68
2.042301568677954e68
2.920040530617874e68
2.5332095320649154e68
3.8241591110739784e68
4.795422487537635e68
3.3336052917989336e68
2.781792979057166e68
2.602013494739515e68
9.148399988581205e67
7.247476781049421e67
1.2769460937424616e69
4.0451724603362207e68
1.435855637792005e68
4.914370637912311e68
2.1727041509256323e68
2.667573823370135e68
2.514689035230119e68
6.703933373767287e68
6.00795245668602e68
3.0804126644128184e68
2.8973370650412796e68
1.938718159596356e68
3.8385542806594084e68
1.321172168642584e68
3.0492975206695643e68
3.4125723166184815e68
1.6500727111800006e68
3.756429910425884e68
3.181779809276884e68
9.25988007281648e68
5.047915573489608e68
4.311332131054555e68
3.1522755892933174e68
1.374461989245301e68
1.3111366831781216e68
2.682343923496318e68
7.445724172586299e68
5.709167111421029e68
3.2688624696322376e68
1.167805554209766e69
1.5601082337304886e68
7.268500384849098e67
1.813931649904317e68
2.623734105089357e68
4.972942458953241e68
1.6857547263444788e68
4.925480720202248e68
4.071037997803762e68
4.852784503930035e68
8.854416433660163e68
3.6452322041787537e68
4.768574300279407e68
1.9109435760984126e68
6.349079817084682e68
4.818166865470987e68
3.1157229169608636e68
6.423293212306316e68
3.1054662868995007e68
3.168596498264084e68
4.391679220536296e68
3.5657969421962417e68
1.4898082295827247e68
3.3938310981862857e68
2.513851122050605e68
2.851553789011697e68
6.375932728981409e68
1.2360179079823588e68
2.1836077923975534e68
6.765365402805672e68
9.870747446758734e67
1.178948630595132e68
2.8300093641370783e68
4.436312945283764e68
2.649125619607733e68
2.1845484183016283e68
1.620676273879938e68
3.4642195730634175e68
1.28197730206867e69
1.9205479133205606e68
1.8197938775661453e68
6.394593943768261e68
3.653550018761208e68
5.30604419261924e68
2.7940670981803006e68
5.680372664545652e68
1.6653219295713457e68
6.711623591174801e68
2.8122682548044984e68
