8.813355840584617e39
1.306634040112949e40
9.550230330896702e39
1.164728378936346e40
1.4447036640639373e40
6.778227496260229e39
6.370963254839897e39
7.554880351932702e39
1.99058322908668e40
1.5760143412597464e40
1.0266432438443845e40
5.843729363974764e39
1.6623025404685673e40
9.30156724874335e39
6.324067162600902e39
8.654837846450366e39
5.863946380641933e39
7.452904638062957e39
4.8108237451229343e39
8.383353738455762e39
8.346948505539507e39
1.5224419116460018e40
1.2633047343185124e40
1.262245678904597e40
1.7034989726299672e40
4.9515322518231346e39
1.3656202622222333e40
6.422958973109128e39
4.962910130733592e39
1.1386529680360683e40
8.689293457297986e39
6.4892849311322e39
4.8822012726452244e39
1.1325241295887402e40
1.8383879036319512e40
1.108218870601789e40
7.375956511653248e39
4.87131860059159e39
1.0535481818856689e40
1.5476129077751296e40
2.069379658102264e40
1.6730519728040458e40
6.818220065248856e39
4.1185813130418663e39
1.0055795708756691e40
1.5277083453304534e40
5.285372766689301e40
1.3317139634716655e40
7.956099117581675e39
6.180524980335573e39
1.6636577900558373e40
1.1828736204356242e40
1.2816735162503096e40
1.5706856228127762e40
1.9526826415530216e40
1.33556117061668e40
1.3476760407795772e40
5.895145992148264e39
5.824854725113663e39
1.0053036461529036e40
9.86030498504457e39
3.779146871162468e39
9.948470447458562e39
7.086627927367638e39
7.527997140807619e39
1.3743554986625196e40
9.734584585979786e39
1.401433173260318e40
8.502026605591378e39
6.039819028806995e39
1.3923779376291405e40
1.3234572632710259e40
1.2004115423443709e40
1.2332550661485473e40
1.0928654925717332e40
5.353644275698201e39
1.7946077521145022e40
8.844670895794382e39
8.242952867293815e39
6.854412691546523e39
6.924666296729895e39
2.564981632242527e40
1.691940232223052e40
1.5074052876107246e40
8.88705168865633e39
4.675502339539324e39
1.0746101660731106e40
1.1155747788654136e40
1.4622570673579527e40
1.1287426525917697e40
1.1285466655697787e40
1.5305999566028154e40
9.954505593593619e39
1.8580065355014312e40
8.728618192129562e39
7.775160160180483e39
1.4822883015046387e40
5.948832994155962e39
2.7112242294946444e40
8.060706219787067e39
4.2492460612141866e39
1.355879541627943e40
2.0903885432097962e40
8.281460378664375e39
6.792524845413762e39
7.761669045868948e39
2.5630792157186845e40
1.316776905889389e40
8.206592788301343e39
2.2382215391306294e40
1.6523273079265016e40
9.300727527882656e39
5.856757598199869e39
8.669715781268936e39
4.240206096449934e39
1.4949706892501369e40
9.335812717500979e39
1.7475316927154282e40
6.449937634282573e39
5.839343081712297e39
4.893965338474322e39
8.036036421886873e39
1.0158592750757225e40
1.1932602480116534e40
1.1426225297796706e40
8.064223449950134e39
6.353332569968736e39
1.6237239498112518e40
4.808871817462208e39
1.689237184688753e40
1.8255805464944106e40
1.5374144101994326e40
6.078489623254476e39
1.6953788377171115e40
8.10754398490429e39
4.67431296964874e39
6.303859556391093e39
8.332895637200943e39
1.2544380879457704e40
7.300366213185308e39
1.6456527846313205e40
7.641781403758255e39
7.353576116654478e39
7.620235316586371e39
1.2202910796808543e40
6.047616978933918e39
3.531147873997122e39
1.1102813102835477e40
1.349556720858361e40
7.887753156953648e39
3.2670164039426005e39
8.129041734418781e39
7.437429725392731e39
1.2949783557692974e40
2.0164934021801879e40
9.674419249409826e39
1.306753128560165e40
7.637856930398267e39
1.0801562451914416e40
8.028330437019999e39
3.246691342697482e40
9.420422707925356e39
8.12864751437653e39
5.3810732324641696e39
1.8608604586093873e40
4.885716581212383e39
1.2720662985940344e40
1.3041326876864357e40
1.1462217711417734e40
1.2382642557680837e40
9.114798045352851e39
9.921871406127262e39
8.440843550174483e39
4.265846652353981e39
1.122143065890462e40
1.7757075224089167e40
1.399954185259096e40
6.520078636241289e39
1.2666703476033808e40
8.541695589735995e39
7.290340146375334e39
1.0346693373669817e40
9.192819272482525e39
4.2321123343407996e39
7.443712378669892e39
1.3498205075627857e40
8.21364827869812e39
6.133704181027686e39
1.5992206758734494e40
6.476096863437111e39
4.263978460559675e39
1.9173906652718203e40
5.491293505639634e39
1.8724774336001364e40
1.279688697032626e40
1.078426525525383e40
1.4263493030039995e40
3.107675012708234e40
8.592578346807365e39
6.421139544830086e39
9.316223652834662e39
1.0135517967497323e40
4.171479826234541e40
1.3802475586561822e40
1.4882083217037592e40
6.92444963240857e39
1.4767621736537462e40
1.8251540392454741e40
8.318328191393862e39
7.425646468665383e39
1.0825773520650202e40
1.1949100395806099e40
7.277838306624192e39
1.0277256042949234e40
1.9302038772784997e40
4.637168472249568e39
7.832418804788238e39
8.526831336603095e39
1.2121713860548775e40
9.180476985979676e39
9.170477472161014e39
1.3136622814391716e40
8.410527220469397e39
4.5273079665197574e39
7.65632425059187e39
7.833767183727768e39
1.6263455634352874e40
1.082744347070441e40
1.3174655174860988e40
1.1620584475161056e40
1.61152361676288e40
8.192121268767357e39
1.0400151130840206e40
7.840839853696214e39
1.3322965198463974e40
7.102818057672008e39
1.2210629908237037e40
1.0390847842657791e40
2.9747896357179936e39
6.494656873559811e39
1.0158217900319091e40
7.267107731661878e39
7.487531162168279e39
6.832740513183855e39
1.0774946384917642e40
1.3647872970030618e40
1.2245675301558814e40
1.590184193434353e40
5.422755855895352e39
9.983108694819926e39
1.0894226036684793e40
6.062796641209731e39
1.146524513295236e40
1.232036126752399e40
7.268300242167161e39
1.6583532909860735e40
1.0318312560767767e40
7.898989153811264e39
9.816412833726618e39
8.169866037248552e39
8.961040894408137e39
9.774815372504058e39
7.214394407150492e39
1.0353348168999581e40
7.899733420035833e39
8.608616772441226e39
6.414099149767473e39
7.046685510590964e39
1.1700392173433561e40
5.297483702411214e39
2.3027795261715655e40
7.065477937385856e39
8.093009605840682e39
4.068786269190624e39
6.213708485626355e39
6.949394007709418e39
7.905093625202425e39
5.330182922226187e39
1.3193748558102174e40
4.468112180137009e39
8.167934202391932e39
5.251826280224573e39
8.678268329797813e39
1.0584340855151318e40
1.2406740770433907e40
6.397485791148827e39
1.3368124744028886e40
2.1161049015727018e40
8.772349149681678e39
4.520437594535684e39
1.0541648694568114e40
4.5503932083083146e39
6.847311160934222e39
7.994608820432507e39
5.717655971388663e39
5.621745786613906e39
1.0730485601498796e40
1.0850137254201009e40
6.962042683847471e39
8.641646234273306e39
1.9223073937203988e40
7.99386065008339e39
8.442162561236264e39
1.8228760901175598e40
1.7260595630401868e40
6.518734057732704e39
7.561423070515207e39
5.663053975097486e39
7.509637982093539e39
1.5095240911052855e40
1.8026850626746303e40
1.9107754328846464e40
4.812925745873729e39
1.1324376860038507e40
9.949782262949282e39
5.115793123786347e39
7.010766314516642e39
2.5685724558225077e39
2.7593669294438697e40
8.712702480443252e39
9.208619502792814e39
8.420074619541619e39
1.837999124602286e40
1.5607370907540526e40
1.8163773480457028e40
5.623131915869086e39
7.104257613225344e39
9.318318624395355e39
8.178211686107464e39
1.0650078712697489e40
1.4572468194326339e40
1.222055256399403e40
1.4569120489204959e40
5.78361461250334e39
8.636536006281634e39
1.2148759236638938e40
8.745436092902192e39
4.818637200278741e39
2.0108992695750976e40
1.66484353365341e40
6.4411522087371e39
1.0688515557253316e40
3.148047145598525e40
9.522272108921134e39
9.893362673092984e39
7.774896296746908e39
9.740637501801434e39
1.1575574924646685e40
1.0030375771735575e40
9.980974991325027e39
4.485710368554552e39
5.795386734942792e39
1.1164845962120714e40
7.633768330148946e39
9.719159578728982e39
4.805413417474825e39
5.544327766770665e39
1.2748077094871729e40
1.6914593922243017e40
1.351424137058579e40
1.1825666733526763e40
9.745692007210711e39
1.3427153626015418e40
6.561231005895249e39
9.664478678966046e39
1.3315428832224198e40
7.761750891581486e39
1.4356190110292974e40
7.113881174339787e39
1.4314924345536417e40
9.865207978742784e39
1.1319072576230147e40
1.0416794229454471e40
7.157743517994807e39
6.547652580879225e39
8.752240864820463e39
7.862352648253649e39
1.0159350831525561e40
7.788822960802342e39
1.4855254419383707e40
2.1507733224319949e40
1.205284550537811e40
1.214476588974682e40
8.730804303933304e39
1.9829375687855175e40
8.605229826443467e39
1.1800244706432846e40
1.6775679601856346e40
1.0223529781231773e40
1.6784602146537296e40
7.723798173464467e39
2.2494431356907157e40
8.956525678121845e39
1.1730483027594888e40
9.400601519504517e39
1.0444874606263894e40
1.0234978652233454e40
8.52140841334172e39
7.807688920842269e39
7.460209929480825e39
1.34211116671431e40
9.915589327587447e39
8.755635600372784e39
8.595571576030889e39
7.604901433039413e39
9.932175266255611e39
1.1566651632691185e40
1.336597027157716e40
6.711691174240236e39
2.615218517839105e40
9.182488656945506e39
9.027642688103468e39
9.6129700936647e39
5.900430982454578e39
1.796038858580225e40
1.6456048342804314e40
8.694357520749214e39
1.437463909447345e40
1.0149168243299802e40
1.9611987819780694e40
1.0880087223417499e40
5.164400254263347e39
4.675696058657873e39
2.905830778217822e39
6.468212833031453e39
4.330358709878381e39
7.823285259827816e39
6.464706804715867e39
8.14948911988189e39
3.4090658305568195e39
5.3059272227603606e39
1.354658032882104e40
9.297298481031128e39
5.2964703645258127e39
4.1460723991735075e39
6.61631173322156e39
5.718929713423162e39
8.048133914850629e39
8.851438417607828e39
5.011463342434971e39
7.050067483295935e39
4.694993348097677e39
6.126309495994509e39
1.4401834652478152e40
7.803434290124835e39
4.2616836466582416e39
7.691237243144868e39
7.789345395934343e39
9.192541453043994e39
1.0988767093461233e40
1.7614696539542014e40
1.1331018584764205e40
1.0263653657863944e40
5.39151690262321e39
8.439409481100609e39
8.095760763604247e39
6.839264735665703e39
1.1802270402991413e40
1.1522686694421933e40
5.668385984830582e39
7.229555815099798e39
4.398430493967186e39
4.140679434977424e39
1.890677728261549e40
8.629836941692372e39
6.194284169238468e39
7.061020935169271e39
3.7948096982437425e39
1.8927564517585638e40
4.788529510500953e39
2.261497876396795e40
6.221848600184995e39
8.995152560008732e39
2.0002892533072135e40
4.9203501980685213e39
1.509005402194885e40
1.6220436680988777e40
2.904909373081443e39
1.3167345710771707e40
2.1929489974428894e40
9.168067039363047e39
8.653489766470156e39
1.1919394647577839e40
4.451804678893083e39
6.808776328972973e39
8.037992955380466e39
9.638433938786456e39
7.533424326517203e39
1.664186130935302e40
4.463006509642071e39
1.2785779832791402e40
8.983399459123115e39
9.917736499774392e39
4.215442300925126e39
4.9187158896506946e39
1.0043534746411768e40
4.087201671892741e39
2.214132255400569e40
6.515945375008115e39
5.09651899025663e39
8.380242859504424e39
5.442867134199793e39
4.9589840286833404e39
7.651624224020289e39
1.5796205487519363e40
1.154376367084102e40
9.443066252141829e39
1.0583064798913245e40
4.5969910049822955e39
8.191890620202651e39
7.316652001870064e39
7.684191832815903e39
1.2487146898811468e40
8.625714140189572e39
9.21002669200212e39
6.777574100738906e39
1.4585758853168115e40
7.405140705327764e39
1.3630447668158133e40
1.0122370817938072e40
8.665235428380274e39
1.0584425036987176e40
5.056451380334509e39
7.150016704892123e39
5.0099687415632266e39
2.103467197823335e40
5.788512772470535e39
1.6406624088025703e40
6.382717860836161e39
1.8586493171954462e40
5.3044906937035824e39
7.895000967200979e39
1.4903230949506395e40
4.244780907397318e39
9.137431574702002e39
1.1553501814350107e40
1.9556332482691414e40
7.869197830693181e39
1.1766464274206898e40
1.1632766340803387e40
1.1945579546843931e40
4.6787883832302794e39
7.422765395636933e39
8.379331782411747e39
2.214666731789228e40
2.9831799131270777e40
1.4135649577746714e40
9.414664136988346e39
1.6386832222551672e40
4.667633051042523e39
1.4879051300273976e40
9.916942889948977e39
9.074753841536479e39
1.1644325192466716e40
1.2082677562457004e40
6.600772431475321e39
6.958847402719759e39
8.98345069076857e39
1.0595110826667147e40
7.250314449288058e39
9.51473927700613e39
6.684069413452056e39
5.3193131471060055e39
1.3012522387832445e40
1.348800272554404e40
9.995660965343079e39
9.489133090812781e39
1.5549296633569908e40
3.012311342386654e40
1.1849602254842702e40
8.136431280221324e39
7.664378670599219e39
9.697262302540711e39
9.396284620106411e39
6.78745186702335e39
1.1201093060569765e40
7.85453918650147e39
9.61180778430542e39
5.886817665478692e39
1.1068205011077675e40
1.4706416849958873e40
8.141978548139968e39
3.911134930320673e39
9.587263997280209e39
1.2934575235317534e40
2.900858740969272e40
1.0704282725489419e40
5.186500799611303e39
9.340559718392025e39
7.391738402122322e39
9.979750264095998e39
1.0396410707825447e40
9.453952586311833e39
5.89967025839245e39
6.78095078586446e39
9.135233026552387e39
6.814154265230511e39
8.34064802670256e39
4.674599428952934e39
1.7340328582738257e40
8.86538876399336e39
8.353250830466913e39
1.1206967200256822e40
8.680081264161132e39
1.162887616864692e40
1.378177933558165e40
1.124178161773724e40
7.680707287464788e39
1.1754558924052562e40
8.502167312401564e39
1.640541934896679e40
4.7769056003809686e39
4.3115897806891617e39
7.837628017274087e39
6.349904864853381e39
2.6456280971003984e39
1.3126126169661642e40
1.001450573243912e40
1.1647588089963382e40
5.648549297526289e39
1.1216405596293888e40
8.24975712976397e39
4.245153603362161e39
1.7327874304171152e40
6.008383823473254e39
7.99239248303787e39
7.150877782016056e39
1.0000653080913665e40
1.356322076241093e40
2.1078827499105118e40
3.845725635563486e39
3.505325056012912e39
7.693327370573e39
5.711153481434854e39
5.168209238897753e39
1.0603435717023893e40
6.516195609346417e39
1.983086564335912e40
8.724648429936428e39
1.6685367445882419e40
6.836852719953438e39
6.25897460805753e39
5.687731958736006e39
2.3486802300514205e40
1.0782269589331288e40
1.0545118398807235e40
8.581087171188038e39
4.1785753155004293e39
1.28734094518434e40
9.165656768711169e39
1.0328026746037498e40
6.423648142836633e39
7.640084191264865e39
9.624520376414903e39
1.7530597714005224e40
6.114919846910295e39
8.455512774467323e39
2.435226743340978e40
9.394263116492986e39
1.7365217629926902e40
1.1175728395436015e40
1.0726230998078878e40
9.124247437513754e39
1.9728451485109983e40
5.3358896686690716e39
5.67316242091388e39
4.594751976172679e39
1.0345366359612084e40
7.27668156112157e39
1.1976136387838175e40
3.5733489655156444e39
4.862104798389877e39
5.311239651974185e39
1.8258178647815152e40
8.301512945939309e39
6.752880085916053e39
8.218041211131904e39
7.600954923599757e39
7.557835088429831e39
8.710169757011373e39
1.6549228518005735e40
1.308986850704706e40
8.09063139469535e39
1.9693556791483665e40
1.4587880452017391e40
8.955790080551452e39
1.2391905577259808e40
1.4592352916167606e40
6.950006163758617e39
1.0468214182463917e40
5.477692814079859e39
7.731993728573775e39
9.475542217472407e39
6.365748424560251e39
6.091866903941739e39
1.481668621326137e40
1.0751367043373011e40
4.814356242731309e39
6.357044064385257e39
1.379736791314057e40
6.292472129243172e39
6.43957635119873e39
1.9439336707502224e40
1.4222534690518557e40
1.2754895784306054e40
6.373462495661796e39
5.561187555193215e39
3.962810895612308e39
1.0221962186393946e40
8.737464756862523e39
4.64283298224539e39
1.1805004122949519e40
8.535184579098301e39
4.7397393271711e39
1.127976367562612e40
1.9353459281877363e40
5.466486706836893e39
8.287323085828067e39
1.1853042397753563e40
2.413540617560969e40
7.317888157824211e39
1.3460772758714345e40
7.533518813676951e39
1.4450646742634164e40
7.852112625169282e39
1.0890738123425853e40
1.3610414053756089e40
6.17417837251945e39
2.0203422608670192e40
1.0399421856170524e40
8.676391384722453e39
1.1981221005421478e40
4.087349835535632e39
9.158155372489831e39
8.460432887007176e39
9.595911679041206e39
1.2411969024748926e40
2.9182593570778534e39
6.589012658552946e39
7.115017184826642e39
5.486567619284409e39
7.26524597024749e39
3.1866737683503477e40
8.519767025200776e39
9.080796155634592e39
5.243524074107693e39
4.6976055406510497e39
1.7774076980878961e40
3.556331945367333e40
3.1933844464019256e40
3.823400623626474e39
1.0324380583697524e40
9.045215604518622e39
7.732028221061032e39
1.3506221881411715e40
9.13442923392692e39
1.4424605363789158e40
8.78074859874638e39
9.323079455998478e39
4.2866904303154286e39
6.127256308480894e39
5.2193285465474254e39
1.8214293240491749e40
1.2342033792489926e40
9.12926717374953e39
7.346552000398384e39
1.4291422719520732e40
4.7026887573259405e39
6.374988356339192e39
8.656076358836081e39
8.040621899624095e39
7.438535378588124e39
1.4940245283984314e40
5.954606455109568e39
6.134710080656271e39
2.617231874158666e40
7.714887164795884e39
1.6970642487007303e40
5.431324447884149e39
2.756056893710289e40
1.6780140507463855e40
8.647022151420788e39
9.111050740280495e39
9.105328979420424e39
1.4446499626021147e40
4.975804603868891e39
1.122819768766207e40
1.2776676514454522e40
1.2808386094132857e40
1.0953815624941554e40
1.1303029861930139e40
8.562159592600423e39
1.4922117174776713e40
1.4213524844951377e40
6.092718786397298e39
1.0372720284694239e40
1.1245545791455825e40
6.269096582532126e39
8.364149343521944e39
1.1855943707414563e40
1.1108504759629445e40
1.5299176524490862e40
1.009566989468792e40
1.3732299636857565e40
1.2631876263726854e40
3.768032967279531e39
5.005478314909771e39
6.710914364339582e39
1.8956909128134353e40
4.1091976327140384e39
1.117481670315266e40
2.247210365687859e40
1.6097415391349668e40
9.652790196565104e39
4.4189392702501425e39
6.991712766583055e39
2.0247799936869964e40
7.38574048335533e39
1.195683581403341e40
1.3819614928035613e40
1.0515415121851444e40
1.1888580556040825e40
2.338603551950363e40
6.023486150586046e39
9.359597497845603e39
1.246730814284444e40
1.286512290604561e40
6.842259203889865e39
1.3709480808036946e40
1.0796828436761043e40
1.2460276906206324e40
2.4155100620669297e40
1.5332676373043303e40
5.1934909797566227e39
1.3328878655318913e40
3.0202885608604396e40
5.4152362053879444e39
1.0497355396942988e40
6.208116470562872e39
4.777973050521574e39
1.0564974136922832e40
8.971700099600511e39
5.686396871062486e39
9.317864768863563e39
7.746077448175607e39
6.093010001370338e39
1.5182177547098495e40
8.964753849326552e39
9.880872985258206e39
5.188123479245836e39
1.153432281412497e40
3.256684191839399e39
1.5188181983999643e40
1.8635213665979718e40
1.5056992910084636e40
6.181223451568556e39
7.756208990194968e39
4.534864039579808e39
1.4023686071295109e40
9.139663609919207e39
1.0575892446730287e40
1.2934939322730486e40
4.155124242762887e39
6.468043896070193e39
6.14031516688869e39
2.4980987012248917e40
1.3176474467500635e40
2.1750361813662934e40
5.70772935340758e39
1.7130051886761315e40
6.607692543504128e39
6.038177758321976e39
5.2836885929774597e39
1.2999358428302392e40
1.1770316497557667e40
5.835772334812242e39
4.5825880165117373e39
2.9889068004928545e39
4.1251636541955735e39
5.698403706526967e39
5.0945937602921726e39
6.188715377610231e39
1.3599085383070823e40
1.8411093965730342e40
1.6926060640869368e40
1.822836952356882e40
3.439809989789839e39
8.701289083924095e39
1.4294950176874026e40
9.773640979607797e39
5.852762616444386e39
2.0428867825847624e40
1.4049170335586596e40
1.6545155267456626e40
4.5828181726682385e39
8.863043674079723e39
1.0205536441154148e40
9.34500212232455e39
9.173481131499626e39
6.60283402102926e39
1.215340068880642e40
4.2970112461817944e39
1.2708158089945562e40
8.13704984021654e39
8.497375953623533e39
9.081584157093136e39
8.356675123006287e39
1.2522351141281695e40
1.15958769406028e40
1.1067186565039742e40
1.361462305025448e40
8.890744564557908e39
3.742597177767114e39
5.764019695539336e39
1.3814691725871318e40
1.7744161134375896e40
8.8001308312002e39
1.0243322453202853e40
1.0275008243424185e40
2.479207547159013e40
7.793579861563115e39
8.753101975434432e39
1.206158012314348e40
8.703065572591746e39
1.3477908341741738e40
1.7261155930329497e40
9.43909195892169e39
1.1255095864810418e40
1.2019583686388345e40
7.013938299097917e39
4.4506985121897653e39
7.886683650341809e39
8.17262532760096e39
1.803246267133633e40
4.043858380348158e40
1.0774537964339104e40
7.708735666108064e39
1.9068971139178423e40
8.06444471506245e39
1.0017344131512297e40
6.642501833855646e39
7.730891050143437e39
1.0918186255409251e40
5.618244807387317e39
4.466738240964203e39
7.60750495452939e39
3.323045032338546e39
6.871263072980806e39
2.256148748579473e40
8.35558859199558e39
8.433585802234896e39
7.087054798214918e39
7.993317385348679e39
1.1597471791470339e40
7.945306609019208e39
2.4483242861436227e40
1.1539508380052308e40
1.790658896012325e40
8.226185996748726e39
7.733527060975962e39
1.2145550868204506e40
7.765907160003756e39
6.557634418950578e39
1.359462826420251e40
1.2285765643697084e40
1.8071790228688363e40
1.2559489514303213e40
8.317959205390762e39
7.001397334364251e39
1.0739513879886822e40
1.535591318749607e40
8.259694155726917e39
1.3139859802404041e40
8.46452067796836e39
9.70824324828111e39
6.511615520464835e39
4.690257794289738e39
1.2530596138739245e40
7.398981997926013e39
7.935071045173517e39
1.6986166103577906e40
1.0424637858190884e40
1.795298868679546e40
8.782514770387735e39
6.938764483748902e39
4.145861387004976e39
1.0006848740881956e40
1.356739493835012e40
7.246711929194556e39
1.4367814091870298e40
1.4044710163189655e40
1.0875618726830072e40
9.702834899997533e39
5.0295903703126015e39
7.373621944243028e39
9.032802507600234e39
1.1918753350079796e40
5.531731930712613e39
6.919469007099018e39
7.992225512287595e39
