1.4322653011481782e189
1.9172108145703838e189
2.3435540964130356e189
8.50287685392656e188
1.0553053888923333e189
3.121887233344671e189
6.614634252857463e188
1.0469232314485527e189
4.680742526046138e189
2.0853341737731663e188
3.8043599117073106e189
2.8179013432528845e188
3.5929030669722054e188
1.9729503723777812e189
8.00707292710835e188
1.3415543595645266e189
3.744884254844693e189
4.3207056797354424e189
2.676657042520825e188
1.0053536070806379e189
7.384532007712264e189
4.0222433310403255e189
1.5126288458906433e189
1.2036576484250146e189
7.750541226949638e188
2.4083283563601588e188
7.59446498343527e189
5.735175775812698e188
8.203807685240278e188
1.7277459276378077e189
1.5402905891863803e189
6.226315819697363e188
2.070561171125267e189
1.2815653512643123e188
2.8448881032019728e189
2.845413699056507e189
9.247622446593737e188
3.9531846859466475e189
4.3501702266509687e189
4.57834798688644e188
1.0426220338589887e189
7.904949668272178e188
1.17846204129047e189
6.666548391972428e188
6.463447454714172e189
8.258957277235297e188
7.247539461012333e188
9.54921950075166e189
1.6975417526687792e189
2.0697909655587233e188
2.891469676460493e189
4.694150660737815e189
2.2156399744015916e189
4.3703042342337793e188
1.537305554315721e190
2.0501142354636352e189
1.7079206950087105e189
9.23908067313437e188
7.737186240694772e189
1.1002938783284816e189
3.8037667792556276e188
1.259078470199263e190
3.2495265761748726e188
6.309417540880681e188
1.9743958056686965e189
3.378371942781735e188
9.190670838037568e189
4.918501711502511e188
8.196018230838992e189
6.968975369408558e188
2.076599219912562e189
5.914215720392346e188
1.0058865720478334e189
2.16169239988039e188
1.524487945306794e189
3.7119712874762247e189
2.3165650124796786e188
8.146305423115214e189
7.851585027293804e188
1.5425452627263558e189
2.4640889664156563e189
5.685673597095043e188
1.808479208785182e189
4.1579937013374574e188
1.190080099650707e189
5.853837728697875e189
2.81038731651888e188
1.84121091912398e189
1.4508416183612734e189
7.082933457130901e188
2.809561461838721e188
2.1649219202414977e189
1.4988658132979193e189
3.569420766875531e188
2.3755577919957234e189
1.714592654655007e188
2.1629063984602132e189
7.126675716428064e189
4.837739269595646e189
5.698642961930085e188
2.1797760137002894e188
1.288134586918482e190
1.0880114960934977e189
1.4765833944574546e188
7.446947932138757e187
1.2976868010592455e189
7.636938392725212e188
8.527042397751867e188
9.316588597981449e188
1.0547470162576929e189
1.1094980346267772e189
2.41401076156416e188
4.509096323119777e189
3.15830682069747e188
9.881992809732936e189
2.8875215139064264e188
2.5992171752103517e189
9.153463998123161e188
2.0167420527863657e189
3.54638516865047e189
4.172616576517083e188
1.5634410642438832e189
5.832987003049516e188
5.835292346355894e188
1.4192047377055832e189
9.831600197313962e188
1.6753183011507354e189
4.566198323961979e189
1.8770611007103836e189
1.0009043382669395e190
2.7604733056187448e188
1.6459614879882713e189
2.8729967316475452e189
8.250321707715543e188
1.927768041880093e189
1.256033710262026e189
7.653866547992576e189
2.8993933705914766e188
1.4609498357602407e189
6.909125176734276e188
7.283856433301388e189
9.858008201725319e188
1.641149197028082e189
1.9211520538682503e189
3.033995699635017e189
3.845220702653684e188
1.3905880895619044e189
6.118075353708654e188
6.534207095019261e188
1.2967776569498108e189
2.4234849865759884e189
1.1315998073837755e190
8.924277463074227e188
1.2522943096609677e189
1.9309603380086892e189
1.6721557906887756e189
5.1517498644757504e188
6.032533793542226e189
1.2783578911081335e189
4.717420497494924e189
3.0779565296275824e188
8.365806123030848e189
4.9698614464983716e188
4.994239680489821e188
4.514810278290401e188
6.698593918336182e188
1.3809216668135072e188
1.4768994875056102e189
4.688212706095038e189
1.0080931650732041e189
1.6792768218270955e189
2.287762139148934e188
1.3134481403864366e189
1.0982946333337134e189
4.994697984585752e189
1.4343802593603036e189
5.851949081680605e188
1.4153383028496201e189
1.2567313162129074e189
2.4155938531014964e189
5.97638311048876e189
9.533124465872825e189
1.4995818648640416e189
1.6715604892457376e188
1.5484121832552363e189
6.508513799854978e188
3.652931168058482e188
2.5143665461885383e188
2.0685899426427683e189
2.757123217998399e189
4.6431519397534386e188
2.86614195865471e189
1.1684838860469194e188
7.456671471412192e188
3.793779135823051e188
9.06444743282229e188
3.691374912943588e188
3.384977283721812e189
3.1988470104363856e189
1.3222455590379941e189
9.912544479692975e188
1.1336905768821271e190
2.8146532672787664e189
1.3113488545566622e189
6.9486808612003e188
2.133720782878244e189
1.3351672220520583e189
8.790533970086495e188
7.273339238928144e188
1.5438991940665387e189
5.004242412051633e188
5.101491354545759e189
3.339804757743728e189
4.729883681476467e189
2.3358517283238475e189
8.912829265113025e188
1.0325304961701133e189
1.251542109609829e189
4.8646378658929156e188
3.3147346232650907e189
2.786169270184398e188
7.461440583938282e188
8.616280917195534e188
9.251529798997388e188
5.0889082922222716e188
6.373285760902246e189
1.0261512574127855e189
3.6842883108691517e189
3.7004368601614144e188
2.181876411231525e189
3.233564096872886e188
6.097912708035575e188
5.0935312829717486e188
2.1590474018030195e189
4.1203755651501145e189
7.905678921805027e188
3.142708776059353e189
3.5689184859890754e188
3.888452971614553e188
3.8077700412064234e189
1.4896599995803845e189
3.998177153670507e189
2.0984083227956693e188
6.443500635524228e188
5.692317743345449e188
2.418224339477054e189
5.2380020548403014e188
1.4005465807589913e189
8.748939002366921e188
9.498472162749752e188
1.941447825454803e189
3.2008632197999985e189
2.3840355694620455e189
2.111331400198495e189
2.5679625346991746e188
3.903638434337582e188
3.295225149437368e189
1.830125244488225e189
1.460421809403457e189
2.3252764534558847e188
4.202860619547828e188
2.4650334148307847e189
3.032283681855151e189
3.3729338981214444e188
1.4864409032647229e189
1.9135122433024922e189
7.113641464471447e188
1.3351674300824735e189
2.6210261577814716e189
3.101441654784991e189
9.625672810292163e188
6.604026687953108e188
4.81182448326078e189
2.768379453954222e189
5.108742041036453e188
2.205483727460274e189
2.6205054149429704e189
5.863068105208612e188
1.5390733709065542e189
4.507144896825004e188
5.006308719770039e188
1.4277850588383783e189
1.0162690097081787e189
3.593597259038965e188
3.775894763409725e188
3.5949278701119193e188
1.3371860448143327e189
5.069305786326436e189
8.265769266682763e188
1.5087278437705541e189
3.782938822009462e189
1.2308286175191703e189
1.1402150778204167e189
5.995028999601137e189
2.79519006883515e188
1.7280255445938835e189
2.9963153953906092e189
5.720240954976451e188
3.01124288480576e189
4.331946815031315e188
1.4404501560263056e190
1.538137133024844e190
1.182995596131486e189
9.673071368442742e188
6.275387348561383e188
6.36298358767521e188
1.0590305175858356e189
4.915465409022484e188
2.527619314421063e189
9.379956468150205e188
3.491592839591181e189
2.49972781133587e189
1.501036408470811e189
1.0041176064874142e189
1.39703773525056e189
2.909857809537249e188
9.607182617612445e188
1.391210539880454e189
1.1430948701929596e189
5.533870827106883e189
2.270437959636696e189
3.408601377300078e189
9.547016413011258e188
6.950245621508285e188
3.998786882175979e188
3.6926545949169435e188
5.661181873680342e188
5.2600426776809564e188
1.1722243574501037e189
4.546242810003958e188
2.302150976702339e189
1.7249057798756897e189
2.793757733970842e189
1.7116150285341982e189
1.5323243247176877e189
1.9086913254544252e189
5.883181741636756e188
7.020501292901143e188
6.563728339823983e188
1.8495852960940997e189
1.088720377111328e189
8.85274741239623e188
6.207689676432309e189
7.546072318440906e188
4.45859625209545e188
5.2170922949265266e188
6.289022139677311e189
2.1007329566021443e189
9.596816388403672e188
1.2071292443177658e189
1.4029936830213224e189
1.292303169336956e189
3.821027357406401e188
2.374334052624675e189
1.0950106020707383e189
2.028302726193071e189
7.557292801906728e188
2.3314857740826315e188
1.2209571766238804e189
1.0020915019251188e189
3.928376443777197e189
2.1998509020401628e189
2.4325260135760684e188
1.2337886948536892e189
1.5792085874036707e189
1.1196411932939177e189
2.5027535273584435e189
1.9093727154140569e189
3.040262610549675e189
7.510793304864698e188
7.160239014025193e188
7.608668278044908e188
1.0765576464203152e189
8.019516175981487e188
7.184669773278628e189
9.911652888816456e188
3.624957408169103e189
6.162092421007008e188
3.549886303703105e188
1.4843832544019997e188
1.283371891892755e188
5.376247434016856e188
1.0202111573374398e189
9.201613690175659e188
1.4976524924108453e189
5.570244421956193e188
3.7467241115889923e189
6.559378116732929e188
1.230278349314891e189
4.666720731462694e189
5.086959151793073e188
3.8963944929379456e188
6.574761394871636e189
1.620933976447863e189
3.605831172320088e188
6.612248490977337e189
1.566154439751252e189
6.221145211457452e188
2.3051712568490528e188
1.27971175879133e189
1.3477354190088525e189
1.4589803765550113e189
2.345785952912132e189
1.7583322867511534e189
5.939167115363893e188
4.1304732235148447e189
3.7431343130162905e189
5.0149304020741546e188
3.4355252631699463e188
5.628854981170916e189
3.1084457916755824e189
2.064347163776864e189
5.068778011247548e188
7.733832983650442e188
1.5823947185315999e189
4.3149316839704444e188
1.2511306830350137e189
6.590795152266153e188
6.898816992810056e189
1.8802362988929608e189
2.448160075656926e189
8.206905212316592e189
1.1089636627145355e189
4.9355849469008046e188
9.041200518102557e189
2.789430547907962e189
7.480468166682633e188
3.5372246751011745e188
7.710652261112672e188
1.4628302882924114e189
6.693923999691417e188
6.46502676409436e189
9.500182658363721e188
4.728415294445052e189
8.336255849710357e187
7.000909626342134e188
1.1750690204929498e189
7.663513833362629e188
1.7584375944967127e188
2.5571083560069255e189
3.1239191246916455e189
2.6446075038894748e188
1.4448456541398826e188
1.5544284318295691e189
1.0232056725854205e189
4.8858571607602224e188
1.2077028979664642e189
1.0480786792688683e189
7.078809221738129e188
1.9460960878753352e189
1.0779594334703096e189
1.8608791383703976e189
7.445344680030422e188
3.1427826668667683e189
5.388753582152064e188
2.6442850220774304e189
1.3007324535123705e189
2.1132227101182366e189
1.5640385547847346e189
5.160004660843765e189
1.0248615962534315e189
6.541929518323453e188
3.0196376818033547e189
2.948481474886221e189
8.204760948835476e188
5.684241531989336e188
1.3363045535200106e189
3.236911499434219e188
2.478713159727108e189
2.438919150175042e189
3.8731127748443694e189
7.46122867191127e189
2.1399290387387117e189
7.314967059486263e188
2.6127547607900974e189
1.2722391454353476e190
1.0079249906205772e189
2.2696599076915563e188
3.454900490662661e189
1.2364619693669058e189
6.131886482436146e189
2.3054631835515406e189
6.452732956201632e189
1.2329153095274226e189
1.1658145456722765e189
2.6555738549435544e189
5.793194856243482e188
3.300357119991699e188
5.197175500471933e188
1.17247982050931e189
2.3477346303313238e188
1.6964753894090845e189
3.913305304658266e189
9.6192742952261e188
1.6642184964822163e189
3.9080164465946115e189
4.3557838331580456e188
7.921576003075558e189
2.7072356739873637e189
1.4935469780788627e189
3.6772197652623486e188
1.3323111788354973e188
3.848598569074645e188
3.5464908678339225e188
1.843044278499129e189
1.5358489139732037e189
1.1244803482779012e189
1.364914917072094e189
2.644738389619723e189
2.0391130027424635e188
6.766477181644152e188
5.260757683261959e188
6.68793268118233e188
3.030035790230728e188
5.908218115670664e188
7.994393293893052e188
1.5631788229187283e189
7.073817964975712e188
2.787872402632057e188
5.1138513973894694e188
1.1826534375374446e189
1.9521530088814225e189
4.300513639115951e189
1.638806253363334e189
7.351777712532873e188
3.1708810670611923e189
6.967962668965372e188
1.2522693625226243e189
1.420332012268621e189
5.107574268520855e189
3.1565779615656426e188
1.013131926413141e189
2.463672876798532e189
9.182387491676329e188
7.787510083187005e188
6.217725098708864e188
4.1103838734611914e188
2.994881280253956e188
7.7549770475053e188
1.0439607711354198e189
6.165139117181903e188
3.2358720412561245e189
4.4627610200065625e188
2.8965460980963514e189
4.833222748519686e188
2.0600399546738983e189
3.990302532065466e189
7.695700147990689e189
2.1883161455333388e189
9.588282115684755e188
9.508181045740473e188
1.3276387691551457e189
9.512548124226584e189
1.172019283409662e189
1.2559210664691435e189
1.891456882251991e188
2.4968727429426635e189
6.398047425726785e188
5.614854709499742e188
3.020160254804606e188
8.636066144430637e188
1.6221629207905354e189
2.1982609189787856e189
1.9546466530471176e188
1.697393006066686e189
1.7148463493872813e189
3.5345339590520154e188
1.3198219768940051e189
4.125541696924677e188
4.375087331140475e188
5.295234644928891e188
1.7980349427929573e189
1.6911873434976088e189
1.4566321191940355e189
3.389616771970274e188
2.862001640566101e189
4.84488253442416e188
7.19173170083936e188
7.343996028922444e189
7.015322217141667e188
1.3225003040043706e189
8.283696683812575e188
7.925523140151556e188
6.608821400680016e189
2.145970559322008e189
2.3429266671800317e189
5.99553630569267e188
6.59834116270958e188
1.299049609165456e189
2.0950961464583e188
7.792436772112989e188
1.389843274840343e189
3.955119444070044e188
1.1094049832290311e189
3.215847871161678e189
1.4223215010347023e189
4.885362358559628e189
2.1636194862069544e188
3.2465866149470804e189
7.750061609972391e188
2.871349163311189e188
1.0926560403748873e188
5.209531601467062e189
1.237050399338193e189
2.768488590833638e188
4.897838969413738e189
1.230670071875609e189
3.5983457213013493e189
1.8302405559638995e189
9.938905854418926e188
1.7739275130088138e189
1.2300998950377044e189
1.299925923270151e189
2.0353889943826366e188
4.1911706619753684e189
5.365550700688454e188
3.583492553744967e189
1.9228479805622407e189
7.917190303347613e188
2.9745199444764215e189
7.533793188746978e188
1.321290535155625e189
7.286743309181046e188
4.6980055056865643e188
6.403069000462236e188
2.62659934005769e189
5.891455261733915e188
1.4814942011491016e189
5.263407685732087e188
4.0427305511756026e189
8.490342971009715e188
4.465009125938799e189
7.949367590411537e188
1.7400098791522435e188
6.138882442383938e188
4.834628586800776e188
4.890263960933403e188
1.244192240677059e189
1.842149978870517e188
3.1458776725157417e189
5.5352389571324567e188
4.2757509617498663e188
3.919432074146702e188
5.692715259280243e189
3.9949357046008826e189
1.9271562549560934e189
2.760951514251368e189
8.139034828457512e188
1.0634467051197206e190
7.477539197675672e188
1.4097185225939282e189
1.3705287664497155e189
2.2085843922033916e189
8.719009614821793e188
1.0170403530887223e189
1.38150134127419e189
3.092361967227857e189
1.0216919273794305e189
9.551968745018327e188
2.1257177754744103e189
6.96454430231385e188
9.264521207671436e187
3.89494821618311e189
3.4265338702236806e188
1.026874646873003e189
4.962888762962442e189
3.983032079881304e188
8.495025869414277e188
7.872392154980078e189
4.604449630108362e188
2.289547602567504e189
5.953740560521357e188
4.790177715457747e188
4.86767269948111e188
2.8806255218701696e189
3.524091222272306e188
5.620640295374058e189
3.110939213991837e189
2.308403025374407e189
2.28199437431917e189
1.4167032935333515e189
2.7414157802756463e188
9.541692625398452e188
1.9604636345773394e189
3.8913422136868864e189
2.165527947653257e189
3.5283128470036137e189
1.264189638667676e189
5.244793069232336e188
3.350320231475631e189
6.50653793822668e188
2.1811285656513706e189
1.0027963619810383e189
2.1273649470408425e188
4.9024882961889586e188
3.802406976640403e188
5.150763215109907e188
1.039785919718646e189
1.6365907831790007e189
3.1680924536857225e189
7.635468233098792e189
2.862149314395794e189
4.613084192099268e188
5.143384081345865e188
2.2098977331073512e189
1.5386287167909443e188
7.86057649703911e188
3.49518365026172e188
7.367654757091942e189
7.976612624161412e188
1.13297269197584e189
1.5051887197929966e189
3.0520741541341536e188
2.5518152650723826e189
3.0769056991496863e188
4.988781205102046e188
2.1097045361459473e189
3.052459890262692e188
4.87834769205083e188
1.6794984256485905e189
2.1637304333770988e189
1.3342624119036891e189
8.07494678124736e188
3.4505821862930473e189
5.3718961693257026e188
2.233385605350017e189
5.778673136180113e188
1.0184001893805786e189
6.85918282869484e188
1.4122310091638414e188
2.342653931896291e188
3.780215089737036e188
1.2475906209375657e189
6.774171967993672e188
6.991419297277574e189
2.515039864192922e189
3.473002426913627e189
8.363182786914572e188
3.226815710093176e188
3.906037680232904e189
4.9676533709503724e188
7.689515366169214e188
2.1133517252442406e189
7.973009068468028e188
5.886846798607827e189
6.938350279246061e188
3.926920703923451e189
7.282337878378132e188
1.128747478655987e189
5.430951951323705e189
5.712697143161949e188
1.3719266138369764e189
4.900139751518501e188
2.4857623749479727e189
2.6768686765137372e188
2.456956057214414e189
9.57929260563593e188
2.891371117252468e188
2.5977553365568128e188
1.0740464805095076e189
2.845611190764076e188
1.6732197306805735e189
8.010517007024851e188
6.50285548700112e188
3.978951206818054e189
5.486229387384082e188
1.0937719158694205e189
8.568238110506379e188
7.713143845881388e188
2.2953102313838093e189
3.1041173273963426e189
9.150106884502825e188
2.146191444472584e189
3.067721988186784e188
4.99881531363158e189
6.803596352729397e188
1.5155794440080285e189
1.9302322756222607e189
3.682759838920696e189
1.7502202796370454e189
4.849663657032978e188
6.233200824421848e188
1.1096350389115178e189
1.4105142893117998e189
4.1932809571152495e188
8.624346357028646e188
6.67516108479176e188
2.1723745069476847e189
1.8387373668247838e189
1.0038762861285162e189
3.6898571929550755e188
6.325832149104752e188
5.030857340318069e189
2.3564377001066007e189
6.161731622567874e189
2.0113272818935067e189
6.188127969670778e188
5.81974874989411e188
6.46363256972754e188
2.1577393061164975e189
3.9126141058034005e189
2.0836684844254748e189
6.85464393109139e188
4.495986417859481e188
6.251087307964749e188
1.5976137321398678e189
7.801495100035267e188
1.39288883667315e189
1.1032723976945682e189
4.3483470162757183e189
1.2584851539685638e189
7.055620108489564e189
1.0415679286428004e189
2.186240271665525e189
4.222348008158077e188
2.419570899793801e189
2.545636103658825e188
6.814976446467664e189
8.911672197391979e188
3.9530270798217123e188
1.6014855053782968e189
1.7392878950777424e189
3.7942401305129663e189
7.813434131905432e188
6.664461513194577e188
2.7459746830334395e189
7.203776464356983e188
1.2267225008594525e189
6.257104499707576e188
2.308238189408401e189
9.765059845834913e188
4.5348458127173e189
2.5698254261095942e188
4.9633245600374295e188
2.285724878395227e189
2.8343178206534516e189
7.9214081884647e188
1.7465051317894614e188
1.804847966706588e189
3.5120719013726694e188
1.932631955669181e189
2.4605938714958247e189
1.0236409051691304e189
1.1965151001935497e189
2.1868048496264283e189
2.037310917066963e189
2.21450309895716e189
1.6837519211049733e189
1.7116297418971096e190
1.0793581667985022e189
5.3118506525474576e188
5.3823029721218856e188
1.8693900909889945e189
1.8191506275851023e189
5.148019569431655e188
9.802562247386697e188
7.384639633984847e189
4.830610069061662e188
4.130461186034888e188
1.0613363246589512e188
7.327449342334177e188
1.3017385436351048e189
8.073283567569237e189
1.4904552989979707e190
1.8719697377341666e189
4.455796747447511e189
1.6794479739726675e189
2.5183631629924007e189
1.0051887895290994e189
8.461203676207088e188
3.3794956975922877e188
1.3255565840519465e189
5.940250591585514e188
2.061362405159993e189
3.048726944492816e188
4.285619561723306e188
5.702954728181064e188
2.0894266915169926e189
2.619975439422438e189
7.788547692608756e188
1.135373604003925e189
2.8912354820617647e188
1.71347400727038e189
6.692335547866813e188
1.688076882454363e190
2.6368644803741134e189
1.337879580576214e189
1.1238119153312268e189
3.4717808559743605e189
8.442015072003951e188
8.886300360726423e188
9.119638837770021e188
3.808219742806363e189
3.473710096305724e188
2.916677968035752e189
1.0198519058436652e189
5.492670469795327e188
7.991173467210594e188
1.965370115515771e188
2.8922269877745044e188
1.192257033842978e189
1.6014182613876271e189
1.875424723589811e188
4.2876681337171204e188
2.1113968097858722e189
1.5466131234171748e189
4.785648119418131e189
6.214268729842811e188
3.379710322837804e188
9.578300506144308e188
1.1948890968037128e189
9.55132694494452e188
8.689631320318729e188
1.6878580261311389e189
1.1909608830353115e189
2.1873444815549814e189
8.570269254339049e189
1.9561839306588663e189
3.718754887689591e188
1.4502870061852967e188
2.022168412995154e189
3.4848517197399534e188
2.6977179027083005e189
3.1487703121984323e189
1.9369351048901646e189
1.317063801528128e189
3.370047205795341e189
1.143702666211588e189
1.2122259597656876e189
1.5779532576672687e190
4.4001242205893957e189
4.497093822147221e189
8.945653313021846e188
7.509913424799969e188
1.0150326351255707e189
3.5333215038230114e188
4.045483385836265e188
1.4608138266126492e189
2.2814828518139227e189
3.280248374741756e188
6.407368211566051e189
7.162944549962551e188
1.161634014311227e189
1.561505363907147e190
5.401501545351033e189
7.398861420186984e188
1.716063599677137e189
4.953836245420803e188
3.2115775080302433e189
3.6315343571666674e189
1.3567416954407662e189
2.7506187895061965e189
2.6866226260518897e189
2.3109917771794886e189
4.496425204212515e188
1.9172109588443771e189
2.1189498924629003e190
2.8278285224964453e189
2.9977415707115717e189
1.8656272820412166e189
3.0107839180216336e188
6.966177579178762e188
1.1339775379191976e189
1.2940686068872813e189
2.4304242521781453e189
8.008551074512238e188
9.308640020035642e188
1.4345621816090688e189
8.953687492229162e188
2.5345455179387855e189
1.6424723133209124e189
1.2855784647744774e189
6.088290872341953e188
4.046533542225486e188
5.286429925107758e188
1.804671209405467e189
4.477984327248799e188
6.231459931712901e188
1.6358136762803633e190
3.982601447753943e188
5.3662600752293856e188
5.611116727353145e189
2.9340828109902794e189
2.217680887189065e189
9.512401551655895e188
1.1042036874991776e189
6.12145457566727e188
1.675907513996073e188
2.2726206460370054e189
8.15104196494051e188
6.693556844846978e188
3.1044305714706985e189
4.85183069863206e189
1.9312090920846843e189
3.006648110139837e189
1.4152812463257629e189
4.667830049983764e188
1.724864057173461e189
2.0686079471560898e189
7.94115760842282e190
