4.747608421728829e112
4.392546952105406e112
6.843698412724138e112
7.756602281625272e112
1.1066788643416986e113
2.970202560760325e113
5.815292707854792e112
6.8088806827380055e112
1.3151719735904311e113
4.25042223539666e112
3.2297073369329677e112
6.051222428326042e112
3.9166461632682044e112
7.057691153886013e112
8.529630592316297e112
2.213563683082527e112
3.156144277347055e112
6.1567326553658305e112
1.0273586204651248e113
5.690453799979968e112
8.203754527386498e112
2.700079112246061e112
9.01087829544469e112
7.876357514955099e112
2.5459417654544685e113
1.7449191062136496e113
8.397995208264733e112
1.0258792212987019e113
4.556603244453934e112
2.450649834521892e112
6.825657259783303e112
2.406870341175949e112
3.9434145801781075e112
1.5312504018370853e113
4.600497757462293e112
5.048113445756334e112
6.158017532914264e112
2.730885346543171e112
8.877882989962915e112
1.7148020212741223e113
6.28638110012145e112
1.7758363437337377e112
1.5715974314140685e113
1.3400261663598893e113
4.252712981995247e112
2.028760842767818e112
5.065998680696236e112
1.3002369861781027e112
5.562751754595459e112
7.669914503917395e112
6.856037083656788e112
1.1098055402327313e113
8.619954623714634e112
6.834279492188785e112
7.443071722465787e112
2.6337257714287645e112
1.2439307222287162e113
4.523732318908921e112
1.0290285847048991e113
2.3089763794508386e112
1.0640353431362926e113
1.8180890456739755e113
1.0896142196522215e113
5.490658634126418e112
6.074818703022236e112
6.893798713917662e112
4.871844148877932e112
8.466416068685584e112
1.0546023559789834e113
3.1100149528784364e113
2.3503140272361853e112
8.50579664147136e112
5.735605680794858e112
1.4818505225966916e113
4.194478229646822e112
2.514696390540714e112
5.988918126833978e112
5.467366087271729e112
1.6642892214270296e113
1.2112013680449065e113
7.2823604699751174e112
9.631303512796484e112
3.426161582747903e112
6.663921937719304e112
5.972004412187479e112
4.112001317635393e112
3.881340873704893e112
4.266818581950678e112
6.756098279851723e112
3.2502006341750566e112
9.831542063815583e112
3.4460107697991793e112
1.750256911786888e112
1.2885916886220064e113
2.51655488499703e112
1.0063570761000933e113
6.589049324686995e112
3.556292357879102e112
1.1839604406612876e113
5.8894742609513455e112
1.4709831490340855e113
6.004176164826181e112
2.081677534384608e112
8.486626167713326e112
4.863727643994665e112
9.684928132585867e112
1.2850971063783241e113
2.3188253549163213e112
1.8286638237538773e113
2.439447061754351e112
1.363299661878518e113
4.215108613806948e112
9.882154149616713e112
3.929851382287609e112
1.414895467780355e113
1.0847083201962365e113
2.282465587509971e112
2.654194249954222e112
4.00531566265577e112
7.75733079415545e112
5.934769117353865e112
6.503619844415852e112
1.7788625490228993e112
9.82233876462866e112
3.374237634530858e112
3.0109623024746787e112
1.628094304021352e113
4.074638704533447e112
2.048144415932412e112
3.438353798035503e112
4.836746905171115e112
1.1341880058440278e113
1.1952934599044863e113
1.0078247968619435e113
9.700975348786675e112
3.4653761754516242e112
1.3107652292971836e112
8.369510887709897e112
1.0057781100611007e113
8.766023460035272e112
2.2056552744684967e112
3.2842448019707022e112
2.6868569012698267e112
3.4700148701567245e112
2.373086750396937e112
2.404888538807428e112
1.0565399304212266e113
4.4988761422041884e113
9.715189367827422e112
4.453261678940456e112
2.7406575668268643e112
1.438684968230176e113
8.866060874766992e112
3.7059848470907478e112
2.3932932462663352e112
6.789381270157884e112
4.393675530369432e112
1.0476577721177585e113
1.23325450487311e113
2.1212834719057923e113
5.306943984579881e112
5.522597764814126e112
4.437298093540836e112
4.478208992185523e112
7.093645389802091e112
8.936935153235793e112
3.5872923315727515e112
1.6009316657907756e112
7.936825220877605e112
4.6510974470271565e112
3.719822525304014e112
5.508290080995827e112
9.130556765109168e112
9.518277936690078e112
3.011830005958252e112
3.0913527446441794e112
1.002646341306116e113
1.0505809736113112e113
1.2286273159144159e113
3.706520944032381e112
3.2080175403546086e112
1.0471213554979273e113
9.040718383728433e112
3.0329769697582535e112
9.462963261579227e111
2.0724665430184075e113
4.025997520506544e112
8.078206828784206e112
5.375719621226533e112
6.703910300245425e112
6.2831322695858455e112
1.1987315155536697e113
3.742704002926141e112
6.658348005672289e112
8.460527746746389e112
3.8132198142692945e112
1.1256647284070598e113
4.368057491604791e112
2.425928703218249e112
3.933353165058418e112
5.171161979254569e112
6.41230827522353e112
2.8956545661028265e112
1.8691418304428128e112
3.068061678163355e112
5.384467592242746e112
1.4110387423418745e113
9.219107650055481e112
8.368717618412705e112
1.2831090902833674e113
4.192966607323861e112
2.2386308236950575e112
9.524677157065752e112
3.584028141291587e113
3.961883876702262e112
5.538286038336438e112
9.697386877001086e112
1.1996245014597459e113
9.34575425306537e112
3.2769586676796678e112
1.3832342668953895e113
1.549764986855864e113
1.0472207598611773e113
9.369925262148488e112
2.4916946099394267e112
4.1854986674650015e113
2.872532371281048e112
4.501183274673031e112
6.412338225926912e112
1.535619471861431e113
6.9028623076588925e112
4.317227172322275e112
6.916742126175141e112
1.4256182218990662e113
3.433734311760057e112
1.1865587450027807e113
2.4665040187990957e112
9.65911417420282e112
4.997865665023876e113
7.481640590254003e112
5.961881488029408e112
1.1763028167588875e113
1.5619902626284402e113
1.9456283781928966e112
4.742368914914175e112
2.067985915528836e113
2.5649955622159655e113
2.2086998989801706e112
2.3776249329933335e113
1.1042527968484821e113
3.4285192337306255e112
3.559439088504536e112
4.596816512717697e112
3.4854850976622574e112
1.9022862322053663e113
5.901188499475841e112
4.379409328235224e112
8.371814340911853e112
3.660749930439699e112
3.7237136498774024e112
2.7049274792136803e112
5.196343422963072e112
9.232786092552798e112
5.468279261594607e112
1.3718608679808182e112
2.8960766843806296e113
1.835365695955222e112
5.046891221400007e112
9.288818675527806e112
9.836965001618146e112
3.105439092877083e112
8.603589799862793e113
7.95431475312595e112
5.250310286062364e112
4.5291632998636285e112
6.95893041100697e112
3.866664602905328e112
1.0198654424355485e113
9.599129766917138e112
5.42539937473202e112
6.297067490810413e112
7.926275739311584e112
1.6848267991538423e113
7.446832467332777e112
6.330404896864614e112
2.1819673697829636e113
6.217367291744208e112
1.7955102968986125e112
5.14526543378706e112
1.0261446185248047e113
4.180703675511534e112
7.737723679427884e112
5.120964393586464e112
2.5953045311615585e112
2.3272263465707826e112
8.974098017270632e112
1.0740056892186869e113
3.5709422064426416e112
7.334054974025597e112
7.059083874369926e112
5.349860615580805e112
8.393399829837782e112
1.7577156088640698e112
2.047201215981645e113
7.06415786808774e112
4.416692741219799e112
1.3474119444066662e112
4.491133876707669e112
8.320438392365572e112
4.561951346363213e112
4.322320945441126e112
1.7587941677437143e112
1.4078064558314439e113
3.702488898353202e113
2.069757759472982e112
5.9796523173582466e112
3.3493732132335676e112
4.178958063172151e112
2.6243356986150874e112
9.812623108078002e112
1.2069691489031526e113
9.272522453118815e112
1.652930324723884e113
4.943510574057856e112
7.17542937265141e112
5.012489333791095e112
5.2082133912972395e112
4.803021193452016e112
8.533219690869151e112
2.974252625166208e112
5.817248841443841e112
8.64092693012951e112
4.52137538910674e112
8.285872870411646e112
8.311765322022374e112
4.001650297538337e112
1.587301032964363e113
2.3273646763219374e112
6.512968225487604e112
5.596516350276544e112
9.309729767291909e112
1.6798651254412323e113
1.855592776262523e113
5.269015296033191e112
1.5913722032033225e112
3.7813525467720288e112
8.72314905934056e112
2.0314245487915257e113
2.0445068559238445e112
4.126065481278915e112
2.9028481545414203e112
5.505394270295006e112
4.024690763955451e112
2.4586525800330795e112
6.844001682876238e112
1.0059903946271907e113
3.300006818554641e112
8.332100348154217e112
3.41553732887732e112
4.6282167515587585e112
6.567953076952071e112
2.696053529044766e112
2.3615922113865465e113
5.7719047301177054e112
8.719455291633342e112
3.8225098349330457e112
1.3255563682926118e112
3.658800533287687e112
4.1088978708191215e112
1.0051776496757218e113
6.02222750544495e112
7.635372877857182e112
5.497425996428379e112
6.431061314335753e112
9.745966657806812e112
8.638116279426779e112
1.252050165651111e112
7.372543502883249e112
7.414109066504941e111
1.9168056346600601e112
7.691747098812762e112
7.518556644053981e112
3.659547545485316e112
5.2746657991227364e112
3.466955185885357e112
6.441382979369737e112
4.18390995965657e112
2.5029636834514863e112
2.6853189653797377e112
6.031632459817764e112
3.7387736956877577e112
3.2398064488483177e112
3.5178333854815616e112
2.6903726818102114e112
6.576384490921537e112
3.7096067868474858e112
4.393507346247242e112
4.501789905106798e113
3.4491323588218303e111
8.814572106317407e111
3.5893146057750925e112
7.230007784338714e112
1.1600643542982932e113
2.103062750861212e112
2.6866894879327603e112
2.1710868792059792e112
3.0143838161975454e112
5.216834889453328e112
8.460126562600776e112
3.246137457064835e112
2.290222128679998e112
1.6953850011395487e112
7.992189065443087e112
2.1853725910755643e112
7.862148307437804e112
3.850446517816269e112
1.029154112727291e113
3.708676525523478e112
9.866548428436423e112
4.6685761087821005e112
2.9235575460694254e112
1.309673114388353e113
6.513645724955514e112
1.197131166244389e113
2.0544719204742357e112
5.860171747266015e112
3.725019418463919e112
4.570195073959332e112
4.364209542727523e112
3.3277077975420627e112
1.6530204444776725e113
1.2540071717451632e112
5.350681517307546e112
3.702858763226787e112
5.9377382821610234e112
2.169354249411645e112
5.475713845246779e112
1.3907737831031555e112
1.4210921623370966e113
1.1630931301577924e113
8.7518547856752e112
2.9213061862005937e112
2.502214105262297e112
2.6895114799022335e112
6.554283927618113e111
3.787449504559084e112
2.1224376591308854e112
1.379194665978718e113
1.9690938726561957e112
8.728992617142564e112
3.325940363276891e112
1.5164044270079017e112
3.2344549431934256e112
1.705566641756698e113
2.430704925885438e112
7.06748565900363e112
1.5921935451515804e113
1.84956151313002e113
8.049555831902237e112
7.173588594213904e112
3.950358535713283e112
2.5030910448201274e112
4.633216164147984e112
1.891657269017596e113
3.970790778386855e112
5.07424336102188e112
5.158827284617548e112
5.990511092823935e112
3.3291839427427307e112
9.612727370171797e111
3.6645303669515576e112
1.1616583460469838e113
3.927814140265438e112
3.948301590475901e112
6.459198250632071e112
1.6479942483001157e113
2.2841591643188667e112
7.953415778607506e112
2.088728126122475e113
4.091429995999585e112
1.1115927731173406e113
3.478809552097912e112
1.3508672168071787e113
8.144721872790855e112
5.123336799331156e112
3.070836330519826e112
1.087105036515196e113
1.9348322649716973e113
1.5347929472234404e113
3.6558098233465014e112
1.6566496078424455e113
4.977081127485845e112
5.032859099638136e112
7.452878104603399e112
2.808049928968123e112
4.088768575001194e112
1.3119151191992515e113
7.288376005651552e112
6.6949286744519934e112
5.438008276324428e112
2.8396171400356877e112
5.272449907275056e112
3.3572263568262633e112
4.59630997922149e113
3.728896813359744e112
5.019741819112165e112
1.7210514158579183e113
4.268681853337053e112
1.6960366682595396e113
1.849585786449839e113
3.649158635973761e112
5.209299347408797e112
1.500953393174352e113
3.864442045917176e112
1.1202711975280083e113
1.1544015926800397e113
3.089419351866121e113
6.491616691107917e112
1.1429510452701828e113
6.648303594321427e112
1.0665089560985959e113
2.9134772616557834e112
1.4609593759104637e113
1.3176182127494242e113
3.8073278039349394e112
1.9392288635694976e112
2.000249543487379e112
4.30142091295148e112
3.3279615499960685e112
1.7078718497897922e112
1.3461096940506374e113
1.964746796342181e112
1.2446736563967709e113
3.073982388935906e113
1.289801369068889e113
1.6687662773752978e112
8.787028028977652e112
6.631521835271038e112
1.2172087846542552e113
8.272722312034697e112
1.4661642822614871e113
1.6577179897979313e113
2.5365128723855673e112
2.000447192787358e112
3.830107687893486e112
4.249272264660697e112
4.68502842200155e112
1.4344428954844413e112
1.656939877970817e113
1.443046675186763e113
6.507336812434644e112
1.1899423704734424e113
2.328844976850208e113
3.5772662999024294e112
8.024593934137112e112
4.743729283067155e112
2.801533903735928e112
3.417428835703316e113
2.618332032839443e112
2.842567723473658e112
1.8428920976305395e112
1.122779347053268e113
5.512009605449981e112
1.644554213757696e113
6.227147459785343e112
3.085016336224983e112
5.82785914447623e112
3.288296080022816e112
5.887822760893377e112
1.144147390150189e113
5.73408348590653e112
2.077741057619985e112
4.704061114644684e113
7.196173748515436e112
3.4135515231087718e112
7.466878655590216e112
4.211779209338326e112
1.0228974363591356e113
5.679894059408028e111
6.040488670745148e112
4.89788764181833e112
9.887007126337861e112
1.4517857595064665e113
1.5330768432194907e113
1.4941314854706112e113
4.942223901435476e112
1.6609272911517672e112
1.0718042667990785e113
1.0580924612522149e113
1.2364118962436763e113
6.651181793345038e112
2.9392829228022043e112
2.1102327700989278e112
9.331143059125499e111
6.921969125200063e112
1.1159516957668558e113
5.3780835212916385e112
2.4375299851427005e113
9.64711902311213e112
2.4893673777975493e113
4.181079275665819e112
7.0226484388399845e112
6.497959494709402e112
3.3604565334691275e112
2.9063628347456904e112
4.239951416255085e112
8.485609549287697e113
6.067607750641585e113
9.98527135829385e112
1.6606114345477016e113
4.3199653639983926e113
2.0346720499495125e113
7.475636709869837e112
2.771942405579423e112
2.735005928007311e112
7.977713336306948e112
2.4788072150772112e113
7.910530351846593e112
8.147664457050704e112
9.91960308480359e112
6.978560997923362e112
2.971881250630735e113
1.1000673170256755e113
3.57424995280457e112
9.529525010358154e112
4.565264487487462e112
4.2195660740224614e112
1.152976937486827e113
8.600902773329652e112
1.94258249415156e113
7.810011181579265e112
3.3418845548764055e112
8.970432031851554e112
8.890751018075245e112
2.1650048332380097e112
2.0162686276726403e113
5.48957608900575e112
6.6515475854321565e112
4.611770929627791e112
5.0466756795355964e112
5.995017545695334e112
1.8109531319266283e113
6.368221454353736e112
4.387139569537552e112
5.3206266615304326e113
5.719657827994838e112
3.1339716836414916e112
3.7800159748851194e112
6.185012655499617e112
3.661123108655146e112
4.293496993632684e112
3.847976954334425e112
7.405251172466036e112
8.229481815679468e112
4.6155004899716326e112
2.883391095291471e112
4.688002496314631e112
4.551388087191946e112
3.252412002308761e112
2.9634880085579907e113
1.4685858423110055e113
1.6738961267421145e113
2.2289257131690448e112
9.745296019225712e112
4.800230956514185e112
5.2212314383131415e112
3.027358742784085e112
6.518715163999379e112
1.9812832183952815e112
7.100148807011233e112
4.282906111820474e112
2.8469522118401863e113
7.151963034109719e112
1.9887097491369202e113
3.5642494705763167e112
4.311369251363379e112
6.434080844620762e112
1.6008166871362445e113
2.2303531826378273e112
4.6636205485335046e112
2.971408445820613e112
8.933540138004517e112
3.4255701389072988e112
9.94857521320603e112
4.1256657046570565e112
1.595722460967114e113
2.931727884230418e112
8.568957890957455e112
2.5600229289497705e112
2.3237383668700677e113
5.387592019784446e112
9.075286040895639e112
8.12843116418746e112
3.5570146770624146e112
5.709362960080419e112
1.2541580962953882e113
1.1101750540348986e113
9.020723948146266e112
1.0356287104501533e113
4.369661132918977e112
1.8912530469271196e113
8.183179990108682e112
5.309773124707872e112
2.474105780531773e112
5.388745013942194e112
9.96513130793571e112
8.096205836960658e112
6.153460467748474e112
6.8468230259934625e112
1.6237210298141872e112
1.3412738591383094e113
3.240581136644092e112
4.905046128200985e112
7.88496926980358e112
5.111360731551744e112
6.164417934489306e112
2.1829294019135117e112
2.8216814244430983e112
4.8524428602983725e113
5.155726862944829e112
3.991426901826237e112
1.9244322409468938e113
9.921094931757756e112
2.8730729948863495e113
3.2160836539991355e112
3.7336497326864833e112
1.1144284053015228e113
1.7151898795683424e112
3.473653427678655e113
1.4334825466754414e113
1.3973489024323165e113
2.546962722315352e112
1.3855817285922709e113
8.675775198969394e112
4.470029248644901e112
8.656826646483789e112
2.96643515144707e112
4.588096804552479e112
4.404981779345948e112
9.291970926748227e112
1.9212100092704902e112
4.445098953203742e112
2.817430581335346e112
7.032006664492308e112
2.255544350980817e112
1.2370172290219704e113
6.104476368225844e112
1.021319246871779e113
1.1316513040656814e113
5.6604038744116035e112
9.170236240501686e112
6.6411423223989644e112
3.896718847565289e112
2.8572689180542768e112
1.999371182640007e112
1.0643287565494574e113
5.567316043662434e112
1.2150733031327439e113
2.6076850774250365e112
3.0519339897926264e112
7.1007513901487535e112
1.4411007815013828e113
3.268801056884401e112
3.310180994807053e113
3.1736066640960604e113
1.281874842577622e113
3.6268641440173766e112
1.1038901908159057e113
3.096930488782935e112
7.291050653620433e112
9.342520944117573e112
8.017653420132663e112
6.919440865513804e112
7.734033971451928e112
1.3692568226983238e113
4.506528199772122e112
2.546793330981432e112
3.876479361324863e112
3.0571004116057375e112
8.602853107999605e112
7.039663263359645e112
2.683474799541828e113
1.5625470690764763e113
8.870035818474774e112
7.65972519087717e112
3.2068784255959495e113
3.923211175932116e112
3.4870648443707345e112
8.818861838564259e112
7.0982911197830765e112
1.2555750352365859e113
4.091935635727708e112
6.939570054280683e112
1.1229858337643041e113
5.250037019801267e112
4.225658180710565e112
2.1164022751820413e112
7.305798868186816e112
6.245476982804529e112
1.1717308557227254e113
2.8696372939599514e113
5.3217480106382114e112
2.884400609613469e112
4.015089146008361e112
1.6708990420454466e113
5.305831048023701e112
1.969562437305367e113
2.1403498305625753e112
1.1190108298783285e113
1.2737670604397973e113
1.5249415028853834e112
3.065928847652934e112
7.374275518636443e112
4.927085516942611e112
2.088077622011614e113
3.6841798574881823e112
2.832917826327511e112
8.157274629054193e111
3.1946654925440183e112
8.228876138214462e112
4.646767174660144e112
5.320336159534845e112
1.2069097097633518e113
9.024757792644026e112
1.0740917101340885e113
1.1175704981563355e113
5.411110432834737e112
1.6832645384303393e113
7.215558336831131e112
5.687944483757713e112
2.7581993010088465e112
1.804823719743961e113
3.1912879132984347e112
1.1539815117743006e112
2.4802222246313642e112
1.0835208978952058e113
8.181764037990533e112
9.081083783631825e112
2.8827704822186452e113
4.931856400325069e112
8.919030454973033e112
2.2743756617643034e113
1.4393811001131225e113
3.4804179126526004e112
2.1315187609828e112
1.2750105761430708e113
2.1658191345287516e113
7.056338195903294e112
9.675262292526515e112
2.914000107365998e112
7.5513745336657185e112
7.443282377750191e112
8.260856348829588e112
1.928915584834357e113
8.97518212428815e112
1.4295664979072134e112
2.8733898861302894e112
1.1946148114023602e113
1.782222601261537e112
9.845871688416288e112
2.3424498901312e113
8.402603894047664e112
7.787886360500425e112
3.9253863384376626e112
4.9746064051667895e112
1.922156892855276e112
4.0776017413443e112
3.3723101376500667e112
4.103807804900788e112
5.59944060342923e112
1.3451370859798663e113
1.7251484489445722e113
4.2963400792007564e112
1.0127439215834888e113
1.4551383161414493e113
4.80187522102645e112
5.683059044293035e112
2.8236703182485626e112
1.5537988377579142e113
2.734130869076118e112
1.1012144532325278e113
7.76800028494377e112
1.9415168254359096e113
6.016816578542559e113
2.0379545130768342e113
5.238379161140312e112
2.320634735772799e112
2.4232930203009803e113
7.2435772589072704e112
6.795841548899821e112
1.9405621886703617e113
1.2412357548225408e113
1.9431790852744402e113
1.767858421778257e113
2.6026160023354817e113
8.11931978789946e112
3.8007978878323835e112
1.473763302270822e113
1.4294228181497117e113
1.4589691434803065e113
4.880289234359332e112
1.831681289680264e113
8.125989633614067e112
6.2142448617346764e112
4.873409240943772e112
2.803451158583647e112
4.50655213129059e112
2.751460486609125e112
5.334646362836734e112
2.670480305405227e112
5.182730715840743e112
2.6762089149186097e112
5.189501371750331e112
8.130842744079929e112
3.253956603160466e112
3.1679633304335247e112
4.865002852682903e112
5.833680555434477e112
2.090348423426138e113
3.997214332122614e112
2.228768575430126e112
4.83732247146437e112
5.7974371409736914e112
4.8829428835487305e112
1.9852242481562806e112
5.3627435964390045e112
1.0359488467711047e113
2.9228964024089077e112
3.7783764078391033e112
1.8647424321899425e112
1.4004481901288978e113
4.965894734386552e112
5.208412024241852e112
9.285561020107455e112
3.2207333225838442e112
1.8433229307373926e113
1.9085645653097132e113
8.21212012133443e112
1.7472560093658712e113
9.853968079571933e112
4.66323349553163e112
2.955414495675112e112
2.5074896056614835e112
4.241799213333304e112
2.258050531264033e112
3.3987228558049055e112
9.246476202199808e112
3.999112207883763e112
9.42399445292166e112
5.811305110642555e112
1.8689084329471564e112
1.919321148443976e113
1.6635324299611735e113
1.588742309439458e113
1.118849528793348e113
3.553719866279459e112
7.350999785183067e112
8.836697297245688e112
6.455807379901036e112
5.902480108658778e112
9.825558380103322e112
2.891871606184592e113
7.134138344535529e112
6.021809427574273e112
1.1017135725335482e113
2.4159787281647728e113
3.0385723923074895e112
1.4196044649651943e113
2.634425860804263e113
1.0059028344729022e113
1.585012359718015e113
4.3846171454308555e112
7.857641154535374e112
1.1586031525670188e113
4.402796750072663e112
4.420380281894551e112
2.2378979547455225e112
5.824535783383696e112
3.013438829520654e112
2.898778328034555e112
1.1962620819359328e113
5.1986261552593586e112
9.42289857491631e112
6.206745154068574e112
4.763094675674808e112
1.6804494171587556e112
3.0219102390008386e112
9.376763634104265e112
3.098456023648216e112
4.278378128283085e112
7.384519077060254e112
7.378782771456357e112
4.082641075015705e112
5.5726830153053775e112
3.8293556802269255e112
6.230618233846011e112
4.7036221073377705e113
3.4570932836261175e112
6.039621405295667e112
3.1358305633114705e112
