2.252735423326456e50
1.5853305030138126e50
3.6377215635108924e50
2.304479652360799e50
2.0343826847329847e50
2.88418617962784e50
3.8125250633649694e50
5.156080242445159e50
4.033216766849828e50
2.0804092895460312e50
4.495867264863983e50
2.4511408606035086e50
3.01286605978839e50
4.152443743032389e50
1.7132419827680127e50
2.860624842653736e50
4.41599951184605e50
1.5781585355546405e50
2.1641394506681527e50
1.1022179047432118e50
2.3852333441222376e50
4.453676629812864e50
2.5862782096184024e50
1.3608983523007095e50
7.689714176539669e49
4.080404548081776e50
2.147256218743927e50
1.3439990860236045e50
2.6013706861825304e50
1.6574257134157585e50
1.9928736410276734e50
1.4086108475730472e50
1.435718035981834e50
3.3147795031972628e50
2.3103530179141663e50
5.7572615850558325e50
2.0859332878630945e50
4.997304768282643e50
1.4860706444791694e50
4.6737460121037e50
1.8443545901959093e50
1.3822701730447887e50
1.13265519009835e50
3.982368825517974e50
2.7401077659596204e50
1.3267580885402027e50
2.215242693342454e50
4.336386771736629e50
5.50240515261389e50
1.5301171332297648e50
2.405202687130136e50
2.1907527700946615e50
2.5366222300995522e50
2.668745963115172e50
3.1799556369869844e50
6.235228331666153e50
1.9645056944906005e50
4.8117541435240705e50
1.7847150815113225e50
2.526167841002331e50
1.6589871864799397e50
8.827639201894633e49
2.75136690137268e50
1.7147792395915036e50
4.635455758487351e50
3.459051519467671e50
3.383109422707578e50
3.2734411532398908e50
3.846369658314379e50
1.4358929654527305e50
3.1626003471576716e50
2.0730843476144498e50
2.884968444239726e50
3.5798120747994117e50
1.3987713116896198e50
3.369994598312557e50
1.1210194254333026e50
1.8629858595746556e50
1.655026150162082e50
6.283803278192186e50
3.263721909043218e50
2.0177344586784966e50
2.7529491851550302e50
9.991582660166631e50
2.8737760678174087e50
1.0593895879255205e51
2.9857218338319354e50
1.642296455801565e50
2.889538291130193e50
1.5202519504614435e50
1.8693691633956025e50
1.4308116801703832e50
3.1537965531456233e50
1.827705884034158e50
2.9719646507445755e50
2.4651219567044466e50
2.0800736480424283e50
2.0463601736997972e50
2.636493188830706e50
3.245082178073793e50
2.0455592582565496e50
2.9024799073591045e50
2.4544457086381714e50
1.3724960304546298e50
2.34650172460981e50
2.5730341542072694e50
3.196325125595295e50
5.1864370109226146e50
2.3689567195691503e50
3.9745566330882924e50
2.875746761791328e50
3.387460594766413e50
3.1108976803070798e50
3.1182168974457897e50
2.8658872823793836e50
1.449603341177501e50
1.7626649850971814e50
3.6636970112738196e50
3.1534834110680506e50
1.2303146720486006e50
1.8073462792146983e50
2.6538210648210638e50
3.449316602983619e50
2.3721078981329196e50
2.9055726785253695e50
2.677206997764611e50
3.222984489458927e50
3.825642776416682e50
2.2213292438756387e50
2.0937841584414514e50
2.1190280399584393e50
1.70577005358605e50
2.2550449904644038e50
4.364503359687366e50
2.8671389547693613e50
2.3415506221297514e50
1.9690549160517806e50
6.680994020879009e50
2.0973918397654524e50
2.8349739844983817e50
1.8051559720339697e50
2.564819374861745e50
2.729577597501483e50
3.366512489910327e50
6.627899726420744e50
3.52956944338332e50
5.283470679394802e50
1.7591867166381956e50
2.218805782438281e50
4.87134166633306e50
2.6116005552249343e50
2.8510332660974294e50
3.4692938377291303e50
2.176474024833214e50
2.3526025783256934e50
1.1205804510682955e50
5.4595029452088705e50
1.5749245997322895e50
1.0718761522456657e50
2.722015960316909e50
4.091358065587726e50
2.343670255208659e50
2.1176122500866496e50
2.1390062136644983e50
5.833905823761676e50
3.3824594710321746e50
3.3754921808496463e50
3.0048273523176496e50
2.9855288353891627e50
3.135483435556537e50
6.822866747198446e50
1.898587904374461e50
1.5497670506264908e50
3.339994925059569e50
3.01065068616252e50
8.90177591821404e49
3.0878312060917885e50
1.7260034325368508e50
3.282622610620691e50
3.4544001704364214e50
5.540497579121131e50
5.276942565916385e50
1.9647490710181053e50
5.649331776447988e50
3.5019258960870684e50
2.170883688495217e50
1.0261763867700387e50
8.164971716098625e50
1.996008610199586e50
1.0337298016416576e51
4.018650500996657e50
1.97559682831921e50
4.044317901767948e50
2.8460324406557483e50
1.3512176008335016e50
2.445331205258996e50
1.127761734129287e50
4.58158479925987e50
2.5239275200099245e50
2.037144763945326e50
1.1894613674990234e50
3.872066263001889e50
1.7154836650616552e50
5.295246944356173e50
2.0388072961401283e50
1.9575494111222955e50
3.6193758596013097e50
2.124833412780268e50
2.4096990031379753e50
6.035526019769021e50
3.958534545782662e50
9.229728035522551e49
4.860191804694608e50
3.642085138567235e50
1.8076356629613945e50
4.10184381388004e50
1.482188473395299e50
4.237981723351003e50
2.8478737756262285e50
3.393708468913903e50
2.512720369791314e50
3.834951890511928e50
2.14613215548164e50
3.270141351385939e50
1.3272208455036836e50
3.7269784639594203e50
2.6240105544307908e50
1.7792474301419084e50
2.2767774211889696e50
1.873213922438239e50
4.0215140245609395e50
1.0900922971009612e50
2.1703614331252733e50
6.028763336640988e50
2.8971032761742707e50
3.2303014622556544e50
2.9516019611927252e50
2.39965522298419e50
2.5220774846312534e50
1.7631906433060862e50
7.79582593193336e50
1.5926880405464254e50
2.9114291697784446e50
1.2860926161220255e50
3.866460570186264e50
2.1009758956675415e50
1.992310309863805e50
2.5887448666578154e50
8.206924901250982e50
2.5908981194664423e50
1.8121990675240293e50
3.205491746242522e50
2.12825233575449e50
1.9599002452473037e50
2.2241277711030264e50
1.8720642317879874e50
2.0137003072860955e50
3.753930182527511e50
2.179415998264289e50
4.534627763380802e50
3.0769237749556635e50
1.8300738639688361e50
3.4635616280698908e50
1.36161603111151e50
1.0489343086209e50
1.1420930447543188e50
2.6611666552017367e50
7.859170149766868e49
3.106651666913233e50
3.3336058666769895e50
5.897836427307516e50
2.538335201284501e50
1.590309742207116e50
3.635392442424028e50
3.5457694793154485e50
5.048953992082297e50
1.2914108991073105e50
5.007363440704477e50
1.7697028632902666e50
7.192909200465709e50
4.566081070583196e50
2.0695710989450914e50
2.944064604820714e50
4.692194028704281e50
4.50974815085249e50
8.00694785612311e49
2.1446208976114024e50
1.5350962974336157e50
2.545933367642921e50
2.8571401242409586e50
3.568273738184324e50
3.825269571457855e50
1.0415861924031214e50
1.7502037015841743e50
1.8173132822931887e50
4.812007986116763e50
5.882083738266627e50
1.0104277719021466e51
4.122101134242335e50
1.4284396665141106e50
3.541971772353762e50
2.719387201035892e50
1.2614321467021778e50
4.9925444615212154e50
3.4729731842118732e50
4.567421769258719e50
3.1006751367826672e50
9.718640657400859e50
3.3398503421857553e50
2.3543688061314405e50
2.8762317551904876e50
3.2577444128757646e50
9.623983382312112e49
4.657434999179668e50
1.1563686000881074e50
2.4703787980791858e50
1.468083578980548e50
5.191483814595749e50
1.1709896688441665e51
1.884702136596563e50
3.1705570415715434e50
3.767892366141248e50
2.3939977143717077e50
2.9243265000351996e50
1.050365688003656e50
9.450840253160581e49
3.408920932133849e50
3.1355284099293787e50
4.026917368726456e50
2.7524300279298327e50
3.3377610250915798e50
1.6864035272392612e50
3.817973200911872e50
2.4102094667116953e50
1.5537137448405585e50
2.162908111286747e50
1.4081124915892182e50
1.3901351243717128e50
7.362985682403581e50
1.5758296942683526e50
1.893998904692386e50
5.509454939666664e50
3.653759029328417e50
1.9991981314950436e50
2.409405347393791e50
4.939183125687436e50
2.799640363598888e50
1.348702213864084e51
8.199972317082563e49
2.677498913356748e50
1.872116037529732e50
1.5469809785594647e50
2.0109036142975928e50
3.792614210345481e50
2.7100999639407703e50
3.1339879273922414e50
2.0288379310013667e50
2.2059863023790825e50
1.8713075943772357e50
2.15433936170292e50
3.6013964496709372e50
4.196179365804899e50
4.226172497610238e50
2.364211205358638e50
3.8436376222375595e50
4.854922446989325e50
3.6942069420617664e50
2.355977556712129e50
8.77219999505691e50
1.9812827184028407e50
1.1556842025626073e50
1.8269146728222326e50
2.8197825521054192e50
3.2204158601636374e50
2.5588338596512716e50
1.183476130768567e50
5.045360752888684e50
2.149671771869157e50
3.213046632358491e50
1.8762833878065836e50
6.101006383733202e50
5.211949486828809e50
1.227805621722947e50
1.7897387506489656e50
2.080551522710909e50
2.1842009790535786e50
2.0277399769574435e50
2.4398171177096947e50
4.274132039746074e50
3.037934416424677e50
2.381172588388932e50
3.5598300664561343e50
4.273727502116689e50
3.7014230734622706e50
4.047470301375562e50
3.978723308644587e50
8.572805718761476e49
1.6538864611074513e50
1.669177562446502e50
3.22281657063724e50
2.3974841012228292e50
2.5827372581512597e50
3.3758355330099626e50
1.9837286095614745e50
2.1881425070238065e50
2.221103966107477e50
1.2313878551908923e50
1.2085167542412007e50
6.553270650943926e50
7.773432993421923e50
5.984176251259566e50
1.4278920343236816e50
1.9069312396565643e50
3.805929827415038e50
5.251602391914811e50
2.2368855595378072e50
1.5457876452699912e50
3.793261788171114e50
2.2230547538279624e50
1.268851160043829e50
2.055984945526779e50
2.4369025040804034e50
1.6445289242420495e50
1.0962025801806007e50
2.1481138515438165e50
2.635889878822718e50
8.852415977128351e49
2.133410317826003e50
1.6314592139737866e50
1.53274249218656e50
3.1873129269203373e50
2.828334783776606e50
2.983150166298844e50
4.011121368177468e50
2.010826709609778e50
7.807763104453734e49
2.0433877022695944e50
3.7331282678066016e50
1.7694380734640008e50
2.5285374179819793e50
2.1641463449654192e50
3.1290877121047578e50
1.895488956599913e50
3.863292400302799e50
1.1255287805423361e50
2.5587972897252784e50
4.324444165649487e50
1.9255828525539995e50
1.2713661116507207e50
3.405449629270323e50
3.22824490988575e50
2.0144877564725645e50
2.1112826469198577e50
2.0394296573634434e50
6.4389250939686274e50
2.6283774138912395e50
6.803811739492529e50
1.2956306951061674e50
2.009051254046424e50
2.3158763569888605e50
9.146865746606971e49
3.3619595269331545e50
2.7480410823733476e50
3.726259163939008e50
1.9863947309798388e50
2.685877299673621e50
1.982509578745578e50
2.247000175309353e50
2.933818515706625e50
3.9168674923771855e50
1.2123773116083446e50
2.989172666427641e50
2.299012740272009e50
4.266992846102842e50
2.0244161218367946e50
2.7937069769097647e50
1.2719404310163146e50
3.0080263102400366e50
1.5897390002507003e50
2.1769103176428614e50
8.410477577081255e49
1.3235438745394359e50
4.8703907291293144e50
4.426933654036181e50
1.6287313654670974e50
2.6140241340571433e50
5.249883629355398e50
4.1383878949838224e50
4.767089639426923e50
1.6852246610873903e50
4.399571024421815e50
1.1359252733801399e51
2.1892180379253186e50
1.3617806070780565e50
2.075556822575164e50
3.869970411448191e50
1.7620789929535928e50
4.995678465655966e50
2.2364805832018505e50
2.5984928160560528e50
1.6433467810806859e50
1.5837311578595287e50
2.2260442098716666e50
1.6320196090566135e50
2.713302734057166e50
6.22643746274711e50
3.3373591385946955e50
4.015158165665512e50
1.896994083567344e50
1.3079100834737957e50
2.564143956981021e50
4.443124025983487e50
2.0391496114281375e50
2.5271465040201715e50
1.8056409825994488e50
2.395091624163998e50
2.409880526475382e50
3.4416311314093416e50
1.6229117373816164e50
1.4155572718932285e50
1.0580455962389128e50
5.4221568841521305e50
2.242658937162544e50
1.7815761845031594e50
1.6416318523747629e50
1.8951971008532155e50
2.6828431499928306e50
4.0727903771871615e50
3.034761170274335e50
2.83737726773047e50
4.0060937479571205e50
8.250956350373148e50
9.644451826821137e49
2.9327967379792896e50
4.786880624462873e50
8.53042255014404e49
3.456210126390693e50
2.049675375994306e50
6.2640908917218805e50
1.486256319570694e50
1.4115528127614217e50
4.259563136450778e50
2.1301400817283533e50
1.4832213645166335e50
1.9112307942237677e50
2.4798586263402135e50
3.984384508943935e50
5.689793722310754e50
2.081564670534646e50
1.3874159711444833e50
1.5481919165313202e50
4.4979067494654456e50
2.8486548655348682e50
1.0780289364299885e51
1.5831868784761818e50
1.8658947632360265e50
1.1790733799622428e50
2.5243629708756215e50
2.673733203287429e50
1.5710888781415177e50
7.663107873118695e49
3.617351123670917e50
2.1440726539727735e50
4.744162604329348e50
9.367898743877401e49
3.624102713085894e50
2.689993229809424e50
2.6495441040079684e50
1.7054261748118752e50
1.5495554033979397e50
1.610102764000243e50
2.9697569461534003e50
3.515129155731867e50
1.8272676073723137e50
2.133096969440901e50
3.916939512020704e50
6.934929381860541e50
6.0730762773039645e50
4.2531835524839375e50
4.574587749038395e50
3.458081924511322e50
2.384719312480892e50
1.990850112062898e50
2.2730591226740162e50
1.924991423454594e50
3.3758496482415643e50
6.351128296579197e50
1.423443741087088e50
4.132939545913306e50
2.391626720905468e50
1.5646198624185582e50
5.0350327534600245e50
1.7911746157066916e50
2.628005436168115e50
6.8446875331622935e50
2.4603415828461525e50
6.105345335115053e50
3.066989541516182e50
7.782095902706891e50
1.215832433919438e50
1.22910113091622e50
3.6892765756674683e50
3.392620931417126e50
3.192522908030066e50
1.5283789263793442e50
3.130725060198555e50
1.6637208254746392e50
1.258893801357155e50
2.800814032476833e50
5.667586056402933e50
6.687275750416148e49
1.7664258244640495e50
3.0343655176568716e50
2.393022384691248e50
1.037475862620397e50
1.417931436536955e50
1.609448155707974e50
3.031358259567919e50
1.989152310330048e50
1.3372430532955161e50
2.291493291020174e50
3.374374040605408e50
1.3389147785891972e50
3.5441628953063748e50
2.7830688943112684e50
1.9491226735598006e50
1.7221641448124059e50
2.1240376403565843e50
8.791077610241863e50
9.261663573372479e49
2.9791367882763218e50
3.5273284687465163e50
2.3565361076736253e50
2.375569624464666e50
2.8045094173331114e50
2.7118752653919847e50
2.2545691913797784e50
1.2600910809349622e50
3.8374959658125675e50
2.483910385487846e50
6.483707305341817e50
3.6887123354713513e50
6.009432876425286e50
1.7896342883002892e50
1.7643116177777291e50
1.7798413672833398e50
1.866600589490177e50
2.4660221329241927e50
1.1945897782052388e50
2.2337938213267187e50
1.7205177298736392e50
2.8818528210518204e50
2.647395829236799e50
1.0513122409228726e51
4.291097996404659e50
2.3651559282221117e50
2.691237983601615e50
2.415937473017935e50
3.62620480092282e50
9.097158604058539e50
4.9872923606390655e50
3.661944338323538e50
2.1458609370327186e50
1.6250991396776622e50
3.5547033282401804e50
2.4070443748438445e50
1.167984049943978e50
1.244174713394995e50
2.9348741099924106e50
1.6324389160823735e50
5.2858423371167355e50
1.929218694822089e50
5.276900634162057e50
2.9577985893322952e50
2.03686567160975e50
2.8126112932191814e50
2.195288345007202e50
2.1342397813415453e50
4.966284884862089e50
1.802915577288729e50
2.2932137615814303e50
5.80303347689533e50
3.526933260939918e50
2.5756182134163108e50
3.9869880552373085e50
2.363833318660581e50
2.4221999566137277e50
2.0587928426158816e50
9.91992708642583e49
1.5770554354830396e50
2.71338509382181e50
1.8581589308049808e50
2.0286820755820323e50
1.1837850930966866e50
3.581484073535903e50
3.2100023453114463e50
1.3621353600229174e50
3.742034139648604e50
8.349885950169612e50
4.109382836202697e50
4.155989208397932e50
1.595154786158703e50
1.9381830381269148e50
2.9645224131707737e50
1.1968820239243333e50
2.7625593455016856e50
3.786587650816064e50
4.5413654976446805e50
3.500816652737801e50
5.28043431844579e50
1.2935378701627376e50
1.977320933950342e50
2.3747040084343184e50
4.2739774714265014e50
4.192785812929549e50
2.391420839347399e50
2.6065500483217236e50
1.654503764905318e50
5.917846109334333e50
2.4765778100863687e50
4.006414315205134e50
3.0955780324864047e50
2.051375280485205e50
1.9030313301523306e50
1.3268196188817133e50
1.6605934717553512e50
1.9570080260784183e50
4.861103273151306e50
5.4794024679015185e50
1.4956626482410713e50
2.723056943584184e50
2.33628664544382e50
2.0628687816442188e50
3.3634115741949355e50
5.792332275406849e50
2.4058417295928063e50
2.2468696189329347e50
2.5723667929233007e50
4.168906592896153e50
1.8738665985323955e50
3.946257176456964e50
2.1919809800242632e50
3.795253950514941e50
1.7242183073229463e50
4.478516064977163e50
2.795690386491746e50
1.1627836430884805e50
1.7125516719689751e50
1.016188552110239e50
3.2505613370406352e50
3.20933992480655e50
4.2305373385116535e50
3.7437635515136335e50
1.0484116397035321e50
5.025002008120735e49
3.755663752684239e50
6.862303005775574e50
4.125897932857069e50
2.23383172331079e50
1.390921820424883e50
2.0002618628570575e50
4.0361060030111275e50
5.421017306291817e50
3.4433522687842786e50
4.6715798673133585e50
2.8662496076909492e50
2.53140716057221e50
1.4045483473472315e50
3.3953115041735334e50
2.2819190623433173e50
2.4277359471130063e50
2.5895258553797192e50
1.2186511152293705e50
3.8114916297405706e50
4.6859724960580324e50
2.965678862288448e50
2.479817542706674e50
1.387831150837566e50
4.50995308748259e50
2.8689899013978657e50
2.8662534440283786e50
2.2955834688176898e50
5.130806336792321e50
4.0450239671150735e50
4.444190638359323e50
3.0350929940099636e50
2.1186194241391444e50
4.080312823161994e50
9.354564687158056e49
3.0083590522006898e50
1.2368544453621497e50
5.3422304098562875e50
2.073266907614581e50
4.4841541809290294e50
3.4335285141092947e50
4.2214989083775044e50
1.2055440343798223e50
4.2312610171395335e50
1.867250345699343e50
2.1374619360776266e50
1.2605614385236184e50
4.071856280905627e50
3.743067280374119e50
1.5443560259737688e50
2.654252530516469e50
5.788917557488142e50
2.668684074658675e50
6.1078517530175334e50
3.1768033429464862e50
1.6775063588849951e50
1.6190243414237535e50
2.6484435028002674e50
2.4835624198175547e50
1.875035896618363e50
3.698948906843822e50
1.651678001226432e50
2.5505579413159583e50
2.9839060641266074e50
1.5504587913610704e50
6.283673436671516e50
3.478227160427928e50
3.1597778015502254e50
4.521308207704143e50
5.534295624586696e50
3.4964093194185324e50
1.378315937660484e50
4.370748307294779e50
2.194343389480261e50
2.785255158833807e50
3.158742198716742e50
1.7869463905348174e50
3.720222661261892e50
2.7557233596565007e50
4.213635853022846e50
6.57597576345113e50
6.244907724917353e50
4.859993449665394e50
1.457616806347468e50
3.297325726479085e50
3.5144528749136455e50
2.6720864188686375e50
2.0687339159895112e50
2.0879022166483355e50
3.048090586796064e50
2.0573134996092224e50
6.187923178952725e49
2.3697527595031423e50
6.765262930288884e49
1.6101200201174619e50
2.7854795081421055e50
3.347077493810663e50
3.3751516345646053e50
2.272314610975732e50
9.178453066827503e49
5.3974826006377995e50
1.8542768608638838e50
1.1762214577076328e50
2.9403850188787303e50
4.175721453244601e50
3.3405866169759397e50
4.454222419226661e50
2.1210921761968535e50
3.854339532808577e50
2.0443263936249093e50
1.3579241616221043e50
4.421592780337067e50
4.759766879322053e50
4.223102521374979e50
3.865508860941003e50
3.4062713223283457e50
1.684479284418705e50
1.0836436334305256e50
4.10077048405955e50
2.0505830406575727e50
3.531580146382752e50
1.1299974251122944e50
2.8282410730369356e50
2.919807092237953e50
1.3059138105814055e50
1.5429446248405094e50
3.154003715640391e50
4.359590811656339e50
3.3781069475030092e50
1.5104723713330643e50
3.224079933332368e50
1.7656615800520124e50
2.2157773146539982e50
1.1751937929592345e51
2.3777631000789084e50
2.7738243052511113e50
1.2146173447216313e51
2.166093214469485e50
2.474828243835557e50
3.4246614033400074e50
1.2470321287213588e50
3.4399556058700197e50
2.6490270904576355e50
1.6373451462338036e50
3.183381343912179e50
2.623655032414733e50
2.0018455759221423e50
8.94748324315864e49
2.637230303476059e50
2.1756403386445137e50
4.4395246755919155e50
1.6188843306222638e50
3.6866042549525975e50
3.2149143917207594e50
2.7133489074436093e50
4.208283215608465e50
1.6497560515961165e50
3.162613905265354e50
2.206730443727854e50
6.247901138036836e49
1.6081426457661276e50
1.791254436254192e50
7.871844519044816e49
3.647009530249102e50
1.7446597988337493e50
4.499113146949587e50
2.481988378297255e50
3.774665698768234e50
2.3335119887735653e50
4.040314800123109e50
1.3312850742328442e50
5.3459754513805515e50
5.533040543290374e50
3.071759454871221e50
1.7493793644302192e50
3.295959331712369e50
4.087918779385706e50
1.9715332679350308e50
1.942141914693844e50
3.443286417112568e50
1.6094330099732422e50
2.444508736554071e50
6.162694719009244e50
5.827543131583115e50
4.222186720272082e50
2.7961495699237726e50
1.802309372339118e50
4.530601749715348e50
2.534114902863034e50
1.9733271432929406e50
3.937061966529846e50
1.9692587793914226e50
3.9192453977689845e50
1.692768292728959e50
6.5089552810885146e50
1.9297187590672188e50
3.445856151914264e50
2.3136873678325237e50
2.99656553916191e50
1.0840404280666692e50
1.2878764186911028e50
3.721304280958914e50
3.9632936428729515e50
2.600276050549449e50
2.7235142180680986e50
2.8928346234336376e50
2.51007087778811e50
2.4601286561117882e50
4.5349968778143254e50
4.024455261281483e50
1.8274493033450154e50
1.6718268652048857e50
2.0967313855046254e50
3.5545219581736546e50
3.4904372138133286e50
2.7518970538596357e50
1.7189175372628498e50
1.2809832144959938e50
4.126095289825674e50
3.4738697761609453e50
8.55462370307037e49
4.287022817071771e50
2.1170538455968964e50
5.014479182576e50
3.857659383465136e50
2.0876386176676442e50
3.3726997522642882e50
2.126548833115244e50
5.340545077266877e50
1.2725669566750542e50
2.778983146560629e50
1.4653068419383347e50
2.0840344491099952e50
4.964424723528525e50
4.344623307613896e50
1.1990975204933961e50
1.6186605595337839e50
3.419448367592634e50
4.300093598129619e50
1.9562019217067773e50
5.483944030266617e50
1.7302941389386583e50
1.6475737822399733e50
2.41468836191841e50
3.247853223964859e50
3.04613376392469e50
