2.5507339958913186e56
1.5290221706598927e56
2.34891807199776e56
3.3189092746175895e56
5.541438447557752e55
1.8974807025463586e56
1.7752784145268066e56
6.601953511350444e55
2.596432471977707e56
1.2013972789401234e56
1.6686911198805835e56
2.356118568472452e56
4.095028252135649e56
1.4422917030204799e56
2.8433465543314806e56
3.0085156942331336e56
8.793747632613691e55
8.511417247017886e55
1.7264987760196363e56
2.0362452720777215e56
5.635870147580181e55
2.6735441141150416e56
1.440631493286227e56
1.073363883222222e56
1.7078050112627176e56
4.121181530762389e55
9.41319494487405e55
9.770300371357451e55
9.350561864385777e55
1.5344270135966968e56
7.558033640562178e55
1.3343897290467232e56
2.102383013275859e56
1.4076356688030325e56
1.933668245499435e56
2.039608359523813e56
1.5411050758896974e56
4.5702206763271955e56
2.4986002954230943e56
2.210211437990002e56
1.1174731899866437e56
1.0850236202041492e56
1.2774613387265875e56
9.132319051833922e55
3.1732798429026706e56
1.8455082699416147e56
2.100627471933513e56
3.376909339770825e56
1.6749691686498252e56
2.3672732947992226e56
5.963375380479603e55
2.10772057123903e56
2.9018030128890313e56
1.7820842170400129e56
1.5385925165012076e56
1.672870230197902e56
6.503397664487755e55
9.385801154706212e55
2.530481403547332e56
1.8743932627394651e56
2.0290083088320477e56
2.3518851600716857e56
2.7713810463335692e56
1.7172941137534885e56
1.463313660197532e56
1.103494269865668e56
3.231258685399319e56
6.753881646721782e56
2.451469560169967e56
1.8485756743119725e56
1.7314870322021357e56
1.4061745983030445e56
2.619417258166736e56
7.130292658677578e55
1.6877103004792296e56
1.4435281687838258e56
3.5247951405142036e56
1.5960043614051643e56
2.4916021808863134e56
1.0373447714996768e56
1.61819290951077e56
1.994108465020352e56
1.5483726981506691e56
1.3025745611146225e56
1.5205388684986733e56
8.64323602666601e55
8.246460235265804e55
2.2776633816665818e56
3.2854476014392865e56
2.4022312294070966e56
2.8158516846455273e56
2.7818154977868753e56
5.537766408436347e55
1.174505174072662e56
2.005468991067176e56
9.470487013160084e55
1.6443121471715326e56
2.399418962687076e56
3.420983050798453e56
6.827692598018257e55
9.448561525984365e55
8.270950309002431e55
1.0398195408244203e56
2.119366316800591e56
6.005522642203837e55
1.0314568656847063e56
1.0053592661844927e56
1.5820378275202265e56
2.6712853093871602e56
2.819348686472234e56
2.0152889679435618e56
7.169808598960862e55
1.443180134690846e56
1.4245996471412302e56
2.0194941995521634e56
9.573053171523656e55
7.191699819340072e55
1.3436358047738638e56
5.668051248215541e56
2.976570450310661e56
1.07791161554365e56
1.6518642414663797e56
2.870617995885523e56
2.006299832514605e56
1.4572216860494254e56
1.6131528987084667e56
2.1103758928346303e56
7.759556432969785e55
8.633402820274655e55
1.76748371220307e56
1.6228942695973684e56
9.196120034523396e55
6.254297724459208e55
9.486082811808279e55
3.856340691612647e56
2.240847692420683e56
1.8018659033578026e56
1.7570540962830724e56
1.0853187322384125e56
8.300139498556001e55
1.6443581195603511e56
1.9044038067162468e56
1.1419396113357319e56
1.5039807616508327e56
1.0745040864479501e56
4.242825601761382e56
4.173743213681891e56
1.8771070244126962e56
1.7462559797001219e56
1.4575093684876605e56
1.4381926334523987e56
1.1050902255767759e56
5.404000395694262e55
1.9839536238313796e56
2.411861922110477e56
1.0784223623604024e56
8.414884171579212e55
1.2944680334531453e56
2.5251749367355297e56
7.078556599012171e55
1.3339803944892097e56
1.0737622567158128e56
1.6011410121910806e56
1.4276017342778188e56
3.0500702856123434e56
9.133146136014608e55
3.708901499390328e55
7.678808713438449e55
1.7446352946274055e56
1.7059595571235149e56
7.155187116010302e55
1.8905100972398594e56
1.6431881402925953e56
7.853174506129428e55
1.0495218997759218e56
1.5248866771463194e56
1.0589642914962473e56
1.8085902913905594e56
3.7549518065155096e56
1.352811730118565e56
1.7701286543016581e56
2.9610169712024656e56
1.8101778506255876e56
1.700262564360653e56
8.756380375942967e55
6.362674682227063e55
2.541971329809498e56
2.0467193455305745e56
1.1418007405043808e56
1.4947374589107673e56
2.436658323543038e56
8.401950028186894e55
2.0889252522732745e56
2.506730250304868e56
1.6655410688607132e56
1.3832753423246919e56
1.2899943148032414e56
1.209845324816241e56
9.441474632912962e55
6.377771914385706e55
8.688109969979989e55
3.143799501097578e56
3.622895627498207e56
2.616962113556609e56
1.0854849036898276e56
9.244585171105531e55
1.6342601175179151e56
2.7291166831858856e56
9.931382805860242e55
1.7820603152484065e56
4.366357534910178e55
4.087071069215083e56
1.9739205747667588e56
1.8737272888717353e56
9.862376570557807e55
2.18377408036298e56
2.7800597751838138e56
1.487254208394783e56
1.5418132086702739e56
1.8399176988515314e56
1.7272877778891586e56
1.9007005825988227e56
1.7028002494324613e56
1.2414413626510888e56
3.383664707903919e56
6.325016530042641e55
1.2940506042690863e56
1.5120917119582528e56
1.5847813807092858e56
1.1226131786492197e56
1.1614178965738592e56
7.21387092138941e55
1.4760192926125025e56
1.2044053414044245e56
1.7404482072410354e56
1.192627043611218e56
5.285624459445454e56
1.2867858314198861e56
3.7753862701026216e56
1.8987913901129747e56
7.118808716577558e55
2.0042238538929384e56
8.25918156385438e55
3.826257668816924e56
1.7937257924186093e56
8.147802396905309e55
2.6116440546808575e56
1.6032979679519117e56
1.0161144589217087e56
7.240681591270436e55
2.255509523289302e56
1.1430812739219602e56
2.134913733946541e56
1.7863679546396448e56
6.398173255196407e55
1.994753346229562e56
6.142657112600053e55
2.232624369733026e56
6.901588294029831e55
6.563732048020558e55
9.120091785744993e55
4.6654671227937093e55
1.6545279690718125e56
3.2576658636523697e56
1.8060173009103589e56
1.786301890967306e56
1.0016194654407569e56
4.263375531190002e56
5.161651553988701e56
1.5526747479601011e56
1.1295563519860741e56
1.3018449726035235e56
7.216833167372573e55
8.908019378701175e55
2.1181043256197657e56
3.0183867003268125e56
5.659936437903858e55
2.3967116101002313e56
2.3315122814543604e56
9.266987742909055e55
1.8149706688037286e56
9.843371721094608e55
1.0888292973775177e56
1.3205200359936408e56
7.843452617921269e55
1.8912601483299185e56
2.609525231101538e56
2.1408895379840378e56
1.43273708500388e56
2.6521332522914893e56
3.8168429720903625e56
2.2891099210455146e56
1.6591589066162482e56
2.046321742890169e56
8.272633026902204e55
1.3926408630616487e56
8.241990486610192e55
3.505964441417204e56
1.831341843102791e56
9.084175196983377e55
7.685829276398395e55
1.6398786154237088e56
7.559742804341164e55
1.5567588795580142e56
3.0908309740527065e56
2.8149797918972953e56
1.242286317695971e56
2.9872911703946967e56
3.3675114157903266e56
1.0086327260666914e56
3.4188939849793173e56
3.8590786168930756e56
3.721339225361479e56
1.585251578102683e56
1.4772765922471185e56
5.436326909218912e55
7.71804185200215e55
2.359074128942658e56
1.5222639310852812e56
8.784974810176643e55
1.0375619753769132e56
1.267794007488755e56
8.598565572959398e55
1.6745330491652388e56
1.35265304868557e56
1.9653307562919625e56
8.803683165213025e55
3.6236944206497e56
1.4051903521692838e56
2.7639140213438206e56
2.1907483502077573e56
9.051868680664595e55
2.0102908702768663e56
4.933437998997155e55
1.3161078891066058e56
4.450185105645238e56
5.3968664747281035e56
1.2435245905977312e56
6.642709010934214e55
3.48157125287818e56
1.1692525675221369e56
1.2743989635052967e56
1.329960781001994e56
9.154499838743131e55
1.1230690266311726e56
1.3134518400786976e56
1.269150481345e56
9.882847841183332e55
1.2469491700871649e56
4.35647252146919e56
2.2709881725864068e56
1.267792729710823e56
7.354588570789957e55
2.945658999353728e56
2.511397777881377e56
2.8410183250942075e56
6.737204942427437e55
4.878562390965371e56
1.6309068626408526e56
1.2836606175479188e56
1.1557474065250065e56
1.8274467228257875e56
9.431098742156307e55
1.9826090274419015e56
8.96037983765214e56
1.1152238594312712e56
1.715676147167972e56
1.8244596271984662e56
2.3825971671945056e56
2.8899771297478445e56
1.196424327551093e56
1.7896841710922634e56
2.422026442393879e56
1.693279091124677e56
1.0401500144305579e56
2.1852247028817234e56
1.1968179403978011e56
1.5081519177149399e56
4.717924584375919e55
1.3390522573705626e56
8.970575068421478e55
1.2217834951336057e56
8.749110885486299e55
8.609317139554557e55
5.669616256925659e55
1.0740789522788851e56
1.327043748495727e56
1.5799497164149602e56
9.536502032182069e55
1.4707279385719399e56
9.250177055319019e55
7.020844526263671e55
1.4742111710875872e56
4.971033089298027e56
1.8552687503919339e56
1.9215566309589717e56
1.93849511394834e56
1.767663183654592e56
7.761093919598705e55
1.317238007997782e56
3.4907009464640227e56
2.9104169190220477e56
3.6267463200647183e56
1.5931647640878304e56
9.095801982445997e55
2.346306611574224e56
2.53478182965265e56
1.5912543838204551e56
1.4476586301449108e56
5.955194853867015e55
2.1746972418521107e56
3.6558543212526257e56
1.5885371230721748e56
7.615231043074073e55
5.197263864775029e56
2.55466614832635e56
5.655732148100714e56
1.7098518179798791e56
1.4515132015171344e56
1.217175149113875e56
1.0444540654436232e56
2.4457275110115037e56
1.8006234770634683e56
2.943285284915866e56
1.700498703849343e56
3.915655353381532e56
1.89660617807524e56
1.6053262007848e56
1.6004795945250016e56
6.803411505532039e55
9.273535755502903e55
3.493378167702066e55
8.610719262155895e55
2.81747116950354e56
1.9633872044671777e56
1.2392497337434135e56
6.790449310694493e55
8.592953008169292e55
1.1929065553757062e56
9.028963679133776e55
8.637871095929435e55
2.6799345503797217e56
1.937003251714557e56
1.205751700288157e56
3.3618039419252556e56
1.6080263242771507e56
1.5679974925173357e56
1.6926096986430744e56
1.1035878541259022e56
2.779430927766281e56
1.2494485429051792e56
7.567967892454756e55
1.7364106425383812e56
1.2026709495423406e56
3.677937903372128e56
1.5190204226918644e56
1.3030104207522347e56
2.7819478925364676e56
1.376274243186357e56
3.7478016253521566e56
7.197226994495727e55
1.345338534876515e56
2.1318796443510143e56
1.6843872398129616e56
8.906249532364848e55
2.0459988318185043e56
1.4658439169629489e56
5.788811276046025e55
1.304491501318723e56
2.2209892481348456e56
4.494078717100673e56
1.5901498982768137e56
9.631190382673532e55
6.155756605319921e56
2.58143276084246e56
7.217486371873093e55
6.995620133213976e56
2.562250060495144e56
6.81453796214504e56
9.846504474760799e55
2.4822337097264274e56
1.9508518029675055e56
3.7518669976599687e56
2.6247828843571615e56
2.50721409895291e56
5.274089926464657e55
3.4608616961598917e56
1.5968645788587636e56
6.638917771351518e55
1.4267982294681322e56
2.7725314442472575e56
1.0916226551093627e56
4.6245256348488137e55
6.804425859689352e55
1.7902083333140114e56
1.408755443778855e56
1.849253359030917e56
1.2832391643016412e56
1.7380716340178516e56
3.6864753581080146e55
1.9612668368628624e56
1.376522183588063e56
1.8188462143038265e56
8.267753848126767e55
2.6235933555116356e56
7.947298476427029e55
1.1415603766286488e56
1.2081802796521013e56
1.207894592494654e56
9.338490151371014e55
1.538443241906328e56
1.2928797862839357e56
2.0733402220743494e56
3.745985683518856e56
1.0149410488004962e56
1.0625831278895952e56
7.668658022582725e55
1.3897577790528595e56
1.459492401486229e56
1.2077894749687101e56
1.0825984253843275e56
2.6662927545372623e56
1.8883961727234343e56
1.687393464826868e56
3.9081758436951643e56
4.171024385489625e56
1.3671120945047782e56
5.046859039789853e56
3.4339094917608446e55
8.028120235545625e55
7.036357135185611e55
9.778445498008916e55
1.752430625488665e56
5.5354368340597795e56
1.2903093746803125e56
1.3650932527184711e56
7.847046821893448e55
3.987362512329866e56
1.3125834225849466e56
1.2208319494692166e56
1.4588689032528147e56
1.6126757912899596e56
1.8622588482531429e56
1.1768563631244592e56
9.98443739245258e55
1.297333044850629e56
7.251229448149036e55
6.850785368895817e55
1.4156527891381047e56
1.1700901098285753e56
1.5240977819959087e56
6.943008798657707e55
1.4828897832979689e56
6.249937648575382e55
2.495155467530512e56
1.0756545041536754e56
1.314852152805236e56
3.042142975713375e56
2.0314028889684633e56
2.893868994191404e56
1.287394104918304e56
2.800074090026346e56
1.0926538770812193e56
8.301849394823745e55
2.48496445696772e56
1.111932998355997e56
1.1454687579553244e56
1.0656184757844085e56
2.7143492635167534e56
9.066598553471918e55
2.8717597298988295e56
1.9409155538975121e56
1.154178718851999e56
1.3500513995613855e56
7.840628495599448e55
2.9247691302790967e56
4.3354651151863405e55
9.337422387161739e55
9.996569472915352e55
1.4385204689015682e56
8.662364735692163e55
1.667645258350408e56
8.724823984844401e55
1.4296280035571673e56
1.2129331272973338e56
1.9340023774053945e56
1.3395214492272792e56
1.0664411131635915e56
1.2941466647259271e56
1.6878180953511478e56
1.0181936551116162e56
7.692921175054677e55
8.057135655195933e55
7.159141919583576e55
1.1722654641580401e56
1.3112390093188756e56
1.7777009173805531e56
7.548668086720222e55
1.9074797869998298e56
1.2826666232044614e56
3.0687723488749794e56
8.641837230972407e55
1.1800288131256334e56
2.383080614231661e56
6.482528037815186e55
1.6491426685503977e56
5.844807415909932e55
1.0364777741696864e56
8.761080519757935e55
5.713478893364051e56
8.374750287357689e55
1.48601655946368e56
5.031236893703731e55
3.2683181977946746e56
1.1366559934348575e56
1.2349537835500697e56
9.649984090203591e55
6.487090766551147e55
1.9481950506620443e56
2.104648272391769e56
1.6000727349020439e56
1.8285289742863621e56
2.237841337181778e56
1.1816364602733386e56
3.0745256018500055e56
4.436431853419454e55
2.712476954914079e56
1.460325631608434e56
9.580535081229529e55
7.774216405531662e55
1.7567569044765722e56
7.007496027534579e55
1.9680169608676886e56
1.8085001839776357e56
2.302610449117232e56
1.114230626629403e56
1.5499467799883373e56
2.1578673217288157e56
1.7029069228477485e56
1.3794354582864702e56
2.7549428391675197e56
2.15532274798217e56
8.686822626015986e55
9.368133681913943e55
3.476742192299765e56
1.174777743912563e56
3.5170426852111197e56
1.6073115013528e56
2.0409310329224255e56
1.0517524374888045e56
1.9505538990538966e56
8.033882279699841e55
2.789212361517941e56
1.2114247550765527e56
1.0882515169121886e56
1.3249532158289783e56
1.0074233616686095e56
1.482760590015849e56
3.548618352191842e56
1.1893568924793631e56
3.326110677490586e56
7.657546165042203e55
2.4791801120543047e56
5.303890520966935e55
1.1800832947485542e56
9.677087210832864e55
2.031866196405847e56
1.1551695047715246e56
1.7609106730814271e56
1.1634579276317091e56
8.09483777697411e55
1.5144681374706822e56
7.043081336425132e55
1.2830788723337884e56
4.941119017684974e55
1.1996585402097953e56
7.989989391342978e55
2.1078597555537907e56
1.049698285659224e56
1.6955492316157999e56
1.9089266794007596e56
3.1002053891036023e56
2.3554193574964604e56
1.3696890578638224e56
2.993512498705387e56
5.1582778025360286e56
9.934088518772276e55
1.2574148314123869e56
1.310362079557952e56
8.877143599699894e55
2.882823833190773e56
1.969513872779296e56
2.972528324727854e56
2.686678843245448e56
2.159665489247636e56
2.910103908199717e56
1.9442283741215918e56
2.001472766714239e56
1.4879069932665946e56
1.6308971433975767e56
1.3951589259678958e56
1.2918821940189727e56
1.335667004503956e56
8.500905333551583e55
1.100120519581408e56
2.728463697767848e56
1.0891030259503458e56
1.9140054206294037e56
1.2359681265810361e56
7.963126160643528e55
2.1984196450063184e56
4.427905382068694e56
1.9060959344272118e56
2.0793308280333984e56
3.749761218076119e56
2.8190460393391573e56
1.365527535456177e56
8.630248210436407e55
1.003505260379117e56
6.361547389138651e55
2.0878250783972444e56
2.6906792701693446e56
1.8344539775788677e56
1.6220139004748504e56
1.1624617514042385e56
1.998279037685117e56
1.1151596498352663e56
1.061375850615483e56
7.752011932280334e55
2.263223461709943e56
2.198143968995167e56
1.4157028365054592e56
2.4303381907768483e56
7.26903238959305e55
6.521710928314496e55
1.4189135652805393e56
2.0663082225888436e56
1.7717460771017156e56
7.699716495911333e55
1.656580460285041e56
1.8079852936166736e56
8.713197647483253e55
2.537798502808813e56
1.1715386475098055e56
7.707070126338533e55
1.1695889498175562e56
2.193850967563979e56
1.958151058024013e56
1.6276736285022803e56
1.89849662148339e56
9.758171507368535e55
2.001499561503925e56
6.486533191357102e55
1.2590574184941138e56
9.28728109431135e55
1.1019173032023673e56
1.82884451765344e56
1.0992138751946242e56
3.03285178744733e56
2.0248584981218965e56
1.368207190533887e56
1.5081500251554304e56
1.362843234780632e56
1.3517234174298576e56
1.420902557953742e56
7.995167870597565e55
2.541862323491174e56
1.9246019899846722e56
3.4523840419496777e56
1.0078358480458098e56
1.138425524144692e56
3.92565600677401e56
7.598330714034025e55
2.6998154824233967e56
1.131198218744224e56
8.485573424311057e55
6.926682183403305e55
1.0122824746721756e56
2.0403248038803764e56
3.1544268709289693e56
1.502125044200291e56
1.7018705471592293e56
6.160426863295897e56
1.0835423853731865e56
1.183435614230707e56
1.152088340521159e56
2.09468472561355e56
1.8057068749813351e56
2.4897246924738097e56
4.810118187941541e56
1.8966667606798691e56
3.270388297447636e56
5.093669807401938e56
2.221628131460508e56
9.93081543403633e55
1.2182521111504932e56
1.1939470892228939e56
1.0120268469659624e56
2.875849500348261e56
9.689187954292558e55
1.3264154352520626e56
7.783925093596246e55
6.14903636777194e55
2.835683604960874e56
1.3612998163671086e56
8.062251585087419e55
1.826879301534959e56
1.1054056271882309e56
1.1837196311752447e56
1.5011626271728267e56
3.3677093417691347e56
1.656494773470941e56
1.2904758057209683e56
3.378415223890366e56
1.4839719905812333e56
2.148405390890105e56
2.484332339103214e56
2.5922966585749696e56
1.4260553435289874e56
5.035769772372293e55
1.8638897992251847e56
6.808280435200401e55
1.875292422718078e56
2.4225087671499502e56
8.484158390201221e55
1.753281311842103e56
1.0217459109361662e56
8.763720298394917e55
2.186993952003438e56
2.552252695629819e56
2.9994180284450865e56
3.089480242687994e56
1.3588137988759828e56
2.6011605568291325e56
5.802475155417078e55
2.0604334360759437e56
2.3079855709736745e56
1.7500395109619095e56
1.1389357140915498e56
7.183320684398575e55
1.198877593278362e56
1.0937836576536721e56
6.367342230465916e55
1.3305583426253682e56
1.9881540282756234e56
1.0131382119129904e56
6.710181547098935e55
2.157615269966354e56
1.7511579040551349e56
6.938460094427622e55
1.371626783818329e56
2.2981717757693763e56
1.2464463792915121e56
6.534371939452445e55
2.694656322641738e56
7.040494769006051e55
1.4188365818575132e56
9.177541344198221e55
6.8606517282452e55
1.6535742745189184e56
4.1869351554558887e55
8.708256577877699e55
8.02777418897978e55
1.7363760672852802e56
5.84790503641623e56
3.3410597240569778e56
1.9060626962036436e56
2.4996943729725397e56
1.9655684475608523e56
8.718707535280775e55
2.6777176959675934e56
2.390012653959718e56
5.624184697076639e56
7.535513445203157e55
7.356663593947829e55
2.5942968693851394e56
1.98296815816905e56
1.3617549516804472e56
7.435673238004891e55
7.493583793346671e55
9.06087455574371e55
1.1765388986418963e56
1.284420984163718e56
3.8861998792009836e56
2.3191644548046555e56
3.3872219675758164e56
2.2574400701246937e56
9.092153765267456e55
9.902064357719994e55
1.0502363839403485e56
1.544324464125079e56
7.154402818903822e55
9.826320967956571e55
1.4997457945428735e56
4.916698512619729e55
9.905955979727612e55
2.3620664903830573e56
1.4259004353990862e56
9.607256045763562e55
1.6950000607693736e56
1.5883031812510027e56
2.046630644261653e56
1.011935587308562e56
2.633908538217569e56
1.4496134098355625e56
1.4937955858549002e56
1.5234053374020432e56
2.2714381452574523e56
1.4809997159929703e56
1.478891129539983e56
3.331835002658018e56
7.511435207424888e55
9.130286818890115e55
1.0235403940939818e56
1.6332250143079465e56
2.580668855119524e56
1.3937465768966073e56
1.3079198845261561e56
1.3037520362764528e56
1.8225984900623896e56
9.773016527965216e55
1.1673245420143736e56
1.8156538937654976e56
1.029788076026383e56
1.011971482114264e56
1.98531749237548e56
5.808415865962019e55
1.1879709172000593e56
6.93807408871425e55
1.4893726028654273e56
1.43346672261951e56
1.2647962740250853e56
1.120840962909689e56
9.43795952933316e55
1.0965071974897565e56
1.3197874690274547e56
2.3543504031947635e56
7.985463001060086e55
2.0949225650473086e56
1.622808487804848e56
1.9588740334423252e56
1.7916794147404036e56
4.1819632043161967e55
1.507908316286263e56
2.6815238504604607e56
1.7919047551155487e56
1.6264707809143241e56
2.011322980682595e56
2.705230899571014e56
2.0722346281159335e56
1.6438010571533865e56
1.6350097785420535e56
6.896697453627332e55
8.431024853189042e55
1.1138031475899677e56
5.791448261701729e55
3.2808150074581957e56
3.226274620156076e56
1.0799086902703593e56
7.67612428731867e55
1.083879273590089e56
2.410552939278195e56
1.4916546604001633e56
1.732475781698302e56
1.4727225314356273e56
1.8065923548608754e56
8.051630082871233e55
6.004406657924119e55
9.338459207155777e55
5.27140915240354e55
1.9486005945804706e56
3.0806484587356146e56
1.3116295928495131e56
6.577230339668011e55
1.6110319807370702e56
1.8186095701947838e56
2.545476109759206e56
3.2729773727137274e56
1.7349682187517192e56
1.190971147080172e56
9.975090009538347e55
1.063617945767575e56
7.556951870938713e55
1.932862145749419e56
7.029579555049033e56
1.9344452878177593e56
1.8025174398049016e56
1.2016108893931745e56
8.288539268670684e55
1.879533671215952e56
1.8169406936030754e56
2.2476981537397876e56
2.4076166008778555e56
1.9070629840396869e56
6.903604924082979e55
4.740252054116037e56
2.2119438918356378e56
2.5431978096972336e56
1.3176929683451546e56
1.1316029939934516e56
