9.831564378554064e15
6.123666292893528e15
4.336200355405542e15
7.412501645822752e15
7.08947138490054e15
4.97018456801928e15
4.670768222421412e15
6.117674505929104e15
4.771757783152807e15
5.157521495064724e15
6.2626949537614e15
6.226064976560032e15
7.235661254572377e15
5.889877528305354e15
5.65581852573642e15
1.0427318135130684e16
6.019906980717723e15
1.0706090578207936e16
5.231228105746588e15
6.99679950311616e15
2.629999713865656e15
8.558550390232602e15
4.486147471284136e15
7.105680325490328e15
7.082147586107864e15
8.927570646111392e15
6.26210843598358e15
8.557608909477128e15
9.937016989907652e15
6.356499769843872e15
4.546617646335672e15
6.268133272270008e15
8.156594329777728e15
6.266324125077472e15
6.6020030862907e15
6.13378854313062e15
6.586374992071298e15
6.441500596139408e15
5.5447635266613e15
3.466572557181108e15
5.090822473641512e15
1.2903639600988656e16
4.49368605790398e15
2.71679341658984e15
7.243679093181488e15
6.067915433151768e15
4.220721296658765e15
7.37556185951848e15
6.41584973042632e15
6.62371303769968e15
7.0917575082138e15
3.811650319001248e15
5.096959542612e15
7.074485228818464e15
4.171504021144728e15
1.1915023845035752e16
8.30287798854692e15
6.669681688635451e15
1.0775654527075324e16
9.234544535507342e15
6.755789562546784e15
7.881105218837664e15
5.656274155824214e15
1.0964005087379328e16
6.089618825670342e15
7.457306804006928e15
5.351615880476104e15
6.063359747886504e15
6.246814538859424e15
9.713296461816544e15
6.455615997109252e15
6.399999093048912e15
5.850731440691832e15
5.465762090664456e15
6.4293813567219e15
7.382628961262022e15
8.403552545789952e15
4.51071286709838e15
7.108093967672188e15
1.0170696349427648e16
7.57427655989738e15
1.0582307598449408e16
4.6670090072237e15
7.258287825766909e15
1.266913563977952e16
5.63503408712916e15
4.658975442097472e15
9.97999376358498e15
4.830510505202598e15
5.411592252634352e15
8.099261677150776e15
6.126049343380096e15
4.312582567549008e15
5.255622028226964e15
4.133507201792028e15
9.434096000115276e15
6.440082287496864e15
6.527355898583988e15
4.833641663456054e15
5.20087642148322e15
4.997994268224597e15
5.979963222282028e15
4.695264765741248e15
7.14533297054838e15
4.910186845913344e15
8.075332375494912e15
4.41297926048736e15
6.039111354346232e15
1.129721735222968e16
5.591883669940908e15
4.22357291095164e15
6.840168785526366e15
4.670640240569112e15
8.056647179473288e15
3.979593871938744e15
6.250229965081576e15
5.975517167488508e15
5.813711045067324e15
5.16415615285698e15
1.0464151025867262e16
6.788054441293316e15
5.900715754349136e15
1.0366771141109504e16
6.274624129539776e15
4.794456264790187e15
7.547895359946536e15
6.1399839734417e15
7.393832327929e15
6.903234935269864e15
7.345420993137672e15
7.530432816779566e15
7.347162670717934e15
5.925401247546276e15
6.011216028824696e15
6.03111164118016e15
6.649442082928536e15
6.75533292737268e15
5.507931515586924e15
5.500708533255408e15
5.497615324889504e15
4.43840700657692e15
4.140630232506672e15
9.329405909405028e15
4.520113166091552e15
6.655824693979472e15
6.205820504199175e15
1.3053474500483732e16
4.12795432397025e15
5.028478674114323e15
9.885388996680576e15
5.386933096412228e15
5.0041787524596e15
5.046798479706408e15
5.362015464715472e15
9.025701892571856e15
6.860154577409392e15
8.13194599923012e15
8.41479161970952e15
7.183909229002798e15
5.969035334744556e15
4.396928829140504e15
6.669085244068527e15
5.560821626890944e15
6.15677898733056e15
4.069328035713156e15
6.902431389827964e15
9.883518887134692e15
5.906384059445832e15
4.255959104655118e15
5.737479448392648e15
5.763820472370504e15
4.296162549775056e15
5.18988120284752e15
3.99993409926777e15
5.100888094219418e15
6.382613637348696e15
5.739893585066874e15
4.161445456490396e15
4.6303438645173e15
5.066062672776848e15
4.829670158159927e15
5.107426165492116e15
6.077140199180472e15
7.707519978248064e15
7.13775930988224e15
8.331750419785568e15
9.296526361512e15
4.51034428925592e15
1.1489229311025648e16
4.207956449956272e15
6.473302349582776e15
6.405889471981974e15
5.718653296430128e15
3.985158576177064e15
7.316584950178272e15
7.127519715213288e15
1.015443234055504e16
5.35729288581824e15
4.696790476126432e15
4.461301805911158e15
5.216198298036713e15
7.352624229090136e15
5.366531719113392e15
6.016209420031716e15
5.513234154638304e15
5.299983012746858e15
7.493485551052368e15
5.560617715399883e15
3.514140339962598e15
6.19606276717496e15
5.511845596051524e15
5.121018225617334e15
3.65746425703128e15
4.808028517771228e15
6.593886594955308e15
7.211844901328166e15
1.2436913165202064e16
7.686148998553128e15
7.05334699230072e15
7.143146797486384e15
8.704104793069338e15
8.814035784604528e15
6.922307045083404e15
6.587595140999898e15
1.2500288228066912e16
4.838341548813812e15
5.583567791506504e15
7.810148569966304e15
4.401560835530643e15
4.962952605131844e15
5.247043634601072e15
4.261939416476592e15
5.586690159675912e15
4.816919538193796e15
4.304578139952056e15
6.109217744278792e15
5.738863296529152e15
6.709832966697024e15
5.758256532127824e15
5.915703802414077e15
4.10225740967802e15
5.706585737558802e15
5.68776318708379e15
8.91199710153054e15
7.007704621211129e15
9.38519168321392e15
8.602830315200976e15
1.256260304857776e16
5.585154380986391e15
4.618394298289471e15
5.990053781426088e15
5.709350784593024e15
5.845497671115484e15
6.36687715299373e15
5.684604221025996e15
7.34838361698048e15
9.016777827594936e15
6.432441510543808e15
1.1087247688094832e16
6.33482777780624e15
6.68838397198332e15
6.638986655431152e15
6.599182478885204e15
8.563021118300616e15
9.209880520574158e15
8.848881197050176e15
4.054663756099944e15
5.463232730800448e15
5.458506538561936e15
5.324256948488044e15
3.973082226762164e15
5.928749031154452e15
3.45377523336398e15
3.328936867906958e15
6.210624847054722e15
5.811005904094253e15
8.873278282270584e15
7.772895342826328e15
5.813165885863656e15
6.963284015925974e15
4.965568009817472e15
7.114755465782476e15
4.749263636009824e15
8.549067913664432e15
6.124513161450984e15
7.784503705448736e15
7.23958783961796e15
9.657786238800732e15
4.75685393414812e15
7.04373961190172e15
6.699393504568648e15
4.779834391803702e15
7.748114563651758e15
5.733826486225178e15
5.37548492012391e15
5.643517843635096e15
6.909323709330736e15
6.812783875688688e15
6.2874459771639e15
5.952571519191822e15
5.52494364863785e15
7.233391270928456e15
5.541100110868352e15
6.527996616364339e15
5.437931513450844e15
7.230858753495582e15
3.63698140340862e15
5.057251008308864e15
6.915404379977348e15
1.1164961828016176e16
7.228960685522176e15
8.427113209634284e15
6.873976296409744e15
6.656428304746884e15
4.60379027588512e15
4.17994641310496e15
5.237916663580856e15
5.696260555073072e15
5.215203680776863e15
7.39487084692488e15
1.1280963180970188e16
7.388122827030412e15
8.608069700169472e15
1.1356882887327488e16
4.814847665305564e15
3.363734596754504e15
6.842174982013536e15
9.09664540337664e15
4.332178557045402e15
8.76369600492694e15
7.261490165560912e15
5.85054507919294e15
8.550611663145888e15
6.327946149284448e15
1.0859381534655036e16
6.707196908841428e15
4.037004028094816e15
6.729887695481808e15
1.1762796890825208e16
5.99523119967672e15
6.799544796895928e15
3.79740259375488e15
4.79271541438112e15
6.999540826974064e15
6.310415670676064e15
9.208655985999392e15
8.871544386177408e15
5.858227391542256e15
7.249166728309088e15
5.68829952124668e15
9.57991448225074e15
5.064129604394759e15
6.26056229203641e15
5.269044467900581e15
4.531674181024025e15
5.497842249579224e15
8.0707273872052e15
6.54734402619134e15
6.52953090955824e15
9.74783979900096e15
9.910234022382376e15
5.845228786088686e15
8.41432018038672e15
4.911639047359056e15
5.287740279184824e15
1.1027808184499792e16
8.54903733156104e15
6.621705823922324e15
6.17708636798538e15
5.108457243251616e15
9.106148119701822e15
8.59528944535216e15
4.168782688672959e15
5.810610316553536e15
7.827525319656864e15
6.08658468526488e15
7.031287751954192e15
4.184095182786294e15
7.533110808185568e15
7.493151438521652e15
8.211685598553492e15
5.361172205218974e15
1.0202973416673952e16
7.74742289951616e15
9.330055924973736e15
5.431291229486901e15
6.098887926975732e15
3.718175000840636e15
4.506245926840424e15
6.260858183163904e15
7.423650395743992e15
6.502623942887856e15
5.829538853626412e15
1.0404259997779076e16
5.5639480070214e15
5.683582535653551e15
5.366546326690736e15
5.444995266765948e15
7.723036618729962e15
8.284748145614314e15
7.45399235559002e15
4.535057264214552e15
8.297776241840624e15
4.389225860846418e15
6.22203145291116e15
4.638973765896529e15
4.963482252817293e15
9.79298152793724e15
6.968169611792625e15
5.82474134544627e15
4.378687787873116e15
4.931566587321024e15
7.683471695199408e15
7.041117858927176e15
5.713005141662448e15
6.68557789864362e15
5.811187651352624e15
8.32371185527778e15
9.68997818250158e15
3.957473347433992e15
5.277333873912094e15
5.278525740835712e15
6.8270034918928e15
6.490124930668236e15
6.78423232385432e15
7.797199886089008e15
8.37590222017392e15
4.834336698274188e15
5.24160004578672e15
6.212473761368138e15
5.388505516960736e15
5.82441991423072e15
3.903586863626032e15
6.33544929534877e15
7.143259126961172e15
4.333549511282484e15
6.246506901936356e15
8.229570023685058e15
7.26162369093018e15
4.641268240379307e15
6.161626102083828e15
9.056185780204872e15
3.892397364177016e15
5.416267963633266e15
6.554890069236534e15
9.80841514841696e15
5.49491119044108e15
5.469437510796392e15
6.91484138958022e15
5.438397229861026e15
5.788497301142928e15
5.875745246133008e15
6.736073527816042e15
6.6179120420584e15
4.664635415202888e15
9.486733466013384e15
6.098564396051896e15
6.035499601926324e15
5.27432949643016e15
6.810949768260284e15
8.143626136371264e15
7.025541388237011e15
5.948039125274128e15
5.293069713562818e15
5.800737544874304e15
9.474447094695072e15
8.56096394151888e15
4.788417736868928e15
6.560453614702403e15
1.017653377039996e16
4.98379155487034e15
4.507832982389088e15
7.186215327640878e15
7.078340118551092e15
5.50495253095731e15
5.115101757202618e15
4.655434798030312e15
7.200513906999228e15
6.40483926110784e15
1.1028649161939576e16
8.368107305041424e15
7.205550320775384e15
4.817822925519168e15
5.258570736903522e15
7.578403695613068e15
8.613415358426592e15
7.2699455077757e15
5.672200647852792e15
8.280851984736753e15
5.077322265829706e15
5.299525058137852e15
4.920532517245728e15
6.781002815398976e15
7.744787477401088e15
4.913105206715368e15
9.58595147880714e15
8.155545363727104e15
6.266348939806696e15
4.273451700359832e15
6.670666313558348e15
7.246554018364764e15
5.61429692343655e15
6.899494967966966e15
4.45578833524515e15
6.059120219037368e15
4.932653732971932e15
9.91183162418208e15
8.3933219243192e15
8.714165116024646e15
5.401104387896996e15
5.397323823457496e15
7.678101903410268e15
7.019823338029024e15
5.211809450949592e15
7.189448079704204e15
7.653005514261808e15
4.939024614553648e15
4.524846971536809e15
6.369159758904834e15
4.901588932773354e15
7.184800657784846e15
6.763193376002208e15
9.097547078363364e15
5.407679565118178e15
6.439680845239994e15
6.70678713599892e15
9.62940427324308e15
6.708532006746016e15
6.131491457730204e15
6.719071768761168e15
7.697074670641251e15
6.047084324869632e15
8.580737107848856e15
7.090212466297928e15
4.88802973711578e15
5.671707670044456e15
6.662158981341159e15
5.441541005087512e15
5.389187714307548e15
6.585001436860872e15
4.220811099079684e15
7.600844272371216e15
5.767346680358742e15
4.619043176906497e15
6.4914918480781e15
5.826210708448872e15
5.36619768716538e15
5.097601743171712e15
8.90622177033096e15
4.114700778734432e15
3.863620811472702e15
6.03229324776722e15
8.893150377755936e15
8.65071671250255e15
6.00398239559865e15
1.2732683223743264e16
4.838967866328716e15
5.062154253779128e15
5.377740719279424e15
6.85632731791662e15
5.54931530233458e15
1.0449585158977296e16
7.493203492114992e15
3.969666486973072e15
5.988737918127922e15
6.324542238645168e15
9.752596045842744e15
5.857238468794138e15
6.12395000870506e15
5.571413345737848e15
4.732636956997612e15
1.053774428661918e16
4.822937298318316e15
4.284271752659012e15
1.6725639975887076e16
5.286245511731134e15
5.771675396192192e15
7.311277221783336e15
6.175016553333632e15
4.001586458100492e15
4.769692972772672e15
1.039987172573288e16
4.456290907121208e15
1.0275327583350936e16
7.062640594405862e15
4.663502030562447e15
1.1948324012378728e16
4.75339780920138e15
8.066622737432588e15
4.804161995188064e15
6.947042295592704e15
1.1609457077324416e16
1.0289651516229072e16
7.402274513981248e15
4.683096199998416e15
3.469895396983196e15
6.27138631093136e15
4.29540862293398e15
5.783756178785144e15
8.843170489522812e15
5.10509847960844e15
6.7158076212095e15
5.900838527538898e15
5.522487206201448e15
9.174409961232316e15
5.05247736366626e15
4.375602487204608e15
1.233624920643528e16
3.32772677409398e15
9.435315252989952e15
6.13573923333492e15
3.85241723565024e15
7.259690270046206e15
6.363272073885e15
5.145817909235408e15
8.622574376848512e15
6.768755208827736e15
6.495139380501268e15
8.37767943216696e15
5.42422728691062e15
6.328459655243536e15
7.230360039078912e15
6.252202627940532e15
7.541362031312358e15
6.977705582860168e15
4.014506793362203e15
8.182813836172736e15
7.5506804851464e15
6.994288108352116e15
1.762889344578138e16
4.624827174608944e15
5.717099327218464e15
6.604114632844416e15
6.36708543858159e15
7.678553607307776e15
7.411061934097192e15
3.73690236805928e15
1.0131188008107052e16
5.16517928311344e15
5.057939041652116e15
9.687187562416336e15
6.006915603945792e15
4.773737592839224e15
7.205295198428928e15
4.940317029986378e15
7.787315788239872e15
6.620914436295056e15
3.881656849901148e15
8.582984444769728e15
4.712421577924488e15
8.886595758958827e15
1.0090014982571816e16
6.291885159359416e15
4.514534145561708e15
4.30825998727664e15
5.338924550320885e15
5.697291797793522e15
4.95465265324638e15
7.145008627329856e15
7.418756305388712e15
5.621480985800408e15
5.698899826085584e15
7.24403188832224e15
4.971956427645876e15
7.672009517566164e15
5.352559761004e15
6.474130961682296e15
4.008857326980714e15
6.230298528559328e15
5.471669154426288e15
4.604980718657682e15
5.636040163019404e15
3.162463130431285e15
6.027516950554044e15
4.062363306525281e15
5.206752580670304e15
5.368671658699732e15
1.0933170317869764e16
5.71087680491552e15
9.044225676550624e15
4.522571920456824e15
6.650057520573558e15
5.030089359247816e15
4.64337572186564e15
6.828133743123672e15
7.966227302949808e15
7.519271340754752e15
7.004233442345552e15
8.689292712302088e15
5.184839062326248e15
6.330416631144048e15
5.160759714711412e15
4.143726776302896e15
7.274747576696352e15
6.524025158701528e15
6.35189078003402e15
5.704575161492832e15
3.207684591355359e15
1.1937763808936136e16
7.97388717761116e15
7.266899923340136e15
5.782413396551536e15
4.09827416918672e15
5.938693506444874e15
6.965729705580356e15
4.848308266337752e15
4.113418822398796e15
5.090498553810936e15
5.81705972342012e15
9.64905548252856e15
5.041813949571792e15
6.485312341622816e15
7.880304460298076e15
6.510412768046848e15
7.061435934084584e15
3.679462524778215e15
6.852795451746736e15
5.188748728856806e15
6.265941893118268e15
3.611490810998826e15
5.63631508762387e15
5.276243867739649e15
7.272715416390648e15
4.660173121842906e15
4.213074949091772e15
6.269420581466824e15
7.69436587119668e15
6.102135369361594e15
3.696408632517818e15
8.798012544822804e15
1.0066901810767872e16
6.806271820921112e15
5.374963350281698e15
6.3452687048748e15
6.93738406855436e15
7.5477363743439e15
1.002760423985193e16
5.334610580977287e15
6.628608695368932e15
5.487282906230448e15
7.544345270962884e15
5.759611832034846e15
8.659467432462488e15
4.485511004274648e15
3.918124166461998e15
7.742756337778272e15
8.912009754268608e15
6.622361532219784e15
5.729434641718562e15
7.11732380632948e15
7.568583244350768e15
1.008376220940064e16
6.59077130712894e15
3.612473995078324e15
9.021220902955536e15
5.177616009501192e15
5.648507602191174e15
6.02278791404472e15
5.591899606314776e15
4.268365345391304e15
9.029068329962688e15
6.995712235936512e15
6.856855548917232e15
4.913953536392592e15
5.207431020399776e15
5.779599500392736e15
6.014782355422212e15
4.951078394440432e15
5.668671574570616e15
7.39663499383792e15
8.775703264258144e15
1.0081239416293776e16
4.500195515223864e15
5.002969845897988e15
4.9194618778545e15
6.449052710586152e15
6.943757158707312e15
6.432142843750572e15
7.19515915955971e15
7.82150422134924e15
4.411797547520928e15
6.257215308737192e15
5.925935736502316e15
7.743468246375696e15
4.812978773409566e15
5.736778660337008e15
5.041852416202328e15
5.426098052484746e15
5.3353070224796e15
6.61463170770361e15
4.844257480981304e15
7.672690792425344e15
5.421849716611748e15
5.79998167388059e15
3.834877671810402e15
4.741589896339408e15
3.061104252105454e15
2.621515981784704e15
5.378746373015136e15
5.329753564933704e15
6.53432891242781e15
6.292117723164528e15
6.742409890708204e15
7.95030910014072e15
6.835018441455136e15
7.708344302081624e15
6.371492576830078e15
4.654861160049504e15
8.5932861317176e15
3.456899086325414e15
6.329897293354608e15
5.353998679871736e15
7.741804018454056e15
5.35455706012767e15
5.911398494975736e15
1.2949709171313816e16
6.076932414027496e15
7.664858107918656e15
6.700949424046592e15
9.437583358388416e15
5.99128845406068e15
5.213177891410824e15
4.618641981155621e15
7.561013517228736e15
6.149907032960412e15
1.2869654368136028e16
6.579948157598464e15
5.45637797365303e15
5.190822874670084e15
7.774536441603584e15
5.434184568287808e15
4.910970584169512e15
5.997354361533132e15
9.30112292184696e15
7.3593382422035e15
6.976811146834e15
6.73267040252348e15
7.708291545430992e15
6.10036501763048e15
3.367647069192352e15
6.931372487190246e15
4.760443597463076e15
7.56889925711472e15
5.530687590978648e15
7.49605957351064e15
5.54063634993496e15
5.592301575465799e15
8.56216450788621e15
3.905684037332164e15
6.395473505773328e15
4.445351279696962e15
5.99267215646352e15
6.502935738438512e15
8.037631406927664e15
3.47878389230444e15
5.7092578092633e15
3.748211844641352e15
5.443407803016902e15
6.141195069563632e15
5.813973571863192e15
7.20474248460516e15
7.262730632311952e15
5.49349442692924e15
7.000499236537632e15
6.885344470483776e15
7.7902232648304e15
1.044770563679712e16
8.562435338122752e15
4.902234190397732e15
5.728646965376768e15
7.56876026837875e15
5.023154638024228e15
5.620421559489558e15
6.230315203591656e15
6.620560164267148e15
7.64401066296304e15
8.878192811138208e15
5.846868962581152e15
6.05152347066214e15
4.818905484690114e15
5.907182708637708e15
6.600874932516276e15
9.21706891984652e15
5.641135308967296e15
6.799171698693276e15
9.24917479181968e15
4.890048157316234e15
1.4955264960675328e16
5.226097964946156e15
6.737001440211876e15
8.78560799771988e15
7.712688487504688e15
4.78781734272323e15
5.214332623975584e15
4.543171774544098e15
4.101241704673344e15
4.413570661994582e15
8.00238031853164e15
8.648019463640832e15
3.979474734048688e15
4.395525839481998e15
4.70191675139298e15
4.27964141258411e15
6.639217224431475e15
6.710158377369764e15
7.688495146082964e15
7.06798973439568e15
5.88384317239858e15
5.684211007008018e15
6.775048853994048e15
6.0375773902613e15
4.261190366218464e15
7.630037773317442e15
4.370062048123716e15
9.015959411333152e15
4.473148487748888e15
6.316492461983792e15
7.37538956738306e15
6.66699834709719e15
1.2225128269977584e16
5.066084813957054e15
6.078390813743038e15
9.002296652840208e15
5.140820629640536e15
5.3680426467386e15
7.619188346449092e15
6.41907567837558e15
7.8093885049708e15
6.315428137174544e15
5.026566968907084e15
4.81056470572416e15
1.3921769485616688e16
1.0537165805400468e16
8.099088677446872e15
1.4221811783400192e16
5.425671458365704e15
5.96716751445906e15
5.26557959579536e15
7.938014400037884e15
4.75451140642963e15
5.54426996661335e15
7.138121596148684e15
6.387659555688752e15
3.852421849526264e15
3.661297067561846e15
7.584280079123148e15
6.187428593894308e15
5.416179811533564e15
4.322505062030708e15
8.809781767740135e15
7.390658190207324e15
3.789101806350028e15
1.010608921756713e16
6.406701389190144e15
5.177307248798384e15
6.27104393831676e15
1.5920096119461684e16
5.29591261674135e15
5.749262525044086e15
6.63026900563506e15
5.515552535259048e15
8.197182871168896e15
4.506537197316648e15
9.836416653776248e15
4.275952999264578e15
7.20736043733657e15
4.547236828448054e15
6.741854783644112e15
4.196604094969428e15
6.333369966302532e15
7.669265555426224e15
6.583487352775544e15
6.895088914346496e15
5.667695090588223e15
7.82557783964236e15
5.712911948803348e15
6.363784295297656e15
4.824751568717748e15
5.118101737012152e15
6.383004510709412e15
6.61071254142294e15
6.56409625647296e15
8.353380178321906e15
5.935088716262058e15
7.006229188647426e15
7.321948418564224e15
5.638755405995988e15
5.061537102387038e15
3.995418966271354e15
5.858740786266078e15
1.1220744435534816e16
1.0192795713043074e16
1.2124678997172672e16
1.5151813588484766e16
5.175545049597932e15
8.033610254570928e15
5.663885939147008e15
8.32756694491968e15
4.76222130198314e15
9.355861533862504e15
