3.4559007375360345e75
8.548108638317106e74
5.171016219219595e74
1.8237810599570357e75
5.16280749049988e75
1.3363630275949232e75
4.1653921207346864e75
4.867790106065856e74
1.7011411212688662e75
1.501004884182982e75
8.271422803090414e74
6.550033818418697e74
3.0220665060547934e75
5.96697916442999e74
9.553897794921162e74
9.593347482105981e74
1.7663530948252684e75
9.740914714485987e74
1.062526931236053e75
8.194836832554714e74
9.420415099083124e74
8.979084545929725e74
1.776570545864691e75
1.0266644260435754e75
5.127191364671605e74
4.918714653864009e74
5.406148249112882e74
5.755901832186819e74
1.3157120752565138e75
1.1106679397462373e75
6.925735622865479e74
5.161723310392933e74
1.9738045808674494e75
2.1050331944434395e75
1.313689744655847e75
3.788514688711953e74
1.1501964766567934e75
1.4673603222969847e75
3.343208031759794e75
4.698374808696804e75
2.384462023048043e74
8.10258260732769e74
8.399676026822534e74
6.077705027171251e74
2.010342519350734e75
9.681220321552468e74
2.2398997982320306e75
1.772803590231389e75
1.5300819606779163e75
1.7337547590425546e75
8.854874459850895e74
1.3341762794493068e75
1.7067857840450956e75
1.682734010124618e75
4.803714456688333e74
1.5642115643395557e75
4.317779040403739e74
1.4543944732208668e75
6.045626278178611e74
1.5374265503309456e75
2.4645960026241405e75
1.963577428944103e75
9.117853832999338e74
2.2254207390949247e75
1.4949968329693466e75
1.5839436020339815e75
1.8216302362970193e75
2.9599785094670175e74
2.41268221587167e75
2.2771234087269744e75
8.568497892203145e74
6.161475847474946e74
1.7067662009224309e75
1.4659879555958798e75
8.673838518236058e74
2.0394780385981327e75
1.0667642241525205e75
1.2574744759676769e75
4.850746177831638e74
4.933455597706009e74
1.3980023584518637e75
1.89735332570905e75
8.990176949766304e74
7.896823845794341e74
1.3673104075412218e75
1.209591552919682e75
1.708147429353637e75
1.1390740819160604e75
3.5448528321277612e75
1.861365522481745e75
6.290693415932332e74
8.856192746502212e74
5.110879491976163e74
8.876964516325877e74
2.1041346125398427e75
3.166682997010475e74
5.016926057525676e74
1.2109228730461927e75
1.9299159616307626e75
9.873299151288584e74
1.4354254785359175e75
7.248292485535269e74
5.822667141386841e74
7.830561684396471e74
1.5439664064286936e75
6.984223017915766e74
8.198676773369187e74
1.2859807955930976e75
1.0770644348922428e75
9.64796117655533e74
1.1023745138870855e75
1.9908943874931906e75
1.4931982270265962e75
4.419201414429455e75
2.220260847757994e75
6.901377738581316e74
1.3536727497688593e75
1.9105504048790013e75
1.3346720496817988e75
2.2606676915751055e74
1.2611791333125828e75
7.067521881681863e74
9.792669357565077e74
4.1930046149769516e74
1.3554718529752055e75
2.178932026379746e75
6.599428012221148e74
5.59413324587002e74
2.1286989294583438e75
7.740020858608468e74
1.6916243184099802e75
2.78973639101991e75
3.094757600520235e75
1.0017610988590753e75
5.559688711837654e74
3.0497956775158763e75
6.963652929145836e74
1.3888182792382125e75
1.6892192695221657e75
2.8381934583999047e75
2.0452718605905543e75
1.0055763989762762e75
6.820948539631794e74
5.726725587311018e74
9.101391346337253e74
8.67019316152888e74
9.403545499664925e74
1.1109866557531802e75
1.6576962064841828e75
8.02681075996556e74
7.632290554224424e74
3.0967814706999163e74
1.3470715334209721e75
3.3441364716064063e74
4.117884561624869e75
8.234176310239077e74
8.229231882390876e74
1.8831553035145046e75
7.352030755528146e74
1.5046103013413149e75
2.411965127557218e75
2.3840906598314036e75
1.9906152576615104e75
1.9415620228676228e75
1.0823017861468372e75
7.556316019779444e74
1.3876007903393375e75
1.4485007996567796e75
1.12911172913477e75
1.1095509252997573e75
1.4599416221709857e75
1.7393254249779069e75
4.79507228914166e74
8.47674827313881e74
8.193798814304145e74
7.866660378349695e74
6.079458007437666e74
1.02655510734803e75
4.217219862271384e75
1.9780636626943105e75
9.26170890656131e74
2.158008456847559e75
3.2346941069021812e75
8.408258350796577e74
2.490444337288892e74
8.406368339807745e74
1.5270800324004259e75
2.542917841068186e75
2.2909973320473694e75
7.082064081549753e74
1.9611387688262555e75
7.780543504811406e74
3.798216429595971e74
7.697343523921794e74
1.9871333100727764e74
3.0676449393597633e75
2.588632593803323e75
1.6461966895147826e75
4.606623923789371e75
4.937184345370277e74
2.0580470740741984e75
3.0143623817732806e75
1.1381348785433919e75
4.1429123776510963e74
7.817829346553838e74
3.3199103811755963e75
1.3345194665427745e75
9.71537748694155e74
4.3706231702710504e75
6.123633641196195e74
1.2733935165945635e75
1.3299622941846603e75
9.66344056291409e74
1.1854513553537552e75
5.014140487169869e74
1.8162211580241114e75
1.1414016235162954e75
9.278838157351615e74
1.5638558264737046e75
1.0106641038897051e75
1.0432462649252714e75
7.057319067006663e74
5.369091350536492e74
1.0035836085979461e75
8.181197730535307e74
9.4790249312661e74
7.049161549738864e74
1.281175929366902e75
2.5047230212957275e75
8.425196292462165e74
6.28853804658087e74
2.6837957713176994e75
2.079942831192412e75
1.8323370110697437e75
7.095953600342713e74
1.904609325218072e75
7.018701956510001e74
1.3112353444744764e75
1.3421490121443873e75
1.4937584162494739e75
4.559303540644573e74
1.3851066884681413e75
6.596746406094342e74
8.958147786186575e75
3.471885040290064e74
9.865778726602828e74
9.801490322051688e74
5.58480148215771e74
6.093245674255066e74
2.403555497154361e75
1.1940344144627627e75
9.20412870954789e74
5.462826632707968e74
1.3245926060989828e75
1.071922046870577e75
9.002813573863108e74
4.4454365068564654e74
1.0997898391233298e75
2.659890969081343e75
1.872147327054286e75
2.0011816073416477e75
5.637264100315044e75
1.7246712447292705e75
1.2156002372928294e75
8.924379622258648e74
6.538924789445852e74
1.8048753803232661e75
2.30408804950014e75
8.991602044534214e74
3.668713991665381e75
7.079789951908336e74
5.812314701378872e74
3.2044127022561537e75
2.6633323864107454e75
1.7671993485089975e75
9.542319408483518e74
2.561115560348178e75
9.790439187255979e74
7.245069295096406e74
2.4229269452413617e75
5.477127164327754e74
8.098577724892931e74
1.1434994244217133e75
2.7910719352992618e75
1.97959018450407e75
9.54674479676959e74
8.40033167527741e74
1.0621878088421286e75
9.56599080907442e74
7.858849691603656e74
1.2954294381029856e75
7.009278304287161e74
2.312764160420224e75
1.0670670286046871e75
1.107325734855232e75
1.810657612931294e75
2.8307112413748223e74
1.3152383038504994e75
1.4753312720250945e75
1.0467244631559599e75
1.854348197545859e75
3.379196431345128e75
1.1453759969432954e75
5.989137763141576e74
1.865389007445286e75
9.835357650881435e74
1.2323667451686528e75
5.510984706496738e74
6.751268371777723e74
1.2569868918659226e75
1.238195359392905e75
1.1681365848425584e75
7.34787180180332e74
1.499508487109456e75
2.521057481958922e75
7.098111924474681e74
1.5720681259240582e75
1.0219512456524864e75
8.709674666667887e74
1.3775931004567179e75
8.047577958326469e74
9.721288698953067e74
4.244960711566029e75
1.36296654555093e75
1.8322966404639196e75
1.7790118964265293e75
2.7383740746473266e75
1.8917562512811613e74
1.2031676271924723e75
6.78024008611473e74
1.5091837564940734e75
1.1632036756402606e75
2.889192954457736e75
2.3108066865178765e75
4.571452276061748e74
2.0447719506976797e75
8.824020872920228e74
4.899161799490634e74
1.5584470586652822e75
2.0098278157951477e75
2.549786061011279e75
4.014576195831306e75
1.1669089834158453e75
3.674896412345331e75
6.166092453843885e74
1.335854739767775e75
1.6013348494250955e75
4.313306993008599e74
7.469728908161228e74
8.849942741064648e74
3.690218472899939e75
1.1668989600397808e75
1.7169970326855355e75
1.6173458359437037e75
7.220735120870325e74
1.7797633891733407e75
4.591200667409289e74
2.9104830902302133e75
9.771699050889094e74
2.51965429733241e75
2.1019360126707673e75
1.5553959897253758e75
1.2524009886948379e75
4.6251489700218635e75
6.838618866292268e74
7.377399973428499e74
2.201468628279368e75
5.479178370412105e74
7.771047415589821e74
8.97222473964539e74
1.2342391266258573e75
6.604330107275026e74
1.0858158684110967e75
1.284675178607419e75
2.7236269519263903e75
1.3397273184335716e75
1.316103729987557e75
1.132689620672594e75
1.0819346416224967e75
1.0579584211093779e75
7.959979227913053e74
7.491825306957474e74
4.521837604018639e74
9.541878250926201e74
2.181891910123781e75
7.507627829134445e74
4.615805176366009e74
3.0933854518377194e74
8.910416459333623e74
2.3521470827417078e75
9.630744918138767e74
8.408149986247377e74
1.0595884032529586e75
1.3011134623417134e75
2.26331174929509e75
4.4064383175946456e75
2.478272299483737e75
1.005318204547259e75
1.9302065828998934e75
1.9916311453312403e75
1.5122115816991882e75
1.2782353836504913e75
8.366422330660355e74
5.591603680486194e74
1.540889127496674e75
2.079456783564131e75
8.411163117722716e74
1.6002678178317603e75
8.814143630992821e74
8.545073535422292e74
7.183674329770604e74
1.7871909750594913e75
7.248174725639944e74
8.345754017561165e74
3.7829606326259456e74
1.8485521413642803e75
1.528161615904669e75
4.624131819581639e74
3.458329100394982e74
3.1240402423502862e75
7.622871015083855e74
3.3418672657234128e75
6.510662299983048e74
2.479399748804255e74
1.0686854946541658e75
7.061092706122431e74
8.26004384328453e74
1.0119749794480878e75
9.146042809459947e74
3.2410980183246717e75
3.0844153179675773e75
1.3284345833627751e75
8.941382476551683e74
1.8072312595429671e75
5.006111550033698e74
3.439166517706883e74
4.385350403421615e75
9.19875832104144e74
2.2398965994351317e75
8.507920272585362e74
2.0616348843185598e75
2.7745913032227554e74
2.0667906861820726e75
1.1185001829952735e75
9.903549187263045e74
2.1646036384524538e75
1.189977703991165e75
6.67406662906214e74
6.29368540494022e74
2.1302881208153798e75
5.014684018982794e74
2.1619370027308718e75
1.5571729754827753e75
1.1066730722476923e75
1.0568543278175782e75
6.936097688158429e74
1.2404317012928472e75
5.699715719131414e74
7.461941868002198e74
2.858456432511335e74
7.792951904937436e74
9.200639531412434e74
1.2347863223162963e75
1.3743243268771817e75
2.1370769150064966e75
4.16300613204175e74
1.986442054104839e74
1.3114559254163118e75
1.3548434097251032e75
1.5354023924285711e75
9.383654993375684e74
1.017877034073909e75
2.9740983907206652e75
3.918006124996774e75
1.6615091157500986e75
5.534186126586454e74
9.291790263990987e74
2.962202352959995e75
2.056421819571588e75
1.6885920029701792e75
5.037670083752441e74
6.69296521199057e74
1.739922285827049e75
1.1076230696511509e75
7.410735555103185e74
6.297484305269097e74
8.730573031138425e74
6.625306172582337e74
2.3869447658370584e75
4.5230578670485557e74
1.3831063409165444e75
2.568565705073043e75
1.0491412314717861e75
2.0359491218644423e75
1.081378969764588e75
4.4215470419247137e74
7.131659599213427e74
5.468734778095296e74
1.884975758083607e75
1.209820098037581e75
5.712385355770755e75
2.3100757137921445e75
1.7623286239944e75
7.317365726695658e74
6.02074521838074e75
5.497197341679782e75
7.648503649763347e74
6.960742914098961e74
2.1084831253829963e75
1.4178589512819673e75
1.4186732488775373e75
6.431445259833458e75
3.004831237450498e75
1.6563169363813991e75
5.912946231443514e74
2.3891062998832874e75
1.7029780615684892e75
1.0519822823307942e75
1.5566171390331856e75
2.485648591193904e75
4.913652264510699e74
1.5210197057393342e75
1.683034414856356e75
1.0200893811462306e75
1.6436140957969788e75
3.7677323408340847e74
6.198372782364358e74
8.123591171769335e74
2.395622199917677e75
3.5610655900831685e74
9.393272343843956e74
5.041518673903605e74
1.523149822896245e75
2.37213490307717e75
7.458085614810243e74
3.636504198150562e75
1.4144865833688294e74
1.4944499264620425e75
4.4721711693756865e74
9.781213736753978e74
6.461684206635058e74
7.660047189850714e74
3.1847121065348088e75
2.4360104655841796e75
2.6890924491417985e75
2.9979249422032507e74
1.1970185642650938e75
4.94796708381448e74
1.820573205679707e75
1.5542943764572245e75
1.0062565542843561e75
8.066506759000179e74
1.5912666813778967e75
5.1648399421066e74
8.813071083022111e74
2.835351395030054e75
7.918650658022979e74
1.5126958159804498e75
2.621916792749838e75
3.905454615294893e74
1.1743112743251097e75
6.5802245846697275e75
1.3920027936721229e75
2.8254513089128756e75
9.461078572409207e74
7.584486127691442e74
2.00127211257314e75
1.677322826360801e75
7.338916705265237e74
1.6846490549014626e75
1.1529883402203086e75
1.3435804643405342e75
1.7849297796035083e75
3.911131627101792e74
3.604480446302113e75
8.411261848982246e74
1.8019240490467525e75
6.915642059952338e74
1.0159454030004263e75
1.32683441941847e75
1.076526454495346e75
1.4712579105774522e75
6.627741685552735e74
9.967264183874805e74
1.2603108567046257e75
7.401046894419658e74
4.703264897808285e74
1.2343280260243104e75
1.656192059997879e75
9.357634299845388e74
9.574485680250323e74
8.373637508716239e74
1.1529350949310675e75
4.506679558910569e74
1.1459522382061915e75
7.643941753140554e74
4.558624327261083e74
2.507704157255143e75
1.502032870914849e75
9.910253546417727e74
1.0651904306169487e75
4.754076139935991e74
6.373534182002517e74
6.163273029881099e74
3.904448803842948e75
3.285584526413457e74
1.9497002624031453e74
1.245764913683394e75
1.4780851145084927e75
3.532484740114491e74
1.0523865516380537e75
5.456228387983501e74
1.2660416243111492e75
7.303086685892074e74
9.151748209835487e74
2.3416458050751192e75
5.384643927670061e74
1.0596852865831715e75
3.499049848630931e75
7.290722807190618e74
3.555606403817058e75
2.51675919012372e75
1.0091865777949198e75
9.393053092306552e74
3.4864485503320156e74
4.885801238601951e75
4.908178407746769e74
1.0113623022644158e75
7.411021903191326e74
1.7781666743594331e75
3.607329373758291e75
9.786432476433282e74
2.026781585756948e75
1.3623106217982676e75
8.44174710694636e74
1.2081331286627542e75
1.3847028069641716e75
4.801017671951246e75
2.063357893378981e75
1.1793717253543087e75
2.0413402275312053e75
2.075226054544212e75
1.1424549783437767e75
7.645108316741356e74
8.812214384451791e74
7.093557558422852e74
1.0658458260930766e75
1.7541909316457083e75
6.090752158222333e75
1.2775550483419764e75
8.698384876988242e74
1.2854939060744748e75
1.7070183192480017e75
1.0397062178578743e75
3.331950757455067e75
8.146798546784609e74
2.786835481128707e75
1.301079018937044e75
9.001933167574488e74
3.708374053585529e75
1.0061831247292122e75
1.4221803343446532e75
6.181599624263795e74
6.589981437267478e74
1.4101509075883063e75
2.5858161465174394e75
3.9256550931263965e74
2.37328668259412e75
2.227376149850008e75
1.0680004237894695e75
1.5538873705900893e75
5.347485001856041e75
4.985171298036711e74
1.3267862804117607e75
1.9563685544443995e75
2.2446619389142853e75
3.4152427070407194e75
6.269213966814108e74
1.575669197868283e75
1.8801581291638524e75
1.728476148025898e75
1.0932725034362152e75
6.866165409636567e74
1.5332686029532185e75
1.1427922871994572e75
1.5228890225713615e75
1.13247450252044e75
1.2388371695928183e75
9.427622645437205e74
9.93420593993192e74
2.764244331024836e75
1.4705855267279095e75
4.328320388675155e75
1.5614975419415641e75
1.4224766987513244e75
1.4679281889533759e75
4.963215059486706e74
1.568540625492627e75
1.6634213313383725e75
2.2473716262872738e75
6.402207661695394e74
2.4777792064107966e75
1.1238858106483616e75
4.26838858871396e75
2.4061287299916285e75
1.225198911770567e75
1.3421609883085045e75
6.000361328579279e75
1.0441598776548613e75
8.307502634715117e74
1.6603173563959492e75
1.7030973430862302e75
1.3962398771465692e75
2.7640625198075792e75
1.2904507327048663e75
2.4945548948762246e75
2.3782728238713956e75
1.0820483019729917e75
1.832221279804009e75
1.8272062089196743e75
4.713266048716384e74
1.7408678532190656e75
6.011198536886354e75
7.600107346729582e74
4.229890260100503e75
5.830475589533076e74
1.1309309267767614e75
6.572893651365552e74
1.4923812570800846e75
2.050537381205534e75
4.836467272499528e74
5.242445657522168e74
1.3032137903528709e75
4.547935134560285e74
9.058790173835015e74
1.0707518869365674e75
3.4457001901321226e75
2.1842641498549404e75
2.9982560072794417e74
3.36791430389831e74
1.1220294505675098e75
3.1110357948615916e75
3.502294309593611e75
2.026408121270033e75
2.9552545056927926e75
3.3763854090475334e74
1.954706573466678e75
1.193632999075697e75
2.571456614121403e74
4.893108382633003e74
2.7482176043568702e75
1.0514640544654882e75
9.784109885288292e74
1.5668420211556901e75
1.7825211200445373e75
9.054007943355476e74
8.120796564675861e74
1.4423261603587267e75
3.868241192979108e75
1.9047939843214324e75
1.0363894621230904e75
2.4326432638881997e75
1.1129027469148957e75
7.204215859282276e74
1.1886247710344162e75
2.313913824344693e74
4.67780532298057e74
2.6745041335340566e74
1.045332980400963e75
5.291024857616256e74
1.9706325800175195e75
1.5416126087916917e75
5.036656517409525e74
2.1298121077328805e75
1.3702917943402398e75
1.1397175916199234e75
1.0232051929395115e75
4.948756980572657e74
1.5974263985774991e75
2.1685301036270927e75
1.608570152229214e75
6.032899587707744e74
1.5726895500902587e75
9.993015909810115e74
1.3618903535114866e75
6.6509175802904296e75
2.4105827917502345e75
7.151243821286905e74
6.981855828693851e74
1.0429325709692635e75
7.105936864578758e74
1.4276078587946824e75
1.0839914468436926e75
2.7052628376066905e75
1.1766207796047076e75
1.0351292034523228e75
2.909603942549663e75
3.6989102776873316e74
9.031288904904974e74
1.7363362885198e75
4.972194417670697e74
9.121894153127785e74
2.245904604555575e75
3.8336891530069893e74
9.854917110853874e74
3.196194742062548e75
4.39765257437542e75
2.7597155315354312e75
6.54466958817166e74
5.948493038898293e74
5.764879580116889e74
2.4157214939415882e75
2.3177050912094836e75
1.1723452190948622e75
6.27401585865065e74
1.2659992183666614e75
2.0890566126143444e75
1.471879149280151e75
9.670967525842863e74
1.2889050932683694e75
1.4766786861010484e75
2.2553823457002283e75
9.97567588785961e74
2.1727507613508625e75
1.112007584318948e75
1.4145208122011838e75
1.280343154959119e75
8.754777793571434e74
1.3566451256047802e75
9.554373055668276e74
1.66796846976686e75
1.5856078942208805e75
8.909380748841168e74
4.071234451544235e75
4.503197526180731e75
9.604872418363974e74
2.359191847278487e75
4.975589761432641e74
6.897666847367719e74
1.0897773155617186e75
1.3771647554086916e75
1.704992912103796e75
1.3060153219028737e75
2.2128806980161722e74
8.238340749787218e74
2.490209572052485e75
4.726395530907081e74
1.9934461371640998e75
1.9536896530468173e75
7.825405919743579e74
2.608858727785387e75
6.771046418443987e74
8.289711618658439e74
1.9026770061971528e75
7.170203364529596e74
2.1880474741255823e75
1.2578580770808786e75
4.010220729997421e74
9.175807854008538e74
9.95276322153866e74
1.9688315064114115e75
1.1153520578358571e75
6.461841161409273e74
6.436565899897044e74
1.6390659175168964e75
5.99257900258348e74
4.57764150044687e74
3.169537620204756e75
9.177477620743774e74
1.7707428975323952e75
2.635475900083697e74
1.340550926970705e75
1.2410899147385207e75
1.089948899441853e75
1.4228157192040662e75
1.7793520495780354e75
6.071694916784188e74
2.069962535621423e75
1.1341503307757195e75
1.05729226490437e75
1.360523256523342e75
2.857373329414886e75
6.542933378782561e74
9.26158298581226e74
2.175085741743983e75
1.363585064497599e75
1.7506711371066015e75
1.5731793595438356e75
1.0284434115509668e75
1.06511151292789e75
4.825669490457691e74
6.564614386520132e74
9.914846211269156e74
1.0088748783694474e75
6.335896762747599e74
8.298242991363753e74
4.164305532935325e75
9.193593640740053e74
6.460790222668184e74
6.518182968982595e74
3.499915629447777e75
2.0711339547826913e75
1.7520568214282657e75
8.132472954541545e74
1.299929763751195e75
1.1911089505228452e75
5.24870159904976e74
5.295573675544039e74
8.218333981204614e74
8.524043063012877e74
7.23190371252095e74
9.98369780539014e74
9.643103949300177e74
7.224051455358361e74
5.613146709605018e74
2.6724530981873113e75
1.0647071838301497e75
2.1019926977059535e75
1.3686880668010874e75
1.7767020737515785e75
3.035925990015345e75
7.40589472550443e74
2.918418151765292e75
9.2082869833244e74
1.8179680052983167e75
9.915930670192637e74
2.016807113723797e75
7.931245755800273e74
4.158564225398826e75
3.4413960920754946e74
1.3010448938044096e75
8.848026286915251e74
1.8496635416578478e75
9.869095325143563e74
4.419680504768918e75
7.002217633827008e74
7.117179541168269e74
9.973621613799193e74
1.0307569065164631e75
1.895344710120231e75
1.4460518987074936e75
1.56711514870493e75
1.4024126271324754e75
1.8101679481581468e75
1.1071654589930514e75
2.055137515929649e75
1.1503505726675306e75
1.7152844532217807e75
7.092902340571275e74
1.3230697251384294e75
2.863307609143926e75
1.569650079034089e75
1.5712341282448576e75
2.8070773827120923e75
1.0573326281576665e75
6.722496776717965e74
2.1845992112037074e75
5.372517480772385e74
1.1187379855690342e75
1.6044950934067558e75
1.4793310663175149e75
1.4883997428458313e75
1.7994554545817075e75
1.3421796679225362e75
4.622182187179351e75
1.1166043237990199e75
2.4916404362704784e75
2.023796687493227e75
8.489727638907551e74
7.857862452757131e74
1.9399417195545124e75
2.2995208078319774e75
2.5897308110290993e75
1.481140141752099e75
5.800770160014919e74
4.969495295567834e74
1.9746804330364067e74
1.0499898813292098e75
1.5177895290264652e75
5.790603666181091e74
1.4919785121081543e75
1.9721181797968398e75
1.4866773798831838e75
1.4871702653383966e75
1.975249172561982e75
1.0504137791173333e75
1.4151860640703426e75
9.319563302224075e74
9.544344547928014e74
1.2048969312673862e75
5.739046435892366e74
1.5863759268067095e75
1.8131438070185857e75
9.444510055157724e74
1.9353334309249493e75
3.3135288658314967e75
2.781043927753746e75
3.4817435948728977e74
6.297493047364837e74
3.0958217414016006e75
