8.1392202e7
5.3728334e7
6.5283512e7
8.1136752e7
6.6999224e7
4.3768558e7
6.8135724e7
6.3801259e7
7.0373982e7
6.0702756e7
7.0804336e7
6.9427952e7
9.41948e7
8.0507964e7
5.3514389e7
5.6078078e7
7.375438e7
6.697228e7
8.3736426e7
5.5488778e7
7.8509803e7
5.6253594e7
5.0034561e7
5.4097882e7
5.2066227e7
6.5110839e7
5.4816614e7
4.936862e7
6.8494968e7
6.8443986e7
5.9297166e7
1.21697536e8
6.308068e7
5.7575136e7
7.890316e7
5.1901204e7
7.8465852e7
6.6004525e7
8.1113904e7
7.2856528e7
8.5081748e7
8.4108936e7
6.8471144e7
5.2236205e7
7.171305e7
7.0089594e7
6.5140493e7
5.7622098e7
6.3847716e7
5.6923754e7
7.7385488e7
5.7726175e7
6.795008e7
8.5327779e7
7.698004e7
6.119356e7
4.9542364e7
7.980247e7
5.4355904e7
8.483716e7
8.229211e7
6.1593292e7
7.299675e7
8.1823504e7
1.0899168e8
4.4719301e7
6.1389026e7
6.8962566e7
7.2445848e7
5.6791713e7
8.035924e7
7.4792715e7
6.7727632e7
6.5944194e7
6.3829687e7
6.4942599e7
8.942631e7
7.5768124e7
7.778279e7
6.0048274e7
9.2536766e7
6.087836e7
7.2215853e7
8.9810928e7
6.3813036e7
6.498279e7
7.7608113e7
8.0161996e7
4.2282714e7
5.2561572e7
5.153237e7
5.3377734e7
6.617192e7
5.3403702e7
7.0835412e7
6.6907806e7
7.4134416e7
6.8287713e7
4.7305732e7
6.2350151e7
6.5479521e7
7.3114344e7
8.517936e7
7.844169e7
6.7502432e7
3.8665704e7
5.9978081e7
5.471382e7
7.4461364e7
1.18080072e8
5.5335022e7
5.661593e7
8.3747916e7
6.9124488e7
7.7364488e7
6.3265216e7
6.9383359e7
8.2219682e7
5.8620499e7
6.3903768e7
5.5088076e7
4.8028671e7
6.9776134e7
7.8245524e7
9.5979798e7
7.6301184e7
5.7305028e7
7.7147346e7
6.3374944e7
4.4356383e7
7.3551504e7
7.347452e7
4.826676e7
6.9274844e7
7.9754328e7
5.8429226e7
7.5864654e7
6.3157598e7
5.6671696e7
5.1106693e7
7.3977098e7
7.9005642e7
7.8402036e7
5.2934106e7
8.633716e7
8.7687924e7
7.8550184e7
6.1780038e7
5.3289216e7
7.9239986e7
6.6239844e7
4.3918368e7
8.4381568e7
5.6432032e7
4.9429208e7
5.4022578e7
5.9655704e7
5.0160048e7
5.893156e7
5.6327506e7
8.5669168e7
5.0191832e7
5.8479948e7
5.5672918e7
8.9429841e7
5.8016835e7
8.3188696e7
6.5372041e7
5.3151526e7
5.4420052e7
7.7344632e7
5.195368e7
5.6150025e7
6.2003844e7
6.0535116e7
7.4566852e7
6.3643404e7
6.2930821e7
7.0895774e7
5.8309646e7
9.5959712e7
7.0417974e7
4.5376958e7
8.8802502e7
5.6874144e7
7.290496e7
7.9823456e7
5.7091504e7
5.670741e7
5.181538e7
6.4641978e7
5.4744846e7
7.5376725e7
7.7746752e7
6.9987066e7
5.0015092e7
5.5904242e7
5.4025982e7
5.679544e7
7.9302384e7
1.38458868e8
8.2555914e7
7.0691676e7
5.887596e7
8.8268772e7
7.992707e7
8.638596e7
5.9056552e7
5.6390958e7
5.1334264e7
9.4000448e7
6.3471077e7
6.954728e7
6.29637e7
6.6528048e7
5.47582e7
6.0463012e7
7.7168685e7
3.9034226e7
7.3979586e7
1.5673023e8
5.952286e7
5.5017303e7
5.75365e7
6.905034e7
6.200748e7
6.1947936e7
5.2983038e7
7.1440976e7
8.5054486e7
7.8286256e7
5.206098e7
5.9560359e7
6.0976137e7
6.4652494e7
6.389216e7
7.042864e7
6.7184736e7
6.97874e7
8.446002e7
5.7417568e7
8.2340073e7
5.3364806e7
6.6859565e7
7.2097032e7
7.080444e7
5.8500054e7
6.2308728e7
7.72987e7
4.640538e7
9.2043032e7
7.1084092e7
4.9397878e7
3.7397742e7
7.3112172e7
7.2685527e7
5.849124e7
7.3579444e7
6.2535402e7
6.924747e7
5.901966e7
7.6377888e7
6.1700174e7
6.6623908e7
9.0475368e7
7.7199246e7
4.8179633e7
7.211375e7
6.8494992e7
5.878312e7
7.730133e7
5.5595319e7
6.093304e7
5.328424e7
7.784128e7
7.5433324e7
3.7717224e7
6.1120848e7
7.0876502e7
8.2660204e7
5.1871036e7
6.9771168e7
6.518423e7
8.894052e7
6.6789246e7
5.8715734e7
9.3645892e7
9.3396006e7
6.6506454e7
8.1456704e7
5.7451887e7
5.93403e7
5.5234254e7
7.6936972e7
1.26091488e8
5.9597636e7
7.1946381e7
8.1807812e7
6.6846552e7
1.129053e8
5.0815014e7
5.6680648e7
1.47675084e8
3.6984496e7
7.014684e7
7.0635954e7
4.8496206e7
6.908029e7
4.8479024e7
9.5680422e7
5.8662355e7
7.0014744e7
9.2960328e7
9.6272344e7
6.3185353e7
9.2081076e7
6.3199269e7
6.544257e7
5.4577228e7
6.0680944e7
8.3517143e7
6.2750694e7
6.0024724e7
6.1968596e7
8.6798154e7
5.1560468e7
6.9662784e7
6.9584325e7
1.13036188e8
8.849664e7
7.3086888e7
7.0195516e7
5.4679316e7
8.9924596e7
7.633956e7
6.334839e7
8.4155184e7
5.8045904e7
6.059544e7
5.537351e7
5.1946256e7
8.525432e7
6.6416616e7
8.2703885e7
5.295384e7
7.0751187e7
8.8188042e7
7.2988118e7
6.9408015e7
5.4581788e7
6.7983628e7
1.10798688e8
8.0670912e7
6.396462e7
6.080226e7
7.0450416e7
9.225694e7
5.7214084e7
5.2709508e7
9.7722544e7
8.001688e7
6.49435e7
4.1625268e7
6.40812e7
6.3971868e7
6.868739e7
4.8341291e7
4.536716e7
4.780112e7
7.333221e7
6.5502774e7
8.8847904e7
6.03862e7
6.5593e7
5.4770234e7
6.0213213e7
6.5824602e7
5.3508247e7
7.6503117e7
7.9735036e7
5.8880026e7
4.7992904e7
1.02380328e8
5.955552e7
5.8207188e7
6.6353772e7
8.5039252e7
6.9640806e7
7.6385506e7
6.433735e7
5.8127154e7
5.106365e7
8.9268022e7
5.9898228e7
6.21483e7
9.9832886e7
7.2855368e7
6.2365752e7
1.11612152e8
7.4875543e7
5.6427068e7
8.2477152e7
9.508374e7
6.9078082e7
8.0427504e7
4.9872406e7
7.3455136e7
6.8930972e7
7.697074e7
6.006669e7
8.6609562e7
6.5060142e7
4.9809697e7
5.2835508e7
6.5009193e7
1.04311436e8
4.0769126e7
5.03712e7
9.719877e7
7.9095212e7
5.653522e7
6.7978108e7
8.218184e7
5.8467525e7
4.6067962e7
4.7303057e7
6.269272e7
5.1193106e7
1.02219852e8
6.3775935e7
5.6081755e7
5.6348217e7
7.9422627e7
6.4172491e7
7.0407154e7
7.569662e7
7.205851e7
8.1034254e7
8.5599909e7
7.761062e7
6.4412903e7
7.0476756e7
6.9353524e7
7.7365136e7
5.6193864e7
6.1177918e7
6.798396e7
7.1953816e7
6.226884e7
7.3718904e7
5.7250887e7
5.3875229e7
6.7295456e7
6.7740708e7
7.4748342e7
9.5474864e7
5.21869e7
7.3541086e7
7.5535868e7
6.2994432e7
5.0655684e7
1.5422192e8
6.844652e7
7.4772006e7
4.7435996e7
5.5007198e7
9.275333e7
4.7369688e7
7.0240508e7
7.377039e7
4.8424792e7
9.3814656e7
5.0595622e7
7.4396967e7
7.2854992e7
6.5476794e7
7.3554768e7
8.2112012e7
6.0532172e7
6.4807048e7
5.797278e7
8.490584e7
5.5087025e7
7.063506e7
8.8775568e7
4.822074e7
8.9554108e7
6.5740608e7
7.5064204e7
6.6271484e7
1.0132878e8
9.1076404e7
7.316856e7
4.1880768e7
8.5493692e7
7.8192008e7
7.8046508e7
8.0124176e7
5.0306969e7
4.5984243e7
8.3880348e7
7.0403296e7
7.9759634e7
5.3713531e7
7.3282752e7
7.5426708e7
5.5260934e7
7.0791568e7
5.381521e7
7.2365252e7
5.018697e7
5.525032e7
6.6799774e7
5.0532682e7
6.1474076e7
5.189673e7
3.5929244e7
6.756984e7
9.9685488e7
7.8498012e7
8.127525e7
1.13768226e8
8.2686604e7
5.8486564e7
6.0999644e7
5.8083168e7
7.1985825e7
7.7587034e7
9.2157536e7
7.8918732e7
5.2825254e7
8.7670106e7
1.06702804e8
5.2482708e7
8.1288714e7
8.000956e7
4.332752e7
5.6267318e7
5.784663e7
6.1798294e7
9.4702971e7
5.000055e7
9.34752e7
6.0634188e7
8.2130032e7
3.9683782e7
4.515585e7
7.2685412e7
5.0303895e7
8.5689978e7
6.838725e7
7.2664998e7
6.667883e7
8.8910096e7
6.9804728e7
5.4469696e7
5.6825282e7
7.2585052e7
6.1285873e7
7.1560822e7
7.902516e7
5.548124e7
6.884914e7
6.450181e7
5.8733236e7
6.432233e7
4.8819222e7
6.1029346e7
7.2719604e7
7.7073192e7
4.9886948e7
8.9915182e7
8.1537584e7
7.7154628e7
6.4458128e7
8.5493392e7
6.7670068e7
6.1066864e7
4.6315372e7
6.1745106e7
5.5408088e7
9.2580394e7
6.7881037e7
1.21366e8
9.063576e7
6.0666354e7
6.4931988e7
9.043755e7
5.458229e7
7.8773504e7
6.9646808e7
5.7250646e7
6.8128914e7
7.6435326e7
4.6073904e7
6.0282638e7
5.1505164e7
5.8999392e7
7.3368492e7
5.0477038e7
5.0691528e7
7.4667358e7
6.3634824e7
3.9044196e7
6.6751336e7
6.0501072e7
8.14226e7
7.0769482e7
8.744904e7
7.9458018e7
6.524279e7
8.8609536e7
6.2838208e7
6.4178308e7
7.1766496e7
5.705585e7
1.23648452e8
6.6260199e7
8.2005108e7
6.5045488e7
8.3823e7
8.4788472e7
6.277048e7
7.7389368e7
6.5669352e7
5.5832784e7
8.7130944e7
7.0087714e7
7.3375888e7
7.882104e7
8.0445186e7
6.1254778e7
5.3977408e7
7.1905936e7
6.8477528e7
6.3772974e7
4.6037741e7
7.3584658e7
6.691048e7
3.7594017e7
8.0701672e7
7.2620328e7
8.3190056e7
6.4764108e7
5.9924382e7
5.6888216e7
6.173856e7
5.4161466e7
7.2657633e7
6.4984672e7
7.9430514e7
6.1891818e7
6.1359444e7
7.6612184e7
6.5688952e7
5.4695124e7
5.422942e7
5.2358681e7
5.2546035e7
1.07849744e8
5.1466893e7
7.4781792e7
8.8718588e7
5.8523083e7
9.0341392e7
7.9920928e7
8.9487084e7
8.0616288e7
8.7568794e7
9.6937914e7
5.8497218e7
5.7663664e7
9.25986e7
5.2389031e7
5.4961502e7
5.444202e7
8.5821878e7
7.4313416e7
7.8628038e7
5.4699444e7
7.7661516e7
1.03319328e8
5.5731203e7
6.3188532e7
8.5245348e7
7.0855128e7
5.8400308e7
8.486116e7
6.5435336e7
5.5296492e7
5.7087831e7
5.8195832e7
5.7371852e7
8.6726274e7
6.609394e7
8.91895e7
5.6013348e7
8.8647756e7
7.3161384e7
7.998833e7
5.7204812e7
4.7631102e7
4.6177748e7
6.4773364e7
5.4132119e7
4.7193018e7
7.578012e7
6.6723681e7
8.221345e7
8.2795662e7
6.9056667e7
6.3410548e7
9.046994e7
8.9948124e7
7.7803484e7
7.77824e7
8.7695416e7
1.23441072e8
7.2211452e7
7.6443952e7
1.01838384e8
9.300359e7
5.1971872e7
4.6499651e7
9.2190952e7
6.84966e7
7.309786e7
6.007686e7
5.2765533e7
6.5174928e7
7.3452048e7
6.488088e7
8.8449642e7
6.5301408e7
7.1602448e7
6.7541172e7
8.4421452e7
5.491582e7
9.651282e7
6.2642153e7
7.8011472e7
4.3977612e7
6.7917816e7
5.1819216e7
8.6988976e7
7.1052102e7
5.6826e7
9.2046528e7
4.4241742e7
6.842108e7
7.023261e7
9.043568e7
5.483877e7
7.7774686e7
5.305843e7
9.1600208e7
5.3982692e7
6.5112489e7
7.7400253e7
6.4352188e7
6.6627198e7
5.8567779e7
6.1101468e7
6.440412e7
7.315573e7
1.032057e8
7.3911768e7
7.3160864e7
8.7966056e7
7.7509401e7
7.5006986e7
6.9872006e7
5.9296136e7
9.1562199e7
5.2937956e7
8.4920418e7
8.8780476e7
7.1042938e7
5.0551646e7
1.39520358e8
7.4717208e7
6.0549996e7
6.4347678e7
7.4941416e7
5.506108e7
7.0574272e7
5.047743e7
6.6939872e7
8.2031746e7
5.0100968e7
8.2303876e7
5.8832544e7
5.9825584e7
1.14988608e8
7.5017597e7
6.423696e7
7.8409536e7
7.114022e7
1.04579968e8
7.1706012e7
1.2688036e8
3.2421495e7
6.4032814e7
6.638075e7
9.7934592e7
5.448783e7
6.8012966e7
6.953814e7
8.8915344e7
6.5340608e7
6.9087786e7
7.829097e7
7.3664825e7
5.8691124e7
4.9090606e7
5.653449e7
5.3330898e7
6.5275338e7
8.9588268e7
7.794392e7
6.7688274e7
8.5741904e7
5.44335e7
1.08470568e8
7.4154636e7
1.04328936e8
9.4392974e7
5.9877018e7
6.6929071e7
6.9276776e7
7.0508532e7
4.617762e7
6.4238845e7
1.24324236e8
8.8631232e7
4.4994122e7
4.8207906e7
6.5005117e7
6.801212e7
5.9951268e7
7.105815e7
6.0337852e7
9.0910976e7
5.2270258e7
6.3709454e7
5.8235432e7
5.8038112e7
8.2917056e7
5.3476028e7
7.6320834e7
5.4525171e7
6.797546e7
8.325207e7
5.781658e7
5.1784932e7
8.660952e7
8.5026268e7
8.4513192e7
5.62845e7
7.137725e7
5.5268576e7
7.0576894e7
6.2379888e7
8.027744e7
5.3403399e7
4.768478e7
7.0308462e7
7.9406232e7
6.0850882e7
6.3545816e7
6.9651216e7
4.9150113e7
8.1107942e7
5.2390222e7
6.1231218e7
6.2290828e7
5.5713272e7
7.74375e7
5.866912e7
7.4956558e7
7.9738388e7
7.654955e7
8.2261202e7
5.64347e7
4.5733606e7
7.0968174e7
4.1314296e7
1.02570484e8
4.9780034e7
5.0366672e7
6.0756834e7
6.7272577e7
5.0504072e7
8.1161816e7
5.0354784e7
5.9894588e7
5.8416466e7
6.4959132e7
5.5750152e7
4.9187142e7
6.0875067e7
6.9120182e7
4.910923e7
8.0110464e7
6.528054e7
5.8285122e7
4.857621e7
6.0833056e7
7.84738e7
5.7297234e7
7.1801272e7
6.1726424e7
5.234292e7
6.8321426e7
7.7599746e7
5.9201603e7
8.2570104e7
7.9015249e7
4.3839214e7
7.1972836e7
6.9329916e7
8.579417e7
8.130376e7
7.6864324e7
7.4929008e7
5.888514e7
5.2807681e7
8.7399742e7
5.300026e7
4.8434788e7
8.5213452e7
8.2994572e7
6.3225024e7
6.5337948e7
1.0592436e8
6.0293884e7
7.884834e7
9.2003418e7
7.7862096e7
7.8287634e7
6.5146808e7
5.6480752e7
6.5272828e7
4.794196e7
6.1282045e7
7.7199496e7
6.6195932e7
8.1504446e7
5.6403622e7
6.8120192e7
6.7206303e7
7.0929586e7
6.464835e7
8.2089348e7
6.4587798e7
5.2831848e7
6.0614074e7
7.9997895e7
8.0168238e7
5.2071074e7
9.4586864e7
5.4969488e7
5.5934284e7
1.04139432e8
7.5556682e7
7.7420136e7
9.106569e7
9.1346868e7
6.1841664e7
9.636497e7
6.3693821e7
5.3830368e7
7.249794e7
4.9129212e7
1.1573166e8
7.6469508e7
6.7188264e7
8.2141774e7
7.353986e7
6.651804e7
8.3626296e7
6.5798294e7
7.4480812e7
6.8416352e7
6.1379186e7
7.838496e7
7.9141248e7
4.9341272e7
7.5132536e7
6.85862e7
7.298804e7
8.7750878e7
7.294029e7
3.5632849e7
5.3837187e7
5.74953e7
5.0600863e7
5.6299865e7
4.2759489e7
5.220068e7
