7.562826093469888e34
1.4260542847818922e35
3.5996187001082986e35
4.0629723130674954e35
1.4337543497066627e35
9.72863888551894e34
8.721650829570266e34
2.7304949694026433e35
2.093809918440993e35
1.1383347732793908e35
1.2945725581532313e35
2.6342715720109167e35
1.6944243285553203e35
7.533748608166355e34
2.757041205838737e35
8.41112065323344e34
1.1086661723516317e35
1.1484842381619503e35
1.167684978062999e35
9.28731346938913e34
1.9623405616492664e35
1.3142562687058203e35
1.5281802281942746e35
9.077532838477119e34
6.70950346992543e34
1.704066895685949e35
1.864404756968949e35
2.7577135169608237e35
3.995643710828808e35
1.6194963770910986e35
1.452318291241606e35
6.703031603895282e34
1.7549563175635134e35
9.464149792478189e34
1.4354509174681445e35
8.368738979834641e34
1.5276538284320199e35
1.0523716010246693e35
1.23551987438348e35
9.611648835098469e34
1.411061285183662e35
9.842056955809622e34
1.2298836105854271e35
3.875480052775338e35
1.268905644514673e35
3.623517920286065e35
6.819897865016297e34
1.9746795096353944e35
2.9698550442324698e35
2.5953932349899645e35
1.6382398228939778e35
1.5233324526539721e35
1.005900411343268e35
2.2673008326874436e35
1.5046641704033383e35
1.1322772085108507e35
8.713714052354438e34
1.3873018841053735e35
4.598405690464429e35
1.8076817221198665e35
1.0808235708708864e35
3.896976825147899e35
1.2358649143609488e35
1.0564011298258605e35
1.500393876425294e35
2.157982827638238e35
1.674179228538201e35
2.3091302509924644e35
1.6528569337036877e35
1.9932978220207715e35
1.4057608843133309e35
1.55550992182711e35
1.495020210321446e35
1.095022767347965e35
7.220240059065835e34
1.4812114118076896e35
1.974585798403734e35
1.7886225692970423e35
1.3816647927120877e35
3.384389600932059e35
8.204221977421176e34
1.508558510398393e35
6.228173647284861e34
1.1242553638286873e35
1.026585907699547e35
1.5589205941319973e35
1.4009239189596927e35
1.5637725684272393e35
2.075795534554379e35
7.545721596475606e34
8.297725619105944e34
1.8162157512037155e35
1.1956420222387663e35
2.300707747289596e35
9.947065171115947e34
1.3185085736180914e35
1.5622541282979731e35
1.0995895079621656e35
2.0297078317846043e35
7.081589965525954e34
1.1366780006908722e35
3.542784548486828e35
1.6673236098990207e35
2.0600462002398948e35
8.758218117163676e34
1.7066999820108613e35
1.582672047136615e35
1.6431055015659548e35
3.030503649139485e35
7.75315480406017e34
1.742538247810344e35
2.6584616023845076e35
8.864169554452573e34
5.07866240627035e34
2.398882277464565e35
9.121222641488955e34
1.1397721711055546e35
1.239283378505966e35
6.782517744416335e34
3.982945400549734e35
1.2164294625985185e35
2.0060697988736863e35
9.37647143093882e34
2.174551655001852e35
1.5917371398581542e35
9.328960167708916e34
2.8267552388064648e35
1.799475445282763e35
7.219455598043242e34
1.3977625145569412e35
1.0647058201297252e35
1.3137701985053215e35
9.237229475082616e34
1.0619369390991658e35
3.2217503322971944e35
1.210153747473192e35
1.5583763821700325e35
1.0908201386596156e35
2.812252387133121e35
1.826170183151727e35
1.874020663922515e35
2.031356691698052e35
1.7745152783215208e35
1.6724249044739024e35
1.8980516104419458e35
2.856762344387221e35
1.4908192473102106e35
1.1738404476607347e35
1.6192935672658409e35
1.5191784468055138e35
1.61075900433077e35
1.0668031881253998e35
1.746071348677466e35
2.2108159584434408e35
1.012437592049519e35
1.0386786847843207e35
1.8987148945963085e35
1.6032307583999328e35
1.681698087382221e35
5.573777200378776e34
1.4633136722286366e35
9.187974980220447e34
1.3447445596249792e35
1.872239655655089e35
1.3322866473369708e35
1.276576162706275e35
1.037134399423237e35
1.1542478963684946e35
1.41118708610062e35
1.0796889646975933e35
3.882909855339534e35
1.4701899171007557e35
1.162525198667769e35
2.018450166476977e35
1.018953921671481e35
2.7151997031821612e35
6.67595360823788e34
9.502681743115443e34
8.174640110659171e34
2.2015664192062926e35
1.2776958455155589e35
3.0111812183529223e35
1.9734321535977775e35
1.3373129714936747e35
1.683625116502754e35
2.046608956579059e35
1.3547877998666416e35
1.6392405493423151e35
2.4887622209503595e35
4.553265120694233e35
1.927657739652684e35
7.000621817066883e34
1.2413239804802292e35
5.2775177127150625e34
2.1464009201753645e35
8.777446352817093e34
1.0664921789436403e35
7.78242875130189e34
2.6968035754272386e35
1.9382708019992453e35
1.4262655398856323e35
2.0368238332138e35
1.8187368087974574e35
2.303937503779154e35
1.2116266562428948e35
1.1605449939914415e35
9.28883623602204e34
1.592916669873509e35
8.391791989883781e34
1.2208325243134728e35
1.0834208727900892e35
1.4691846946673657e35
2.0340292880771135e35
2.305211191429454e35
1.1592889573642358e35
2.3904859067648185e35
4.967482484296212e34
1.2442510097476625e35
1.3021641658152516e35
2.1650531568115732e35
1.2886082568261156e35
1.9403093145719535e35
1.4772715459043311e35
1.2391351884648598e35
3.1155613974839316e35
1.5221997009442057e35
1.080528013684198e35
1.2609750790664777e35
2.504994207038911e35
8.350354034140302e34
1.4323264619675275e35
1.7468410686155878e35
1.5641638419185487e35
1.0856612042348944e35
1.5579313495346521e35
1.3938110398906564e35
1.7913047401409353e35
8.87569030586955e34
1.2936382195575831e35
2.8918042897085613e35
2.1923796614072907e35
1.6161603308007562e35
6.111469909934062e34
8.140135258139966e34
1.3703611872587342e35
2.0329820118271398e35
1.76011252356394e35
7.7663095795561165e34
1.847606218774483e35
2.769133269892375e35
1.8928556883582393e35
1.6607891235476143e35
2.2327332335157326e35
1.257144390122849e35
1.4927423606380137e35
1.1413671018189718e35
1.1340250579134023e35
1.4143367875269955e35
6.681653643288498e34
1.6889673536678324e35
2.5460202873262824e35
8.421988904446608e34
1.2951976650171075e35
1.7970085056505277e35
1.4832559799644669e35
8.40846290829758e34
1.209890845828889e35
1.5804150020320418e35
1.2370838115469737e35
9.65070212238811e34
1.054977433737401e35
1.0599509184012112e35
1.454847089736866e35
2.587425499521408e35
1.5417554896251446e35
1.4782855039088612e35
1.9908221637605524e35
1.9402042361537478e35
1.1192251901252148e35
1.886308396753796e35
1.0889532311743653e35
1.114406194522223e35
1.2630136530011477e35
1.0448795763151498e35
1.5689244522657752e35
1.0282276032242825e35
4.590946631327208e34
4.598046089775229e35
1.7535977874091698e35
1.4010376268897106e35
1.0320435805768565e35
1.5816620915130678e35
1.5187769236264654e35
1.5264452298840003e35
2.773897007863858e35
9.94135791330201e34
1.0768316541154672e35
5.898515820432705e34
8.941625948915672e34
1.0894287637267557e35
1.0958227153517254e35
1.094412114089718e35
8.926003499459202e34
1.5289020643149983e35
1.2393512231118527e35
1.251513107522649e35
1.4842868147782166e35
9.77812783233664e34
4.556347651798708e35
9.588598030400475e34
8.41001588415714e34
1.236364217887108e35
1.2158975814602573e35
1.0388713515120615e35
1.5761330181645554e35
2.22772442841613e35
1.254997091765804e35
1.268727532867001e35
1.0549251185971522e35
2.1441368849311097e35
1.4239997215117142e35
1.2892588667506624e35
1.0366405940723673e35
1.1139932460403528e35
1.1153718259015364e35
1.2999756389914313e35
1.416211692626962e35
1.7336219818198195e35
1.0091947484734436e35
8.893074738467555e34
1.386161107105367e35
5.445219611743602e34
1.6424291353935035e35
1.0730248735009207e35
9.985269698711001e34
2.02260477194863e35
1.6202194374311086e35
1.3514614728687873e35
3.361784564737593e35
6.200631063271552e34
1.070688379275841e35
6.395907230517107e34
1.600804330992539e35
1.3449325066674551e35
1.3379202316116498e35
1.5147439517908794e35
1.4118760301503693e35
8.716691067788988e34
1.3939522223079103e35
1.8966108054658616e35
1.0391409709680254e35
1.3468407643888705e35
1.6320540259166127e35
9.992341307244123e34
9.725343786402592e34
1.0953392977672966e35
1.8881558433702355e35
2.0290376675086034e35
1.4260459377118683e35
9.91207281027626e34
8.944657326529181e34
1.7958033478359203e35
1.0379763999292123e35
7.518575880873812e34
1.5684613768772297e35
5.775145391205093e34
7.473802711793477e34
9.059873726248081e34
6.395893154768489e34
9.635457872893496e34
1.5826909247120028e35
2.459464933523168e35
1.2870559953635533e35
1.4568658832647717e35
9.754284862418923e34
1.040101783098121e35
1.4688093950646547e35
5.496323727852571e34
2.2299019037787015e35
8.766864648951812e34
2.558727020765413e35
1.881968475178003e35
6.04283474170769e34
1.234912329181477e35
1.5305122729942757e35
2.5087391840921086e35
9.721617594536406e35
1.8845158057616144e35
1.8850579105108028e35
1.5220375828840728e35
3.6170284246408596e35
2.078050497659773e35
1.0452627490690258e35
1.0720689804834456e35
1.0922497102889884e35
1.0499975593014047e35
1.5960981812079967e35
6.270012036606527e34
2.2510176263249354e35
1.0117380465508415e35
2.276429538113795e35
1.9216422230919096e35
7.347588634290798e34
1.5844681925684337e35
3.181115654036797e35
1.6903460340134525e35
1.3760486278633147e35
1.4812520310212012e35
1.3629607668924206e35
1.5359847049854977e35
1.3311119768893684e35
2.40867857655229e35
1.6925409648882222e35
9.003115033716929e34
1.4187273745886047e35
1.2905261907487311e35
1.0807472977679251e35
1.0212417514604594e35
9.9562511602035e34
1.2250818350508522e35
1.8267138605451437e35
1.504106358683704e35
1.3598748196311194e35
6.869360381167686e34
1.157819603906985e35
1.4212489851134846e35
7.902600285428918e34
2.803250014210697e35
2.9758504345069342e35
3.1903205719498976e35
1.3803043370547766e35
2.1894173028636052e35
1.2609265165047336e35
9.722638635190194e34
1.929512196190815e35
2.267190827445448e35
1.1899076066424632e35
1.4682779983848382e35
1.9845418651144426e35
5.299449432445281e34
1.315858454204674e35
2.5384181283009918e35
1.2451238707992524e35
1.2706422649106447e35
1.5805664106159726e35
5.858146604040226e34
1.3770327511851781e35
2.300027716134155e35
2.8568379271712248e35
1.4666836352760297e35
1.0279351070503496e35
1.1177687523168733e35
1.2742599225739219e35
1.7158332588750897e35
2.2665836007254297e35
1.8974116096977543e35
6.470083468917734e34
1.278425041646998e35
1.0602138723222582e35
2.391079912856006e35
8.347503748766611e34
1.3203680971170936e35
3.7922059565137665e35
1.58385977975577e35
1.2014536269096367e35
1.136881305173977e35
1.5616761115687135e35
7.537572724396793e34
1.49259153057901e35
1.3694976952851323e35
1.0158358639036988e35
1.3228524552008828e35
8.959324500958288e34
2.6018882315929337e35
1.0709844499766956e35
1.1917242905291237e35
1.5235953745949244e35
1.2775370620917988e35
1.0234936146562452e35
8.777306983484662e34
1.1928397706323342e35
4.067867572727478e35
2.9028777719035065e35
2.2255806206106973e35
2.7769424030635922e35
6.337946256359336e34
2.130755583135667e35
6.95069727949029e34
1.0895210545669006e35
2.4342677033359946e35
2.325626239475071e35
1.3292182713607857e35
1.2276707231280068e35
5.133271325522226e34
7.186389106108655e34
1.0990304886012118e35
1.8397259221746563e35
8.247042630901023e34
1.504583206803757e35
1.8607562769622315e35
1.9717378493001028e35
2.3336878686643157e35
1.995036428210366e35
1.8960558387718822e35
1.2866717745755335e35
2.0645684782098544e35
1.3406153931974575e35
5.5066166181509275e34
1.184320566043456e35
6.387754658949562e34
8.027193714518492e34
1.2048014802063351e35
1.2293737190324267e35
1.052140010687596e35
1.3782895765206915e35
5.355900982271219e35
1.0534881131699329e35
1.664889848162795e35
2.663958628720061e35
1.028700591883167e35
1.3387700834172498e35
1.6065933818056981e35
1.6038718557941235e35
1.0462900376371313e35
2.493804096332273e35
7.714406887860332e34
1.5570236273421245e35
1.3810028517010558e35
1.397416212693843e35
7.286396300194032e34
5.069462160072591e34
1.1755823067384923e35
2.0703878696713667e35
1.33910862695417e35
9.645016977152132e34
1.0106687938730425e35
3.9219967792886676e35
2.652972655720608e35
1.7151727871721556e35
9.78533605653984e34
1.3091045688212271e35
1.9991456016946348e35
1.0789305205155385e35
1.6590329756886061e35
2.0952619572448702e35
1.770214214297963e35
1.9820487663203332e35
1.9879696080165266e35
1.5783125621941153e35
1.1800455614608858e35
1.2711038852784983e35
1.1635723822645709e35
8.374030055389848e34
1.1296285498053777e35
1.5547792953135873e35
2.1239809437890444e35
1.721034420618992e35
1.1861655084073654e35
9.008244843475253e34
5.599133063740843e34
1.946196320710841e35
1.716198747592404e35
1.5316701783847481e35
3.437648688816509e35
9.114426605300884e34
2.784193057792587e35
9.590456947819412e34
1.2879012751774934e35
2.5720844913680586e35
7.880431977581436e34
1.978003887013829e35
2.2490135985872265e35
1.6052843807808905e35
1.430566436003022e35
1.6750651723785793e35
1.4638940099316692e35
1.04260446536748e35
8.403496590208832e34
2.3132874099743607e35
1.2575484390222646e35
2.3168531187685183e35
6.8291754877517355e34
1.430823097744716e35
1.459836237506898e35
1.9384320384234433e35
1.3605412226290214e35
1.498081734349829e35
1.8438206009272434e35
1.0388796315703213e35
1.987931298383814e35
1.2863799459684167e35
1.168339359433921e35
1.01808982238427e35
1.3534918933624067e35
1.97791117528633e35
1.3767902736770516e35
2.7489636919270034e35
1.9091313228546916e35
2.1506698386027497e35
9.61036043206169e34
1.6294310371161164e35
1.9091872555772573e35
1.2360904695691458e35
1.4395024234669712e35
1.0624189802468308e35
3.167884050935805e35
1.1453257755419066e35
3.313138383856572e35
2.2680776915437183e35
1.0161788433288323e35
2.5116702605973818e35
1.5162334871453243e35
1.55270614151539e35
7.2042885879555635e34
1.8578571876563233e35
6.615596073758619e34
2.063941563981249e35
1.3386595127785236e35
1.2905980056531855e35
1.5296708134486213e35
9.648264020912566e34
6.304054975136745e34
6.13996790882985e34
2.2931802412472695e35
1.4622733675277024e35
1.4168945817868282e35
1.1991906130729207e35
3.408471019498846e35
1.824242878453501e35
1.3389378219648316e35
1.2966694813207155e35
9.859163060097615e34
8.746047015133022e34
2.0548708430799752e35
2.2475671656510847e35
1.2550777380143256e35
1.3442453296668977e35
2.534907751019023e35
1.5569101587444712e35
1.9050323331049508e35
2.3989682579771455e35
9.241458657893988e34
1.018346134802667e35
2.3538812450772026e35
1.754058434583472e35
2.030749896647133e35
2.5171852465507828e35
2.1321374094452903e35
1.1396893072527586e35
1.225830108568738e35
2.052052440293049e35
2.0086663959418395e35
1.4966369652276997e35
1.0371578419524382e35
1.0581907657818172e35
2.3166947436332327e35
9.979796984761021e34
1.0840853696554162e35
1.6912875430931533e35
7.858115790991219e34
2.1133891700440487e35
1.0254655380900749e35
1.4699310151909856e35
1.3202429961370472e35
2.8045948839739166e35
1.2304203150905467e35
1.358836013459859e35
2.1813561500423358e35
3.528950070551919e35
1.5843742997036926e35
1.5096396848590232e35
2.506233059357927e35
1.4159711673013294e35
2.008774528918342e35
5.974319794718018e34
8.401523401478747e34
2.1630838543769813e35
1.1462429100714902e35
5.812364235003483e34
8.748560438157078e34
1.8697887144508112e35
3.8877118048641366e35
4.123721851218906e35
1.7340693447056275e35
2.6536956831118602e35
1.3857067195669983e35
1.0827197944324475e35
7.233450304693009e34
1.2509442335693692e35
2.2110662601343713e35
2.5544716575364506e35
1.4026178113186223e35
9.645901781406665e34
9.705997650630168e34
1.3236109343487466e35
1.5625101582021529e35
1.2752554014752517e35
1.927372113334975e35
5.908930423887129e34
1.3130324153068638e35
1.1866550240095816e35
1.0716348695692046e35
1.2819452809893693e35
2.1596349404820344e35
2.1071982369202764e35
1.716453533216722e35
1.2252778154850335e35
2.075435390102607e35
2.1374011571542418e35
1.284172838018181e35
1.0297527199690359e35
3.9273227660975896e35
2.4304043473094373e35
4.2926022001357295e34
2.418980658377399e35
1.3060291107206239e35
7.329415343149668e34
9.44370672894983e34
1.7084024938511256e35
9.919247388224193e34
1.2996527616995783e35
1.8569868419877173e35
1.560574932915948e35
8.504094775940803e34
1.7352871528573267e35
1.6228910376843896e35
1.693454059147662e35
8.495765743188126e34
1.0015083512671196e35
1.1560365225200546e35
9.458551055146262e34
7.277225778928447e34
1.761963765777585e35
7.092110218917611e34
3.09797838936625e35
2.2806576656442597e35
1.551996579744684e35
7.580800076801804e34
1.3113590392019082e35
1.442355860471368e35
2.6397430021799664e35
3.2399683660218775e35
1.610387939785595e35
1.3521549548642671e35
1.5570285274378647e35
1.8595175373335743e35
1.0290464560006137e35
1.8610255289398995e35
1.1280885818051071e35
1.1004250246848164e35
1.033132744025026e35
9.897166872880046e34
4.452050327008972e35
1.0906495910563586e35
7.527565769165958e34
1.4851276419488805e35
1.2596514628564666e35
1.8391105741141394e35
2.9582548929716873e35
1.7357748110706224e35
6.476050797800876e34
1.0083270281191397e35
9.659525448674163e34
1.0315498506010921e35
1.5464147705049672e35
1.2134474550780888e35
1.7926588645456816e35
1.2637329476665142e35
1.156905347665413e35
1.063625202217071e35
1.6904733556260477e35
2.3691705287753786e35
1.6414446514132948e35
9.294588055302557e34
1.6420521891039205e35
1.2299903992354885e35
1.0010453068670302e35
9.37116837794702e34
6.316337356401383e34
2.595963213067663e35
1.2248929942962732e35
2.5952673864731994e35
1.5295458283325873e35
3.0007076511509024e35
1.7042719263921486e35
9.003240519723625e34
1.3793189943356289e35
2.017312278070326e35
1.3267800862136607e35
2.107387063835105e35
3.2710692637153117e35
1.430855442839544e35
1.0766436557804082e35
2.794803797441646e35
1.0442508287772465e35
1.6259375094195797e35
4.603329375467476e35
1.6050120022434882e35
1.3850753929231923e35
4.886257867390342e35
8.6669081085162e34
1.2554566124699323e35
2.0338230870886112e35
1.3256142592519344e35
1.2131138240114375e35
2.830818976794413e35
2.1618715033397083e35
1.171453524212484e35
1.1088970906432788e35
1.1566035817636038e35
7.783732174166044e34
8.73456226620329e34
1.0970428471678805e35
1.819670915405203e35
1.1736252882658539e35
1.507562850220926e35
1.701579330805489e35
8.132067172119168e34
1.679393579132333e35
6.841567172469063e34
1.005238365391912e35
1.1381067066529475e35
2.147748669793806e35
1.98278412643274e35
2.1699512950145263e35
6.793644787565083e34
1.0836626112730848e35
2.3530436604169165e35
1.6661409578071647e35
1.1905367709695563e35
7.455681315152161e34
2.607590851650816e35
1.5971052722300151e35
2.345885674049741e35
1.1265343221779797e35
8.226504634092707e34
1.1168475731889297e35
1.3515703826516977e35
8.267960658240577e34
2.0999391527476606e35
1.523645218410102e35
1.0485363143150877e35
9.570949161099778e34
1.091372162495214e35
1.0735094301308196e35
1.4223332913323045e35
1.5471162042762698e35
1.3881254784908923e35
1.9544929454023948e35
1.6441936508033525e35
9.777941916887702e34
1.926298456184775e35
1.418000496125647e35
2.6230062573053005e35
2.107409903145278e35
1.0245899063210752e35
1.993639366844433e35
1.137045340389342e35
1.26855895033529e35
2.233044603690128e35
9.983814688632033e34
8.324473844826054e34
1.0847903169341733e35
1.2273293629988896e35
1.6871181821903676e35
6.98128845578113e34
1.4176087411885667e35
1.5644510280785135e35
1.1909622762128912e35
1.8931361387985683e35
1.584096671076611e35
1.168111791317906e35
1.3567302818300624e35
2.4053361324883214e35
1.1832371111782251e35
1.773060653539684e35
1.4587773250766308e35
2.643544425677955e35
1.0156130765065438e35
1.6388488245422052e35
3.4558596330030595e35
5.318289664258322e34
1.2069595959979971e35
1.577210992415416e35
2.144458014180355e35
1.1518528397930433e35
2.5322467360528067e35
1.2693972972337491e35
3.2917049759086373e35
1.3696337471954546e35
1.9032930973427598e35
2.118873401396818e35
8.56603073348118e34
1.1380956658421115e35
2.0267841465160287e35
1.4907865509945015e35
1.5534839822370727e35
1.4776199670241155e35
1.2318570192816795e35
1.1082039752679762e35
1.2879107521796026e35
1.1130025899361783e35
1.4263421360383598e35
6.747880007109546e34
9.271557484181708e34
1.282616849945221e35
8.721864969308348e34
7.374849971263128e34
9.798769259118291e34
1.2008869139105607e35
7.764140195686558e34
1.0743312262161052e35
1.970144163693798e35
1.0904658794918883e35
9.425357326269395e34
1.1892817496300058e35
1.2311443991833923e35
1.602443834685031e35
1.3325311686143215e35
3.54219256143332e35
2.757830393007766e35
1.1329237253800555e35
1.412664162228762e35
1.020291682960514e35
8.654199523944292e34
1.7816206657959904e35
2.2821252891338783e35
1.4115858134342786e35
1.0175068110660434e35
8.17527287848976e34
2.1138081419031413e35
1.6021738009930712e35
3.785531385573849e35
1.8176058931299934e35
2.1476930204524703e35
1.2129820499292741e35
1.5706416000832184e35
2.272879524704615e35
1.8592203443327685e35
1.1289501604993705e35
1.3336497821325155e35
2.002297788291165e35
1.778298469655969e35
1.5481091263425923e35
9.876935333819223e34
1.4467482766136024e35
7.273311751046126e34
1.3003581096115594e35
7.783541784961927e34
2.369016034441437e35
2.9931666600779024e35
2.4337040309506566e35
1.1453915843987825e35
1.473969326410583e35
8.063625109278565e34
1.4041849798035604e35
6.202328797698396e34
1.6153701760616161e35
1.537099983231718e35
4.041229819917767e35
1.1573136887234289e35
2.4112846125059777e35
1.8479103094765552e35
1.743965384448767e35
2.1610715514432788e35
2.8937926378141884e35
2.9083492549952205e35
1.076858176757577e35
5.204724817084086e35
1.220037062819018e35
6.480231837352345e34
1.6243848077027761e35
1.2241332822036402e35
2.8662893504024412e35
2.554093753881535e35
9.424304263281707e34
1.6486898461096364e35
8.685869738768551e34
9.00582918125006e34
2.073725457564621e35
1.9272567401003512e35
2.1414091142707664e35
1.6419435557633704e35
1.1604160884821214e35
3.2193375623445747e35
8.143491280459816e34
2.8771006956308865e35
3.381915314643424e35
2.4409080209412286e35
1.0570270872117112e35
2.166203348902542e35
1.1205096508498504e35
1.4152833594912382e35
9.561834137249529e34
1.6533019031912061e35
1.3198886040703086e35
1.4471100382708668e35
1.621496846114214e35
8.513973727970977e34
9.054058995548428e34
