9.847195148970643e44
1.7390652125039934e45
1.1016486341072486e45
1.3465369114856553e45
1.0987761296652057e45
2.3799228861113005e45
1.6816600244896498e45
1.5527279980802798e45
8.824126682097675e44
9.252520558310315e44
1.9424615521878218e45
1.2443352516452707e45
1.8106489069258157e45
1.0204745062268946e45
4.098599665231011e44
6.323066892731362e44
1.2052329154347984e45
6.127684033272121e44
7.671083100767106e44
1.2841874549718078e45
7.335746740157292e44
5.797252916290915e44
8.877382218497929e44
8.715761338565509e44
5.417071481013406e44
9.323633726987672e44
1.2194601476032526e45
8.822269370866565e44
2.5319562446251815e45
1.7614399557373815e45
1.5996264079873063e45
1.7960805909258366e45
1.1704848278394542e45
5.365214943604048e44
3.337497824990842e44
3.610635843362635e44
6.827477708477623e44
7.314010533605235e44
1.1721099832570314e45
2.0692400344113403e45
6.2107443428092446e44
1.4768374521018236e45
7.157274317434143e44
2.0462513557111897e45
9.986496319910295e44
1.2013134932880753e45
1.7161835490854166e45
6.626408381749477e44
1.251568365618072e45
1.1501045446484719e45
2.1147932407825204e45
1.0815202585883311e45
1.0328153857486601e45
4.690447221276297e44
1.346006463892623e45
1.1407895463888273e45
1.6327820369424438e45
1.030127411288366e45
1.160178132237881e45
1.5890923278028394e45
1.6878195116461158e45
1.2837188933541042e45
9.359978505848876e44
1.8866520863169152e45
1.7882781838545157e45
2.999715040535823e44
1.1350798580207981e45
9.353067984731784e44
6.435423680417391e44
1.8208320331730004e45
1.1380628771548958e45
5.684947951233589e44
5.339926306696073e44
1.3949283937835845e45
5.910042077284405e44
5.4209971743769415e44
1.4498942069469877e45
3.365453782162362e44
1.1366057648924586e45
1.284881925019375e45
6.353049442911921e44
2.0426166650425636e45
7.934513266120168e44
9.23052789863664e44
8.897523773242484e44
1.1253652046776147e45
3.621940924182573e44
2.3607074201963017e44
9.279960033298794e44
4.606222483257747e44
1.1191979167352694e45
3.0085179210521457e44
6.337680591218492e44
1.0357642005518725e45
1.654667239826656e45
5.8706194395221614e44
2.3408683775300982e45
6.759994481457883e44
6.321511140486326e44
7.982082008520708e44
7.238314733792503e44
2.4797107486045397e45
1.6319192229100032e45
4.5721201718301276e44
6.965637179230869e44
1.0314995891617948e45
4.862820880801032e44
9.962414197141848e44
5.0844955374727384e44
9.93817781646891e44
3.59293432957447e45
8.909269648051127e44
1.7547297523749897e45
1.4221931008632863e45
9.777759867914783e44
2.5339377481748095e45
1.802200420121867e45
1.1173836907455472e45
6.20537388631799e44
9.188158978224347e44
1.767314779957961e45
8.526952494815715e44
2.129918955951778e45
5.955662528284065e44
7.926826517178187e44
2.887706032266632e44
1.3891812708799456e45
1.0699430343415541e45
6.774907966983188e44
1.0477475022512155e45
6.333986423515349e44
8.487379518210782e44
4.639050559373204e44
8.346367698494263e44
2.5038295665794787e45
9.404685340650537e44
1.2351342549900708e45
8.35748890880387e44
1.148121140916671e45
7.71589886020352e44
1.01816663828585e45
1.9743458111053257e45
4.921153447772539e44
6.914128823799833e44
5.342372670351575e44
1.858981960427954e45
5.538867771144297e44
7.161509937357718e44
9.690346653871675e44
1.44246020804872e45
2.1626538349190976e45
7.26082620457852e44
8.681418069839741e44
7.612973513729848e44
3.854840185359013e44
9.958517118318199e44
7.583543418977958e44
8.141692293084115e44
4.6723487953507875e44
1.8133004265267084e45
1.190717221602369e45
1.0848015613866668e45
6.3263208246100254e44
7.655114840383986e44
2.1633842676491986e45
2.7469433190289017e45
1.1955480303899103e45
1.0051996997149097e45
8.136518566449425e44
9.049754165980826e44
4.000170481802781e44
7.234422781162355e44
2.6529272656089976e45
6.3988079123138315e44
5.166810109778682e44
6.602523987882296e44
4.492525438391325e44
1.4113385149942578e45
7.18950250664673e44
1.8023804995529e45
5.88038086458681e44
8.339145413433586e44
7.33268743898243e44
1.0097715906735468e45
5.514535277693948e44
7.365546566647567e44
1.04204970770741e45
1.3824276717856301e45
5.8992832671203114e44
9.299728684999462e44
1.566226509658916e45
1.77453548523358e45
6.555974859622629e44
7.927579111124781e44
7.014466675077826e44
5.725725852485185e44
1.2088174357449573e45
1.2343761562581277e45
8.779182788476461e44
1.2307459808797175e45
1.3473907845647979e45
7.400171712808125e44
7.12886582045427e44
6.6811842493800365e44
7.259187092671048e44
4.616846612587486e44
1.7702124733189023e45
7.082599582454848e44
1.4842501109067684e45
4.77746697774883e44
6.429287047342675e44
8.194272600620255e44
5.010308460681389e44
3.483700765380174e44
3.9185155798852807e45
1.0171639287118727e45
4.641293451352342e44
1.3225479270870529e45
3.607949665632117e45
5.441527494954461e44
1.94842682247308e45
3.748179473463254e44
5.916556494169882e45
1.0332273797031701e45
1.1524800836552304e45
1.0814682911014704e45
1.626262989803406e45
1.3987526661725132e45
1.671416425075299e45
4.982826454179385e45
2.1830636051922115e45
1.751590654757587e45
1.1285384527422641e45
1.4787493007789985e45
2.2243910773268943e45
7.0191223310679464e44
4.9408417459343205e44
1.2957089505029743e45
1.260400924198554e45
4.624651691366859e44
1.0578904458434253e45
6.938850106125587e44
1.0174830460366942e45
1.120493221454833e45
1.2513851427034793e45
5.860362948424284e44
1.0310873351027221e45
1.1104822174277493e45
1.530654515907347e45
7.990670497605305e44
7.102282287095352e44
5.018267172343188e44
1.10164931535716e45
1.1653529987301212e45
1.6205378513524434e45
1.442170357691758e45
6.5069276336014645e44
9.333788171623653e44
8.183514093748309e44
1.504127887693399e45
5.9306346218794384e44
6.09652502559735e44
1.450526318111943e45
4.08678290113603e44
9.87678576538075e44
1.2006591490422803e45
1.155461452240978e45
7.577924978782163e44
2.1232687154814676e45
9.57389098430817e44
7.565066134126399e44
2.1193221975788127e45
2.0020504618551663e45
1.941173229985325e45
1.000342229622678e45
2.6099357155844124e45
8.494378809163005e44
7.772358634687261e44
5.4818637914296464e44
1.171717605171353e45
7.778309611350724e44
1.5514415238431005e45
8.113089512124104e44
1.2515965270733272e45
1.6481891297446503e45
8.924940368748541e44
2.1053685495793215e45
1.063427559430425e45
8.370209266445396e44
8.890804652599283e44
1.8922556568175934e45
1.176097750282618e45
1.7171339787763828e45
6.102415854154605e44
1.6058229849218946e45
1.0729451491236133e45
3.70440027187188e45
1.7296379962055935e45
1.1239980468797811e45
3.2598401980234604e44
9.032587316441113e44
7.169780010220554e44
1.033018933456951e45
8.767033599284928e44
1.1573332178198772e45
1.2096408381496011e45
7.795740967651595e44
1.118662613743826e45
1.4825461409119372e45
9.884526316985737e44
1.0778373992986257e45
2.0842968138542172e45
1.7495460056282428e45
1.3714146784371599e45
1.4247277971394012e45
7.1296422824041805e44
1.1181992865567715e45
1.845707905137086e45
1.2433914194450934e45
3.833023669598982e44
1.2634161077533086e45
3.785608130075013e44
8.839338098469757e44
5.93363408012445e44
4.657078290774759e44
2.742482712812779e44
1.6874725145002745e45
1.0014839652285715e45
1.1222803424616752e45
1.6261968353291178e45
9.839368065473353e44
3.1534016944733096e45
9.313080164000001e44
4.937299103416316e44
1.355505740598449e45
1.183284419031836e45
1.4191555110861292e45
7.841158085597787e44
5.455677437954059e44
6.538795720245116e44
1.4314567530854687e45
9.576084360550264e44
6.966306344148457e44
1.3918783362775047e45
1.1671418581268979e45
4.3001016124957755e44
4.983282382506066e45
2.081509919879692e45
1.665365041044945e45
1.0296622818236857e45
1.7393183575830863e45
1.2987695848969492e45
8.695428678045522e44
2.3593090752713513e45
2.1494136305595727e45
4.346587447326827e44
1.1045462036464675e45
1.5619436169054414e45
5.0488185883982934e44
1.6720458217803614e45
2.10678984198656e45
7.986367138937439e44
1.2799771363637839e45
8.313700051732508e44
4.9221067670677476e44
6.968498914624465e44
8.04386073555562e44
1.2216468210775354e45
1.987698530600086e45
5.5217300630262964e44
1.2245247334578576e45
1.8334598868232743e45
3.2135875625280058e44
9.674857800091213e44
5.5470739178067456e44
2.4400084774196534e45
9.500200879373473e44
1.467202076932147e45
1.7973731838839888e45
1.4815266828449277e45
1.8021928729379625e45
8.507276989084313e44
5.483493245169053e44
8.159895451608762e44
1.212851477398629e45
1.0549670422215276e45
8.195458628476926e44
1.6769921492733962e45
1.1955653495335454e45
8.981032027027378e44
8.825113868813103e44
3.68588542320535e44
1.8637284340898542e45
1.041276589933272e45
7.579353342668537e44
2.1895298826980306e45
8.132735455430621e44
7.94745445103337e44
7.311180947863938e44
6.075861395544762e44
6.340748598856737e44
6.144316612501482e44
1.0809198383374216e45
8.740608488057673e44
5.344616234467733e44
8.091934652206766e44
8.642196685640553e44
1.283378601796297e45
1.0443780438770975e45
1.2539565725814492e45
1.0186438826236928e45
1.8847260910734032e45
6.869961539838619e44
1.48302542790784e45
9.69064164880815e44
1.402710427518386e45
2.0094121977520393e45
1.0014979851367078e45
7.852556536446915e44
1.107516582216343e45
4.8558349279860394e44
1.1466599606984924e45
1.9109427282494207e45
5.0934302545210575e44
6.295418625061117e44
1.1410069921455484e45
1.249439204753476e45
1.9713473429310003e45
7.290071534661064e44
9.053460262045041e44
6.877952021385546e44
1.4481542962626663e45
1.3836020577358825e45
1.2921364654264703e45
1.844021957319836e45
7.614885398783399e44
1.8808059237921002e45
5.820415560165046e44
9.895189248213511e44
1.596891776054406e45
8.30110097428907e44
8.73128693938585e44
1.6616199323421537e45
9.139419043531072e44
1.0937423381962391e45
1.1581062196459474e45
1.6282527413592472e45
1.2053567147073712e45
7.323834181957551e44
6.861097947840737e44
1.1994441357287088e45
8.380265522407312e44
4.148432769848345e44
1.509311374050296e45
6.145413891713476e44
6.618624028260933e44
7.197085391532314e44
8.766930444757023e44
2.0784415486499314e45
1.7530430607989973e45
7.973161867187359e44
1.5985731635351282e45
9.87880318714921e44
6.0909520338152495e44
3.5590158755719123e44
3.875722520450652e44
8.080249509720125e44
5.630352674861205e44
6.512839823824343e44
8.610048536259051e44
1.353826646418182e45
1.3964030156106648e45
1.0851083192174922e45
6.900043198094891e44
7.044794027669003e44
8.85720135853031e44
4.343279469067098e44
4.871189131582589e44
1.0155179777976664e45
1.873362282749069e45
6.330493919044608e44
2.7189409129871634e45
1.2896534203037632e45
4.501350569902757e44
8.995510115779234e44
1.1319348369060447e45
1.25943357983137e45
5.7671516165926665e44
1.599868735051405e45
8.345539749904534e44
1.742556099594191e45
5.773087033322162e44
4.068388816449952e44
8.419654297265076e44
6.181651340888666e44
1.4559630321001777e45
1.3445877712242526e45
9.449831089425541e44
7.981423744802967e44
8.796940994317967e44
1.3627018175880166e45
1.8097863484289744e45
9.949672381696508e44
4.838450553002105e44
1.362790738125175e45
2.0653560283345043e45
7.710221748179803e44
1.4654328654792638e45
1.1562720323350542e45
1.121887850819388e45
9.271350343189644e44
6.124844057582795e44
1.2924700420397685e45
1.1040274850862419e45
1.310941799814393e45
8.869804620929888e44
8.048853556161935e44
1.249209051471874e45
1.214357532921987e45
8.264396216501157e44
1.2184543853165617e45
2.0578512522432222e45
3.843679206458661e44
1.5216330824577355e45
3.4803594428710377e44
1.0195651471788031e45
2.0581925381691113e45
7.026240208456728e44
9.940171105576233e44
1.185410678871421e45
8.577426016646217e44
1.3502015357403287e45
1.836849633989218e45
1.4905870390601983e45
3.891815015651642e44
1.9300077666063335e45
1.54893249472827e45
1.785594730607574e45
1.672945604425183e45
1.6902261535684254e45
2.3668005734847836e45
1.1001826489926201e45
9.756741833351076e44
3.777606900972485e45
7.559581884360728e44
8.453488428988868e44
1.5545352570997362e45
1.9479451170764054e45
4.822994855888905e44
5.0864135261362894e44
1.3899720732225265e45
1.0996232779459511e45
1.9946616418159758e45
1.0629262770137874e45
1.4397579794424776e45
6.160609294187561e44
7.960572243569622e44
7.342747704017037e44
9.175701160475132e44
7.484481468398699e44
1.6136600321416484e45
1.3928624601334085e45
1.783537447706394e45
1.1296153895649784e45
8.751978432258754e44
7.891526125454681e44
1.215147124551099e45
8.379569735870662e44
1.908298118727321e45
5.801100725622118e44
8.796334224564006e44
7.574174537139498e44
1.56987938481276e45
1.4117373352364223e45
1.622712293462483e45
1.2775645859758794e45
1.1425651959785757e45
1.1775144766251921e45
6.155280875689134e44
1.047475468196187e45
8.4434759765629e44
1.3102138250876874e45
6.3477208371978415e44
2.7210574743647895e45
1.1416848929128826e45
6.543492163933688e44
4.815052790222926e44
2.7148608040335326e45
1.2758321785125068e45
1.0635458085455888e45
1.1865742731995585e45
9.870351187634859e44
1.1780538044641133e45
9.556135150951864e44
8.238814187406444e44
7.405966381652631e44
5.959546851821874e44
1.9105442563888337e45
4.043408433097983e45
4.859360098296313e44
5.822026946793516e44
7.062179115022586e44
1.8538739132098845e45
6.815363070352337e44
1.258090316989098e45
1.2982844771709628e45
1.9346419868841777e45
2.3963853643285036e45
1.2719101484610428e45
1.5893849594016475e45
5.93218791775031e44
1.0401082771923004e45
8.19503039565942e44
9.739647934402428e44
1.6910242808022045e45
1.4682236284999337e45
6.026187494916438e44
9.671682944819035e44
1.364504113088344e45
1.0148272628407786e45
1.0414633839687659e45
8.610931533217198e44
1.1788715893570809e45
1.1847094957637582e45
8.28819912888857e44
1.2172790257737141e45
5.469856697930427e44
1.8036488187952407e45
1.0949338821934875e45
9.381580401466226e44
1.1335429048967224e45
1.3837538833660557e45
6.485228938487887e44
6.18051223582214e44
9.44777768509506e44
8.366656970240609e44
3.0972591287902604e44
9.504590359290144e44
7.601686330722258e44
7.820102657984204e44
9.625107247779929e44
8.417160054918276e44
6.0525922907134315e44
1.1998870803872944e45
7.347152778900862e44
1.3778139946773918e45
1.4471159294537613e45
5.3981806048352025e44
6.7008903083115755e44
1.5792793827769477e45
1.5753206471323142e45
1.660724895313066e45
7.00115771584329e44
1.1476271210336407e45
9.162805121613666e44
8.285493403993861e44
2.1638678417687926e44
9.9151141284854e44
1.0369204451990758e45
1.1572020774103976e45
5.909828755789072e44
1.0528543665977775e45
1.323540756505415e45
6.476315882792986e44
1.3384089156615444e45
2.2576730927752588e45
1.227818071704747e45
4.173094229177892e44
5.534714889513173e44
1.7198108312896882e45
1.485650704429752e45
2.7484933577710135e44
8.129695540876644e44
1.044525817075421e45
1.2607401483481864e45
9.0674133283142e44
1.2074146647326272e45
1.6736106376658003e45
5.702431404216914e44
1.0852233473888108e45
1.1256499956904764e45
9.03586169548921e44
7.203721071829116e44
8.049492826346005e44
1.361797512979175e45
1.2666442339866957e45
1.3370350243691787e45
1.5990587886421826e45
1.1568655996968078e45
1.3180282985912318e45
6.058018259495406e44
7.797897078182961e44
7.581888853905299e44
1.8502921920754335e45
5.303942740010571e44
2.4534988316524867e45
1.1166524814511753e45
7.486267927136659e44
2.75771762171905e45
1.4574971277218804e45
2.036495086343194e45
1.4182376283404255e45
9.945254754059385e44
1.7003960891654288e45
1.149013866780975e45
7.956172315758571e44
1.567691233296836e45
4.105252512308882e44
1.113463815181084e45
3.9579992398755755e44
9.864411196865275e44
8.410870708934072e44
1.618791433518139e45
1.836131772240675e45
3.0418429457886146e44
4.727317100275588e44
1.0140430029363184e45
1.532822122563126e45
2.1265333142080238e45
9.397742293654477e44
8.58293544600543e44
1.479733966620141e45
1.028399175037088e45
2.1685797480090524e45
1.4964567379978976e45
2.051969539607667e45
1.5939074689406067e45
8.096285567450174e44
9.25497860816204e44
3.6510361011109055e44
1.2585367272735336e45
5.623619971511166e44
8.09879862514648e44
1.7267115505455253e45
1.1338181944411549e45
1.3205337671610434e45
7.079582024014443e44
9.955167452468235e44
2.5364386694512338e45
1.804770720722703e45
1.4776264808597558e45
1.658489858429456e45
8.926257351844053e44
7.312517257790275e44
1.0978158041093059e45
1.586851291250341e45
1.8085981484595e45
1.2678737914984099e45
8.156446099078047e44
7.6206699451549e44
1.7565321234918413e45
6.428161927438655e44
7.504561564041545e44
8.86054553780588e44
1.035419566091346e45
2.176267010863044e45
4.441080240715595e45
9.645410847898981e44
3.180683129964927e45
8.674829171926702e44
1.1512428040887058e45
5.188071109871702e44
7.250801492329026e44
2.070727587243644e45
1.4782474845452715e45
6.396435126555256e44
5.701842322246581e44
8.053761951403025e44
9.517024072292054e44
1.584870202260362e45
1.1800328865736608e45
8.25342833885477e44
8.557863498307883e44
1.1890497861587393e45
1.7951172872126977e45
1.417777498983269e45
3.356051045740398e44
8.317319078332107e44
7.275922088573022e44
1.5192211238130342e45
5.7677995953665155e44
1.06332841722815e45
1.1980038112922661e45
6.492001452381725e44
1.03878986694385e45
2.195512636943043e45
1.3282140736428839e45
1.0464270409339005e45
7.784097625055169e44
2.422316751765329e45
1.3537917717928673e45
1.1011622132762853e45
2.930394604256538e45
9.886490989368359e44
6.888197073765266e44
7.082516130850806e44
2.0712551631812026e45
7.706686213109026e44
1.297128070646218e45
1.236797424062533e45
5.968022165803917e44
2.203685294048599e45
3.814575881988329e44
7.505696609031053e44
7.946168614585448e44
1.3856632974984249e45
7.222957968227529e44
8.883544298338337e44
8.708277711353198e44
5.383813987546621e44
7.497045766894784e44
3.820418095728837e44
6.397592884266085e44
2.280116320782353e45
1.1889007984533229e45
1.5928004837761263e45
6.398461765916946e44
1.9075338553923226e45
6.8863707707855395e44
1.545230734692996e45
8.7215069185442e44
1.1541923737867523e45
1.1928003492947797e45
9.235998621278025e44
1.1623942144501218e45
1.8393271923082048e45
1.480162314574946e45
1.0763258224035418e45
1.733951687652698e45
1.191652313304477e45
8.336673366345878e44
5.741032418140199e44
1.7144773840407648e45
1.6627240085656046e45
4.9963172162257156e44
6.114885529055616e44
2.440128489903268e45
1.454725459614809e45
9.04027563538558e44
2.0628704990520208e45
1.510177742035018e45
8.88760076406774e44
1.2295134795486405e45
4.975299623128092e44
3.3635588056926674e45
1.5768210786049642e45
8.827786300251912e44
8.473925940177123e44
6.9726972539082195e44
9.064596162374994e44
1.1380201274256816e45
8.169606435896997e44
4.640752342166931e44
1.4465679610852824e45
1.3162624866506979e45
2.622363714286497e45
2.3347571664961532e45
1.453081278729399e45
8.420281892772189e44
7.296760945498809e44
1.6820461162723642e45
1.8712200279540222e45
1.2948295140986867e45
1.5798341722406274e45
9.130148969063195e44
5.688255876658458e44
1.606372083506492e45
3.349492938711438e45
2.1845631524193692e45
1.8081645946342692e45
1.0353305111614588e45
4.583549547774157e44
1.1187589373602027e45
1.2876282617563396e45
1.0031179304455557e45
1.0032676380311013e45
1.0249980751973792e45
1.2036543727090365e45
1.4992708545743992e45
1.8797117643403088e45
8.43424826025799e44
1.0717025096500176e45
2.9313267475401906e44
1.7834031772322027e45
5.2583614592205486e44
4.42758862759967e44
4.93918692403511e44
1.096478838356313e45
1.0510829293511884e45
1.47899261109691e45
6.882760696545473e44
1.722432647704893e45
7.703507745473906e44
8.808500621154733e44
8.9520126556296e44
1.2142123941317462e45
1.539385670406742e45
1.5312120716255017e45
1.0948257825323963e45
2.8433291299118045e45
1.5149989594101426e45
1.9325583527393226e45
1.0056965524156222e45
1.2190540160926883e45
2.2526866051893894e45
1.0478872643042533e45
1.4175191498855264e45
1.1138721223852835e45
8.01881291986429e44
2.191893203024804e45
1.0193267584262669e45
9.667803551813626e44
2.085603217779426e45
3.311987111341261e45
1.0509464421711148e45
6.260873100162436e44
1.4719109945977562e45
7.516755992095577e44
2.3133471217732455e44
5.014533219877458e44
1.5230789749604172e45
5.116940005650701e44
1.6094999112194855e45
1.0853460952459264e45
7.008024916534784e44
9.736022953233199e44
1.739257851702891e45
1.1115334166829601e45
6.827695630280328e44
1.1519927826971511e45
1.0380634310448446e45
1.1600983982999455e45
3.12765737950724e44
5.913191335268381e44
2.1915609341265323e45
6.915093384672621e44
9.656397818456513e44
6.282555195797021e44
1.6637986063394495e45
1.3310166278703937e45
1.002255207158483e45
7.191235074023667e44
4.500152966411111e44
7.186221012734902e44
8.227294731259398e44
8.191493794988917e44
1.3565413140809494e45
7.330421259786461e44
2.026840363006808e45
1.1431125735882692e45
1.4742856597338585e45
1.0039494253546949e45
2.2186851135207935e45
7.82523772706354e44
1.3430653099746637e45
2.0837014979524944e45
2.144039573724378e45
4.7360773793095775e44
1.761547226311863e45
5.1908363072624185e44
1.68020676148115e45
4.0997631556080935e44
8.710410943204298e44
7.221693417080313e44
1.3706394427055261e45
6.579896433462679e44
7.070508877543022e44
6.778169143258908e44
8.807646678457631e44
5.535129080316233e44
1.1981192053056686e45
9.134003702719996e44
9.817533926622938e44
9.263770761421486e44
9.330121233755889e44
1.0945581819927262e45
1.3288363957452233e45
1.7604456453993042e45
2.6076838171455703e45
1.0121139730152182e45
6.93981586341013e44
2.8609189887747947e44
1.7899737921721402e45
7.793543323419177e44
1.0110927531881483e45
5.80129076971451e44
7.138684193114596e44
1.267692553222364e45
9.69610962145819e44
6.562529248878208e44
1.5191735272298115e45
1.4576266071423302e45
5.913548985236253e44
8.736769126945573e44
1.1066492209184165e45
3.551965458736999e44
2.713358896746862e45
2.427386937241532e45
6.247552144589571e44
1.070260773999518e45
