3.8350540803441164e104
1.592917168356252e105
8.231096430493157e104
8.293801356150015e103
4.954414764895096e104
1.8592932555820985e104
1.3592785537434032e104
5.974454579179131e104
5.966607731020264e104
2.7770287576606787e104
2.5430445905432682e104
4.558791582765326e104
2.227631966984233e105
4.499056656776914e104
2.1532845746256637e104
3.8904515805672604e104
5.694837943618549e104
4.632800657172337e104
3.090383316987657e104
8.05687545065855e104
9.826617580906493e104
3.666884247086539e104
5.231435710696636e104
1.3742156630106806e105
3.1103594812489964e104
1.0177866851954973e105
8.47330413913266e103
4.8991261509771776e104
5.745952187994001e104
2.3560927634176077e104
2.042979686023013e104
5.4877328079579894e104
6.422642843183079e104
3.929545814978074e104
3.72601200089455e104
2.3175344003890688e104
6.626609887898008e104
1.8966957471723136e104
2.786561438548428e104
2.6304427235294463e104
7.336007094460119e104
4.392150076951238e104
4.1081189532392625e104
2.7436065274105767e104
1.2712021100298005e105
3.023393633284887e104
1.1430926456794697e105
3.6736354791059515e104
3.1822020742277863e104
7.220209632268001e104
7.358688786031474e104
1.2389431349359013e105
7.605289990664317e104
2.2232186764053177e104
9.507267187120292e104
8.928762954740039e104
6.305926848531504e104
8.838646979993176e104
2.867246034975207e104
3.035756591365264e104
3.184193872943246e104
4.8271990080778697e104
5.876172231220364e104
3.716643293650898e104
3.8731783947691314e104
4.726414158533333e104
1.5576477238967057e104
3.3467138052086474e104
6.074724159397686e104
1.0469517317203999e105
2.3785878629627965e104
1.0781006993498865e105
5.2947686350793525e104
4.329533230588684e104
2.0455851437023643e104
5.008773315374643e104
3.3103997356424874e104
1.3244047986581387e105
2.387380368420345e105
7.124595372176942e104
1.501087086024623e105
2.7957806814946408e104
1.8131228195746895e104
7.719535942860582e104
4.7209164573166747e104
2.8516992427703697e104
4.823613050494189e104
3.615068494691854e104
1.504128118223314e104
1.2184371440710813e105
7.12872952051197e104
1.0155680779247784e105
2.5701892761401895e104
2.961600633590202e104
9.856123770169704e104
6.833395059855444e104
4.8681667822440285e103
3.120624999635608e104
9.317218353951573e104
5.976351749876235e104
2.3930257430954073e104
5.143877426736525e104
6.089875393115406e104
2.6938002080379206e104
1.1210905025744549e105
3.600147828887645e104
5.482932473955891e104
2.7747652056327183e104
2.410240490893236e104
4.813088820846779e104
8.331026367731535e104
1.945064622845397e104
1.7779990281438627e105
4.180574378142605e104
1.0364437611783393e105
5.514542221561485e104
5.769420127758675e104
6.032196721686643e104
1.9886364757876576e104
6.12982003766412e104
7.569746205743299e104
2.737616928504036e104
5.3209072243847494e104
4.587331870026849e104
4.0151324312088624e104
1.5623596457535335e104
2.837203479276914e105
3.4889970890977784e104
6.473405441683728e104
7.54396732318639e104
2.8047555087164455e104
4.6285531205163986e104
4.245848921087252e104
9.745440303157206e104
3.68217718846832e104
7.480499058652622e104
3.102186000693326e104
1.536173360907504e105
4.891478631289696e104
2.8525139551552426e104
1.6559970925847143e105
3.5145185855184957e104
1.7666642933662008e104
1.88346072482865e104
3.423529462999891e104
1.5975500598000098e104
8.078933885065664e104
2.3709351638482946e105
6.501487292771834e104
9.925857719949654e104
2.0289456941476196e104
2.9766807412515305e104
1.1481650599554725e105
4.377851994932567e104
1.0801371704765444e105
2.2907910380637798e104
4.969165820770095e104
1.175616208265981e104
6.998182499974705e104
2.228334946558421e104
7.153520007488542e104
2.2553571564069263e104
3.268808217848469e104
2.323095635888635e104
2.2893075279576593e104
3.538350980624972e104
9.412068576967928e103
1.8142965684587315e104
1.702126264971003e104
6.864767643277705e104
1.344533952152942e105
2.63717840092465e105
7.695667962050984e104
3.2375103473746695e105
4.125305835127978e104
3.0000035032945e104
1.1747575528312987e104
2.4991550189194005e105
8.809410259875502e104
1.4463271468601168e104
4.941276591908165e104
7.718020599646564e104
2.5979408514058217e104
5.6501416982298755e104
1.0500270420941072e105
5.388464166444459e104
6.544864689121826e104
1.4883752180560998e104
1.8633856139684967e104
8.089857529393793e104
3.7367381052133e104
2.512955377269751e104
1.774110629870798e105
6.590493194839049e104
1.410039182830035e105
5.6830270710749214e104
3.2184177305710565e104
3.650269573731956e104
3.473767534973322e105
1.347660941327693e105
3.5096637840187946e104
4.6501646128198814e104
8.183761686678802e104
2.7483114305222985e104
5.971786134438164e104
6.858791359502223e104
6.258878699066089e104
1.449758431787768e105
1.4318921133965355e105
4.3946700626902735e104
3.431003121197705e104
8.200971125039484e104
7.205307108470553e104
3.714072184554393e104
6.357778677006685e104
1.0148085620930678e105
3.2001615549228424e104
1.3940299087848288e105
7.87019099228154e104
4.0228502862211693e104
4.0655032500730823e104
2.41424320234966e104
2.0517875831608453e105
6.824684109902766e104
5.241107574709536e104
1.0301455650661454e105
2.6967369589481602e104
1.5293770998538434e105
2.7968306625024708e104
3.695897233348672e104
7.777482165635033e104
5.345522822586489e104
8.532578738298611e104
7.028769636380912e104
4.3824055324124105e104
3.1464370953483256e104
7.995562949202011e104
5.558275609800687e104
1.7627234582351827e104
6.368890251158041e104
3.0155437051208135e105
1.0351162499202824e105
5.382322009237941e104
1.2248308986468903e104
2.4809029520361646e104
5.1944163470307324e104
4.611033376097073e104
1.3009143948160101e104
7.818410760965286e104
1.0403595202687417e105
4.782090270210667e104
4.020483045094693e104
9.661360582172324e104
1.231790311935257e104
8.55834201226119e104
4.914526453872065e104
1.0989263800871962e105
1.693398210115892e104
1.2954977658341116e104
1.1574757962584648e105
4.539200635500603e104
1.5218552253696331e105
1.6065215948655694e104
1.7554203272318707e104
3.775467522056744e104
6.22012570008095e104
1.1308569322543595e105
3.4566537212169694e104
4.5451982553530887e105
1.0365733628370086e105
3.12661547253867e104
4.031990626855474e104
6.044198608611194e104
1.7074543360457194e104
3.6795182619120584e104
4.8683207190873675e104
9.693320709012938e104
4.299917215753158e104
2.186775280546235e104
3.6730247281184886e104
3.2600815993080417e104
7.895183050545391e104
6.973991689811445e104
7.751183363278288e104
2.2454101953155668e104
8.53409482171978e103
6.602180625214421e104
1.0342997654501991e105
3.2622735302903986e104
1.6012938910814962e105
8.28221241184729e104
1.1661433857494368e105
4.175114923197041e104
3.7052980199739886e104
1.0095649550328656e105
4.652111907915193e104
3.3493242871470457e104
8.471421267083618e104
8.983669363252373e104
4.517673448135823e104
1.3368795470205153e105
1.4975290088712436e104
3.683013442330131e104
8.412795755961804e104
8.119468722369905e104
1.3431605213926153e105
3.7746799599350995e104
5.157611818781785e104
3.2621366185351654e104
6.528614975853754e104
4.00879567089967e104
7.233142637133125e104
6.46166736275028e104
3.4102216205617753e104
2.740214532033557e104
6.13027366008938e104
1.1703354412496496e105
2.025051875335994e105
6.281589204695599e104
6.297490789229224e104
3.874135581206737e104
4.275979219513959e104
1.3389579398877264e105
1.6383501981613128e104
8.959832315424928e104
8.791459330126267e104
1.505854065923579e104
2.8866155456380115e104
6.145238881560022e104
7.488373745747967e104
2.0536182703375298e104
3.503612638862463e104
1.5449147618046857e104
7.409019745684589e104
9.426487916641722e103
1.9157833094790646e104
1.4308524060754226e105
3.144434309785015e104
2.4247439099358195e104
1.1018240959666935e105
6.519043107698014e104
5.928868515265823e104
1.1001784514733982e105
1.2790064594585656e105
2.145442459201803e104
5.2957328847338933e104
6.864325151894235e104
4.845293139965124e104
1.159257607872804e105
1.0630220150404601e105
3.7032374489525566e104
7.724861009983954e104
3.206583243909189e104
3.825785162666009e104
9.679060216157134e104
6.291272311091935e104
4.4163068682916207e104
3.139217685686002e104
7.939050252801528e104
9.650627703049783e104
5.2925115048033175e104
2.249064033685031e104
2.2068201125270576e104
1.2312168316758606e104
6.062751495261956e104
5.1078898352892964e104
3.564148587320417e104
1.0054612023303324e105
3.122331655163382e104
7.599649138716116e103
1.2609935537530117e104
1.7440857704632536e105
4.190124884186283e104
2.2690807233517494e105
4.0566312451223794e105
5.460776418371667e104
1.9595806753533127e104
1.753185417398827e104
3.191410212296336e104
3.169601827288585e104
5.962096730933674e104
2.90284244440169e104
4.923885627642131e104
6.202681101252959e104
9.446945755406446e104
9.535382787645781e104
1.7988800890552194e105
3.784254638764634e104
2.8100203502719266e104
7.277068803497163e104
1.1160626080747541e105
1.2297007512272532e105
3.438850084556442e104
4.305773533644523e105
7.85609047469946e104
4.214414169281536e104
8.133884149192691e104
1.7745154608337747e104
3.6667150060232e104
7.955830957385934e104
3.106165180931687e104
6.12688744197071e104
3.994997866806931e104
9.277908258001438e103
6.623229762007913e104
3.5124772421310164e104
3.9347813755493026e104
2.2629226840086303e104
2.0783409561242232e104
1.619999588457109e104
3.245889537701785e104
5.998243091653753e104
3.6408905048258406e104
4.535921368653984e104
7.215491252067382e104
2.5596914132924103e104
1.8884767768581775e104
6.054727816688574e104
2.2354324324361912e104
7.891679727811047e104
2.8752992371895147e104
1.244233507636515e105
1.52239783712423e105
5.913497824644699e104
3.7915958002983635e104
1.1318182926479862e105
2.2420164391884667e104
6.735559795502463e104
3.571110038563451e104
5.221067556717812e104
8.448407544672271e104
5.191791822658583e104
4.2713196326628853e104
3.8551419829995766e104
4.679334841670104e104
1.3515514822726928e105
1.0776730966787286e105
8.917733431104803e103
2.395798515893451e104
2.412198937294858e104
1.2113849358260436e105
9.05514789123035e104
2.1637137817921953e104
3.045245225063588e104
5.5286724019199805e104
1.1610338680112025e105
2.2828773230712046e104
6.097679361445243e104
3.1260017213616725e104
1.2022629794741661e105
5.734032254551646e104
8.033996033096857e104
1.2203023014030807e105
4.3327905336888624e104
4.553044143662686e104
3.274957481037913e104
3.811817165550435e104
3.276443984508594e104
6.640216232788118e104
5.381292557660827e104
2.461972669275071e104
2.5455305779670962e104
1.0403675908135743e105
3.5828472866215097e104
2.4384798683703098e104
1.4008689012561351e104
4.247749408459124e104
4.221748239925309e104
4.14274967767092e104
2.832206160213459e104
2.3550487200267806e104
5.107442578157179e104
4.0403198969283226e104
3.014484070772429e104
5.076189816882246e104
6.22654865294746e104
4.271053871709985e104
1.7099154965217367e105
7.992004140614902e104
3.994123110661051e104
1.0037661075382573e105
1.9068489859787236e104
1.5402354427240042e105
6.992905306739045e104
1.0534496187651056e105
1.0042788933038978e105
3.2425786775996663e104
4.041963144593823e104
1.2087707436053745e105
2.7499547269694626e105
1.39078077074379e105
5.4816118676362284e104
8.400947292606594e104
2.5867555993260403e104
2.872982381582185e104
2.9151673218475524e104
8.156106825961245e104
4.5533606332998706e104
1.1449144848135772e105
3.9532846462792015e104
2.487606872963082e104
1.4812472658823376e105
2.3151721702749366e104
2.3514998329576838e104
4.393155926360667e104
5.768802871997396e104
3.4277194293342525e104
4.8364171426810275e104
5.4886981855422364e104
3.8874485658809023e104
1.6129875957968272e105
8.966154607726317e104
1.9240270985916065e104
2.874164531941849e104
5.035474372019231e104
3.068387446194879e104
4.9176458886334466e104
9.501691655163444e104
3.698829396698689e104
6.7455347799047275e103
7.330228326874064e104
5.638527352510946e104
9.251108982670014e104
2.5898730716726397e104
5.105856432048034e104
1.6748151522767186e104
1.926595278962578e104
9.866242282652508e104
5.717293884914222e104
2.0056920382573423e104
5.4161238517686873e104
8.473088672022131e104
6.299306751194074e104
4.828411859128625e104
1.483560311416517e105
4.291167643698014e104
8.504028949619539e104
6.404149428322038e104
2.2646267389125398e104
2.947448248338991e104
2.497354511027867e104
1.3022703559234148e105
3.756073100876028e104
3.2582961645270074e104
7.832131571087938e104
5.255453045882716e104
1.7320291645622903e105
1.5251508128602054e105
2.776248505079677e104
4.043252953103907e104
5.255016113324098e104
1.1189339997864949e105
4.722991340046067e104
5.041276135208962e104
9.778644700345385e104
4.028448575306318e104
2.5151705865428146e104
2.8652656940041242e104
3.5578115430853716e104
2.889039109663945e104
5.746636667539529e104
1.184844818356529e105
6.060242127171218e104
1.0482904113589214e105
3.836169778179581e104
1.1091711256970581e105
7.241457196685234e104
5.045576345647016e104
5.188242612278787e104
3.573505411201283e104
4.363396635609068e104
4.0960663588511394e104
5.5885462195587484e104
7.446436190030387e104
8.428155556450186e104
8.538197427221287e103
4.751142330919314e104
4.7253722772805455e104
2.8469497018751862e104
2.737991347086517e104
3.6479995829914164e104
5.808476453355541e104
8.380739298754749e104
5.1520136445774285e104
5.817218942279026e104
4.8638341949508966e104
2.7886338739597617e104
1.6775699532369566e104
5.168429781649853e105
3.5161449817914524e104
8.283011995169792e104
1.695577848772047e105
1.110427983197013e104
1.0112694796465474e105
3.364497060961312e104
5.503838672979857e104
1.0195832141206481e105
1.3847770343850308e105
1.720868207440866e105
2.04182332396737e104
3.160538148570598e104
1.9093584463426915e104
8.765229573554704e104
3.914678042053106e104
1.1535782582889312e105
2.7278946412689536e104
3.733586274729146e104
1.7532750666158177e104
4.787346773303629e104
1.2786527021754569e104
3.152822182656976e104
4.1260085177938696e104
6.744686192492773e104
3.995102236538472e104
5.633837142786917e104
1.1799757731354767e105
2.276657700615863e104
2.6489022261330172e104
1.5846882398586433e104
9.989397747065413e104
1.1650446077118178e104
2.7965056254425573e105
3.970638984571828e104
9.470054624594828e103
8.956636319310313e104
6.0033045539116534e103
4.3847465908929533e104
1.2300016528279567e105
4.930490529397123e104
4.626050375882709e104
1.1858992575157896e105
9.239025474389237e104
1.826369173957776e104
7.687456125149154e104
7.540613624610633e104
5.244211857416081e104
6.610379876140182e104
8.26237563751074e104
4.285234640904373e104
8.922188142893134e104
5.876854234353065e104
8.658380451087704e104
4.8397282654435944e104
5.821775426071238e104
4.144396797935684e104
1.7375302073513854e105
1.0263849025997606e104
4.8251937143160655e104
3.579309049074017e104
1.8796106708593694e104
7.761940911311152e104
3.9102058870813235e104
6.210911024764977e104
1.7509621869630376e104
3.8371449360255825e104
1.1590517625532742e104
3.738991754703431e104
1.696408796098391e104
5.978596210467648e104
5.611818762656667e104
5.122901198761925e104
1.4786038851395917e104
7.155632556506803e104
2.131091814530722e104
1.8253332042735998e104
4.258414756525194e104
2.6929483616438276e104
1.4177881818194855e105
8.054349917454294e104
2.3214476251505034e104
8.358065951712483e104
7.306913472129769e104
8.660186695115079e103
3.972312299324934e104
7.771600997574421e103
1.0867971866358834e104
1.3805617371600482e105
5.918043020056225e104
7.631108212813594e104
4.644137280779579e104
2.447469882229022e104
2.8507218367873383e104
9.288818578142413e104
4.260001307720523e104
2.171944831416873e104
9.439886662921714e104
1.456125570430355e104
2.556316887942184e104
1.0044338073915855e105
4.6044017788149514e104
4.928831713240603e104
4.213490131199742e104
4.516724127568591e104
2.1024787964249714e104
4.1544477139556696e104
5.484885390538984e104
1.7942453726572787e104
1.9914694374887686e104
8.068084087304007e104
6.201177317037314e104
2.9979310842597326e104
2.548644225123907e104
5.3387348947806913e104
7.365730430381777e104
1.5715620628306195e104
2.353090201635795e104
8.67699233665772e104
6.390118154996655e104
2.7696590730089312e104
1.826611305026249e104
4.6050080046297193e104
5.5777201541634713e104
3.1594254991600965e104
1.5662311230373924e104
1.262242174541655e105
1.7987814208550698e104
1.681175906788192e105
1.9192748975602053e105
5.263252757916002e104
4.087360210810854e104
6.049958292313655e104
5.717289031683102e104
8.089477779296779e104
7.745157718340541e104
1.7802322177548218e104
8.167837807812791e104
3.53089133035344e104
1.7355087060066368e104
2.5254882905596903e104
9.943026088365606e104
2.224940449694995e105
1.955160589765952e104
1.8869015015087864e104
5.3164610492356845e104
1.48074414411096e104
5.294953785486214e104
9.575787513594033e104
7.105422122362841e104
3.688253951890886e104
6.798702568299834e104
5.00019904702146e104
5.846390899098641e104
2.167513964348313e105
1.0121058904416016e105
8.428296129809432e104
1.5896526759617886e104
1.43546200024554e105
6.243369200449948e104
6.6857208535038e104
1.350956318425856e105
2.886473733404456e105
3.5276595953375866e104
1.2100169678073772e105
3.1759014085883573e104
1.238060589823699e104
2.5535908075053884e104
5.58205650835136e104
7.580524860819513e104
2.1860366676964864e104
9.449951375201127e104
2.800855727639412e104
4.4684005962486735e104
4.2545638295893675e104
1.604863800918464e104
3.8499508402207416e104
3.3084411354302087e104
2.4268327985748078e104
9.474361737719852e104
9.236908973027648e104
3.921487109706806e104
4.5653940256712305e104
4.2305390668081283e104
7.559826985715887e104
1.0617011636409023e105
2.7136978450055918e104
8.862230380297893e104
8.325093179050372e104
1.608090865462935e105
2.6311181627211983e105
3.19459850176951e104
1.2533439336793219e104
4.30182140952783e104
7.548815315227232e104
3.311614932741198e104
6.653115340211145e104
3.4189620625595585e104
4.8620470065387907e104
4.2638279021428886e104
3.971221723702541e104
7.929779221657297e104
3.9082057312267604e104
3.684975552119152e104
8.185790448716316e104
3.373900072044307e104
1.0550817446999961e105
2.7970529140132643e104
1.263590147019422e105
5.886600541694385e104
2.966832024995004e104
1.0532911943983807e105
8.731647590351026e104
3.661274455515176e104
2.619685271786161e104
3.5543003776852995e105
2.591575936490791e104
1.6695331693243432e104
9.178109215314855e104
1.343339106674451e105
1.0802068781671739e105
2.602449829138202e104
1.0131715572343392e105
4.588860317490757e104
2.985520411867685e104
3.647331263362737e104
6.790541125008197e104
7.592097401153817e104
4.112391733910953e104
4.492748457371773e104
6.619408758963488e104
8.120850645225858e104
2.56783342243154e104
2.5025584786095965e104
8.753764304526582e104
5.3252924059707154e104
4.0764205669733594e104
3.2850203940986625e104
1.1474878695632422e105
7.184768469155839e104
4.107578092326777e104
6.939205176205779e104
2.453776109796359e104
6.880833405761894e104
7.408020544652341e104
3.3736245824986857e104
3.677704521852463e104
4.931269612094263e104
4.691764874016049e104
6.121201487829449e104
2.117987508335746e104
2.8622683589418725e104
2.9156866509218375e104
5.945133542273826e104
4.8563490393441826e104
1.0826850793630831e104
9.113329519431868e104
2.1997974981430807e105
4.842709049592047e104
1.743207783953841e105
2.8334041911263553e104
1.2648760178286225e105
2.202654714155456e105
1.1957640171152093e104
7.620143303417023e104
4.355307142757264e104
9.981851571025182e104
1.6126895999077866e104
1.1255363314859666e105
1.2659418205595235e105
5.4166473073229586e104
4.42335700462774e104
3.1324479375076897e104
2.179902008285269e104
8.52599944905215e104
2.566598072802513e105
6.672368150981056e104
4.464053986953918e104
4.1397132231293525e104
3.708920574104319e104
5.1621934776673126e104
8.482038338682484e104
1.1994326162844698e105
3.2987063859868385e104
3.689533656420348e104
1.5433757231693615e104
6.208545643266277e104
3.937246167927598e104
9.770832297259287e104
4.5300431113850305e104
2.6952311750407574e105
2.3939721509093423e104
6.676463148068398e104
7.461552360365324e104
3.4836236874429387e104
9.836102262895414e104
3.509105904635786e104
4.464242932086424e104
5.52349504458545e104
4.353564126702275e104
7.225006323414962e104
4.304354861587404e104
3.0080733933173306e104
4.7356056326519455e104
1.6193648131505517e105
7.486545706611045e104
9.524177982986047e104
5.633625437356092e104
3.170919598060398e104
3.193338429880871e104
7.752081262794594e104
8.240586794146882e104
7.519914393922727e104
8.041820941440911e104
2.896224897008674e104
4.603033382286939e104
1.1276278744428394e105
3.650043305693851e104
5.044968355778202e104
3.892985430210254e104
1.9102947690602246e104
9.248512042889876e104
2.908457185759345e105
1.1013769964675598e105
4.2423079574705677e104
5.030093952723497e104
1.883088222830678e104
8.835949312005664e104
3.881661695062005e104
2.203635601797613e104
6.218919480537107e104
4.868828264479963e104
5.5596214353132056e104
3.2074834499189143e105
8.656627928843832e103
6.026549654044941e104
5.823109075093155e104
3.911123268146986e104
3.8689823293559165e104
3.0470799705916217e104
5.1215498888043293e104
8.589642935786924e104
5.3757954700946e104
8.335407542012005e104
1.0177827502761827e105
1.4133788938016767e104
1.7460335918150732e104
6.388304838954467e104
5.321875744231837e104
4.630832611420502e104
1.2774502155866199e105
6.238149903898496e104
1.1452450178201833e105
1.0305630393294347e105
1.987639973945597e105
2.5954150869045026e104
3.776145690992635e104
1.1585851087816538e105
1.2737496133048502e105
1.1859852649417517e105
1.6532470017021303e104
6.370782111902785e104
4.9559631668719124e104
2.3786023829712243e104
1.1172337194194524e105
1.025980949302635e105
6.43890171401522e104
5.88589309965648e104
5.671857214346382e104
1.561525004492071e105
2.9477447436005714e104
1.79498394824423e105
9.451579225957445e104
3.136709659161976e104
4.4270586976991376e104
3.043799388388037e104
3.2983615742173565e104
4.645207224008306e104
4.144876023039433e104
1.0604653194352268e105
5.5388233183378425e104
5.6731824597927285e104
3.5731926158119e104
1.660974967821166e104
2.6100017614418912e104
2.0119812824995245e104
6.300776755690216e104
1.8500991968265287e104
4.23687081530049e104
1.814639279058451e105
2.1097895402537326e104
2.8763647201714643e104
7.633286531504558e104
4.049510174593511e104
2.5513999327421072e104
4.664601308146252e104
5.506018104166172e104
2.5466497795310767e104
1.1174576344835265e105
5.0092026874208e104
6.856092921999576e104
5.970086738971757e104
3.4711810280250496e104
5.4368609540210666e104
1.0122902862098559e105
2.286271576322755e104
4.2827034957728304e104
4.239668670076842e104
2.035314860625333e104
3.363250792407007e104
2.0552254323915686e104
7.93199299470706e104
