3.931091449490626e22
2.8160455155370366e22
4.375893646067023e22
2.942600580200353e22
2.5092712711171827e22
5.607691503182226e22
3.332079753269304e22
2.748989685468851e22
5.661134420683416e22
3.4267665950449e22
3.328387332547737e22
3.3743849220649324e22
6.335013134006005e22
6.812058538972536e22
3.6977938645190927e22
3.950829940753466e22
2.9776330433079825e22
2.5790102945906404e22
3.952231985174169e22
3.7901035853689674e22
2.6156087728050964e22
4.16435756887889e22
2.111561328056486e22
5.9369375383310584e22
3.6434182652178282e22
1.8760091619383824e22
6.665518563335261e22
5.783225103183609e22
3.2493831343998805e22
3.7686224364664647e22
6.2015543429917995e22
2.8607870441428812e22
6.15398041703461e22
3.9756114634443315e22
4.37526824959106e22
4.4723974172306485e22
5.956394352772593e22
5.256605351843152e22
3.5843154690242033e22
2.8451067484873863e22
3.0298553065980115e22
4.597846140941805e22
4.712307605350113e22
3.0262710449824565e22
2.899224158625422e22
3.318584838102093e22
3.7962682659587125e22
4.311751747175735e22
3.121297295906478e22
1.669392448214511e22
4.865579507610338e22
1.9398370351380783e22
4.4681737325494156e22
3.1865225828013894e22
3.348482249318616e22
4.776496331985139e22
4.1435148243706e22
4.348959284249728e22
2.4414185190219238e22
3.4712576491920673e22
4.039526353453146e22
7.314510257775349e22
6.6026210858694385e22
3.409013318346483e22
1.6458640591182012e22
1.7151980030724034e22
4.868397908401586e22
3.626301830855339e22
3.196616550138578e22
2.549435169283624e22
2.659275715567035e22
2.3510143613178724e22
2.59701555009784e22
7.396634495542781e22
4.967030011690726e22
4.731632533454289e22
2.3569111385081282e22
4.016901203907032e22
6.786098853886346e22
2.680994476554081e22
2.5271230930390046e22
4.524598196057789e22
5.463073397472922e22
3.5100622182022883e22
3.3784862615678638e22
3.3398132756467558e22
1.948266096786608e22
3.640945403839594e22
4.5240766527069095e22
5.686288909842454e22
4.169388477151592e22
4.801838554681366e22
3.0705208862064077e22
4.871353943703629e22
4.482731437005769e22
2.7339348961323116e22
2.4928382678113865e22
2.5878577089147197e22
4.959684403243058e22
2.4771081244739354e22
4.386699337740867e22
4.538362811635581e22
4.4101357244986465e22
2.9697708774351425e22
2.0656222189286026e22
2.6600838299173687e22
4.120043281398341e22
3.440180237479884e22
3.2597403235076643e22
2.054338268003288e22
2.2459279674993786e22
4.982708105374248e22
5.156910627292737e22
2.215528427231662e22
5.481503478888826e22
4.906101522606496e22
4.6782695446279455e22
9.28192519482732e22
3.562789140109164e22
1.910975779379843e22
3.0770665374150537e22
6.889498788062012e22
3.452903854977709e22
4.732698799092183e22
3.3732012416433413e22
5.465098874642549e22
2.1970026420044342e22
4.074460052283513e22
3.9795838105083795e22
3.3690948024557994e22
5.775461967157781e22
3.105149895231269e22
4.417104854206956e22
3.905218968336304e22
3.5360565186101397e22
3.3765378590691117e22
4.262901253034689e22
3.938395045123182e22
7.581156340202791e22
5.675073970756154e22
3.1640808953186737e22
6.082329272353825e22
3.929248012813829e22
2.4190448735411088e22
4.0060740521804935e22
2.033729477860692e22
8.196453342405465e22
6.882859794338036e22
3.199465647246875e22
2.4792496008222606e22
8.181918700575303e22
5.420402299748786e22
4.6796135451064304e22
2.2895655260477473e22
6.025763107059019e22
3.184334921273619e22
4.292636557610843e22
1.8611603494961091e22
6.497469562593031e22
3.6511283297562846e22
3.4492168011930736e22
2.759778692798181e22
2.8128994145529623e22
2.6238414728727794e22
3.863053364846203e22
7.320990514245494e22
2.8618826919770923e22
6.77247281515497e22
3.2440755123751735e22
3.885528827407355e22
3.570363177692995e22
3.879329209569551e22
5.610966802330472e22
3.769333775405308e22
4.295788444854264e22
2.6114498853662664e22
2.922655262556504e22
2.3283954925987565e22
4.36201504811656e22
5.539176948519522e22
2.975677229973465e22
3.7564454821622387e22
3.883646624314225e22
3.3332957090241426e22
3.2919940589849764e22
5.52057356974443e22
4.309869464650687e22
5.342379540097165e22
7.946632577910805e22
4.941450049499329e22
8.787319453133012e22
3.1309348481955424e22
6.209634882083248e22
3.798583452887545e22
4.227102402842458e22
3.828797548859016e22
4.280880696384797e22
4.516527986012436e22
6.085129520680599e22
4.93758610199311e22
4.1616259211955746e22
2.6094482477882955e22
3.7791050369385015e22
4.968692861871111e22
4.717945925141644e22
2.228878711963303e22
4.842527401155728e22
2.890390257600482e22
4.335190621316843e22
6.376363018088329e22
3.9855907647827246e22
3.984057598867505e22
4.2022135692174136e22
1.8995353104412104e22
3.3830092470547386e22
5.814569621277441e22
3.988156284501537e22
3.680248340529247e22
3.4238014305052513e22
2.1941695319323783e22
3.3797967467814754e22
2.585984917164505e22
5.436302157052797e22
4.189801703300433e22
3.4974881357721042e22
6.2795765655367424e22
2.4593149067967817e22
2.0703041434778023e22
5.429951555042166e22
3.410567207366293e22
3.1072631485749963e22
3.4381128043360177e22
4.270060533154816e22
3.848509064875563e22
3.935274340881283e22
2.289978321574889e22
7.78740971082722e22
2.254495559256486e22
5.173927344807558e22
2.894269548023348e22
3.724418198640293e22
3.6673820409204667e22
5.191177117658651e22
4.907841096569947e22
2.946391314423329e22
1.954428475628382e22
3.87653418138546e22
4.251241660803587e22
1.9437343422733766e22
3.964351692952189e22
3.6455902422277315e22
2.685301723541803e22
1.7596837255933189e22
4.594292106164601e22
6.790295313049927e22
4.69707347961813e22
3.784397934897299e22
2.6027866245180187e22
6.045066695649702e22
2.987524897465826e22
5.003355705464752e22
3.4668900266048603e22
3.6688562570220515e22
4.940314109365566e22
3.3359098012462077e22
4.722252261129545e22
2.8583598313343937e22
3.9851155323520945e22
2.2041586886292613e22
2.4569455176824054e22
3.408933695748357e22
2.9248796881538578e22
3.90132004902714e22
3.1616795023483347e22
4.4772818704967185e22
3.1433053243510605e22
2.830554640917771e22
2.7134123474704858e22
4.784358023078857e22
2.5348647025398403e22
4.344139825306464e22
4.390670187723629e22
3.719734060895941e22
3.6537344626213228e22
2.469816589304801e22
5.598615048544378e22
2.977806579680653e22
4.295091384123123e22
2.0178090088376924e22
5.272887924713148e22
6.207152676775449e22
2.77979705013276e22
3.1818811043659244e22
2.4953084413746717e22
6.645748308090489e22
4.249718942393001e22
6.3957207406835036e22
4.804022791832035e22
5.205649082241906e22
2.1487605757984465e22
1.9009019503613787e22
3.0538235800739243e22
4.813840886016732e22
3.5553631618334133e22
3.202257385581489e22
2.2804724058842773e22
4.064942810931523e22
4.965220731318548e22
4.604592088787882e22
4.562169364641733e22
2.9589331086565446e22
3.3391096950454774e22
3.8756584123272375e22
2.894913195917765e22
2.9231858755701146e22
3.793717411037289e22
4.534502403723119e22
3.4166099749007054e22
4.592544287468059e22
3.7478248632252214e22
3.477375027491854e22
4.4470826933887496e22
3.654014836820521e22
4.64592279995102e22
4.26789993762184e22
3.1342467021777903e22
2.9220989633465244e22
3.7206962689548334e22
3.4791740522132144e22
6.394279855974855e22
6.820912129768135e22
4.475019102337384e22
5.0522189609176675e22
3.657667437045025e22
3.0819802030450772e22
4.132268133797595e22
8.529110852420682e22
2.314720572770026e22
5.2544904494312015e22
3.723671081733333e22
3.752721004530857e22
7.5501963248836945e22
3.0214578419820386e22
3.997579783514459e22
5.351269365666044e22
5.1710269096643025e22
3.1170191553073317e22
3.2283567914921534e22
3.2366274060151605e22
3.8651087978160355e22
3.776541889851475e22
4.371121419555113e22
4.2614314076046296e22
5.9084077894118475e22
3.0525099056669525e22
3.040566237672067e22
4.891117767669879e22
3.898624507648973e22
2.6296059172977457e22
2.404346148571303e22
4.8774447545948855e22
4.098447503779785e22
7.325716015892053e22
4.937993076060758e22
3.057575696953929e22
7.943577770000522e22
2.890139620996059e22
2.993806980973584e22
3.4373562244320813e22
3.1562296643958797e22
2.201483802357791e22
4.7913445155015645e22
3.4314408831694592e22
2.1817383310312088e22
1.014234359023903e23
3.4820688870698478e22
7.292565893517602e22
3.6543744688809495e22
2.851435375300964e22
3.32038397410628e22
3.6330733181998836e22
4.044312399599519e22
3.517059352614484e22
2.7292877163881004e22
3.205147957391855e22
5.932872180752119e22
3.567300686115703e22
4.578256178246916e22
4.56492419702706e22
4.3612259281183124e22
6.2939951744382015e22
5.6360821851107426e22
4.5014286224933605e22
5.084711615481587e22
3.6981356661543293e22
3.6968821272863387e22
6.825468628466222e22
2.9930512011741956e22
4.565018233147855e22
4.0961636845815996e22
3.876416237265645e22
3.3185124989365723e22
2.86362902966237e22
5.466089801499219e22
3.218501227946067e22
3.160764408604552e22
3.4460764524912635e22
3.2412366240814048e22
3.0419116691070114e22
4.976417655308332e22
5.090441535584715e22
4.154972913753452e22
4.024739983953537e22
3.7504578814469443e22
3.7680569347274804e22
6.4082399124925526e22
4.397138055752725e22
3.914740747910339e22
4.066738423582834e22
5.676276603627369e22
5.995908866391041e22
4.540609482478425e22
2.2996960581349926e22
2.0390130692548765e22
1.9721769308386016e22
3.590804018630698e22
4.0252151092304375e22
8.592426322492786e22
5.858652802496233e22
1.9414252133503598e22
7.1513603912906735e22
4.760254487680334e22
4.07480586769609e22
6.34234785654269e22
4.456573208034069e22
2.593458524738971e22
4.728405567477394e22
5.847279907344036e22
4.8143028225203295e22
3.87641900408282e22
3.0075149432405755e22
3.149213283268742e22
2.8672585310464423e22
3.7133937130630493e22
6.5528046582787325e22
4.5201245301750215e22
1.994493501465785e22
2.530337428866168e22
7.718948865126676e22
4.150524777595891e22
4.820343173999877e22
4.279502179044234e22
3.742117680906059e22
4.87568551926671e22
3.887774323793322e22
1.2895941762671564e23
3.787241241210891e22
4.2569360590150985e22
5.820180855080092e22
4.069996133443749e22
3.5966970166054e22
5.181609504902846e22
7.725484201524998e22
2.6474823750167376e22
4.349007736545725e22
6.235205271010889e22
3.819051762763364e22
3.795664982916119e22
3.2399830743256826e22
5.002124686598601e22
3.6305523018574707e22
2.8826732556153814e22
2.5208051494119916e22
5.737473435965545e22
4.417683052746453e22
3.0155754837749596e22
4.600667737557427e22
5.0263033114296435e22
5.021810822192799e22
4.78015905657686e22
6.7151981374434955e22
4.651632508622967e22
4.383766078260435e22
5.6365128227639645e22
7.834933103551745e22
4.7124423144514764e22
2.2596884973740494e22
2.8361650150419837e22
3.5407538393049767e22
2.418253416749137e22
3.0547621677671643e22
5.3877380444740854e22
5.7352144682209035e22
2.689246514374794e22
7.328450107808188e22
6.783398753677604e22
7.868423874012317e22
2.2635170215704987e22
6.0063454003156815e22
4.139731050564673e22
1.588803643749324e22
5.923173936200622e22
3.6131324835029716e22
5.350916014708992e22
3.995066639009929e22
4.0213241186790064e22
8.729846863704012e22
3.801121852498916e22
5.925168841547076e22
2.6606370827291935e22
3.3647941556610615e22
2.136553209269294e22
3.7458713348829037e22
3.449585909955235e22
4.275264107743572e22
3.6864644224986433e22
4.300805002410362e22
6.555012615223498e22
6.385348149067812e22
6.142724651321902e22
4.070851603776156e22
1.948290641867159e22
3.53605215106813e22
5.683496021983567e22
3.854149177231381e22
3.6633662780675157e22
4.243264954630143e22
4.961852806918468e22
2.312945979335415e22
3.2541992445052656e22
3.818824402216949e22
5.836874205556047e22
5.209881390519475e22
6.251672650925336e22
5.224034358484476e22
3.642798114293929e22
3.2396120405107544e22
6.578332373955136e22
3.4734859115882604e22
3.440493634641434e22
2.6114969915754503e22
3.6921476931749167e22
5.2291615876740515e22
3.153115107224104e22
3.2599725973664705e22
4.232572288421388e22
1.8131686731882747e22
4.694153877697892e22
4.973732950161342e22
3.703704508025248e22
4.101051538118958e22
3.6376662215785554e22
5.134278425311089e22
2.1421372082248623e22
5.419995686158496e22
3.6085809872782854e22
2.59557976630232e22
3.6315823558121887e22
3.3806306225717238e22
2.650602195723771e22
9.214814506670635e22
2.2863075783649637e22
5.808171325007407e22
2.5780084353394486e22
3.7292832427430174e22
3.1551943923986464e22
3.3057632143072165e22
4.548551888808473e22
2.074281451467598e22
3.606932433545039e22
2.9524408606014904e22
3.6371812542711027e22
6.857824232116695e22
3.938545876387302e22
2.6001750311529326e22
5.147446701879038e22
3.7650444543954055e22
4.779894875946996e22
3.354089723005592e22
4.463540823178229e22
2.5721135428507424e22
4.486812248361079e22
3.201366687860284e22
5.090460386318994e22
4.410277206945724e22
3.809450168627087e22
4.353576234793554e22
6.42114990915923e22
3.383897116617091e22
3.421392738719393e22
3.628430318537574e22
3.977847694707014e22
4.054468104454132e22
3.894614586817386e22
3.3747159384182195e22
3.3688606810253965e22
3.661671838908306e22
3.930838634259394e22
3.089383042403428e22
5.056050803831375e22
3.64730648256764e22
5.772599438270665e22
3.4097067375889056e22
2.8868321313192728e22
2.8845470571112396e22
3.0095384626958764e22
4.162060402813475e22
4.397829082208977e22
3.638106998469301e22
3.33257367397784e22
2.5303169624529458e22
6.2525095482563056e22
1.9442580487165666e22
3.059911349964193e22
3.4107929123183682e22
4.415868571890621e22
3.954712033840582e22
3.081960713651399e22
2.547348924119557e22
7.905784161404544e22
6.564350516807188e22
3.7724649648945866e22
5.015239522155889e22
2.6413691071802057e22
4.148204364375968e22
3.278634606659529e22
5.374732914321383e22
5.491598390961802e22
7.638924982014794e22
3.7150885206179084e22
3.824900277448057e22
4.7137751860687174e22
4.401422264426084e22
5.005444822908948e22
2.926104752280685e22
3.55050353065084e22
1.7123169627708448e22
7.070244446897566e22
3.950161751926263e22
5.335958772296992e22
2.9931889154893447e22
3.2489462490838287e22
2.921282080585725e22
3.558829366678471e22
5.136821883632988e22
6.126723931374115e22
4.821954794327436e22
4.965107877967912e22
3.022605753963809e22
3.894645919609973e22
3.899727530060571e22
4.496889332120163e22
4.206981439365685e22
5.39575208286373e22
2.341756841456608e22
5.300628550013373e22
3.772521266302713e22
4.447459250516131e22
4.040635466867888e22
5.34838258824855e22
3.4376993599341248e22
2.8931505983181105e22
6.994557583021468e22
3.6059966203319573e22
1.5422918782184147e22
2.856946142723697e22
7.418869256924629e22
3.1278064154311152e22
4.275086178599353e22
4.326191662774106e22
2.449049408015247e22
3.060586030448301e22
2.9496719950048932e22
2.746208607837413e22
2.2535441587281565e22
2.274004334207019e22
3.73229356071302e22
4.2013850819337e22
5.177652888877753e22
2.3652540721847733e22
2.48689204695936e22
5.788103274184402e22
4.131579469882726e22
6.02892947251323e22
1.7223783401079093e22
4.5184631384820324e22
3.0840643655184956e22
3.404407419074292e22
3.937537295576201e22
5.687397500132539e22
2.8362872700334254e22
2.5563525436743063e22
4.3009501589792335e22
3.8828311498936354e22
3.481381109835906e22
2.8600440704648583e22
4.343316626872685e22
4.217140703801752e22
6.547193077761156e22
4.54761092867942e22
6.152889506757784e22
3.5351527497392342e22
2.9383506466661303e22
2.735036603059781e22
5.143309239417649e22
3.978489260424658e22
2.3705071894706786e22
6.616353411875502e22
3.802836323608173e22
4.550626687051244e22
4.847923216860387e22
5.574787797655133e22
3.87681113473039e22
3.4618232758114147e22
5.169131967981021e22
2.173284320042282e22
3.573154180130993e22
2.5965316220271595e22
5.4668118002325806e22
4.6208779750117665e22
2.0713995210696423e22
7.371197059777559e22
4.321968723878052e22
3.811220259980397e22
3.850701723203955e22
2.4944383062170134e22
5.2009126570445414e22
2.5887470783233842e22
4.42007781551229e22
4.78763301713273e22
2.190460259566144e22
4.172580371848572e22
6.922770490436684e22
4.8682048002107325e22
2.7528220869291978e22
3.686707818452727e22
7.734696277355464e22
3.0293694932400216e22
4.447680983467898e22
2.3252851439077e22
2.2740500840770756e22
3.522760807960939e22
8.034096986835185e22
2.44858109509638e22
7.28598611227049e22
4.387434721903819e22
2.919860283612263e22
3.6260366216165413e22
2.534700479831076e22
4.097453756005862e22
3.7252543756869692e22
5.854310867769764e22
2.6871968332185248e22
2.2375889173147436e22
3.426021668238516e22
4.764829018802918e22
2.5386296860047065e22
7.066508304556736e22
3.504868342800834e22
6.809487665420683e22
4.6590530815682595e22
4.54740552547929e22
3.191544569128588e22
3.38325285571428e22
2.446172831331964e22
4.260069858912282e22
3.6287263877563698e22
3.1783283495546806e22
5.749680211735741e22
3.523623509729358e22
4.331328958406365e22
1.8500100893103171e22
4.8357090481759565e22
3.6382545179485076e22
2.299086350777827e22
2.2683833931363055e22
2.817638812521424e22
4.426586335053332e22
3.4434419429009865e22
4.60872450751147e22
4.109091437776527e22
3.7380159878210748e22
3.88428108844165e22
5.821422094372455e22
4.3888813683424874e22
3.764012849092526e22
3.891243667763748e22
2.9029553864269046e22
5.8431908127475054e22
2.780941086845265e22
7.255112446424467e22
4.438443182101236e22
3.6662577551083122e22
2.2883375034506695e22
2.671912787323389e22
2.7515800675545283e22
4.8919661644556135e22
8.17857863334784e22
4.714399009931753e22
4.300666415796128e22
4.209395579151989e22
6.854840421217021e22
5.389056172394219e22
3.3952020177603e22
3.995551506230656e22
3.7066142569127584e22
3.0860185320458606e22
2.8331968499387912e22
3.827595766305582e22
2.355116136007147e22
4.0923263093709484e22
3.0353216142247524e22
5.170339946071643e22
4.830176832333979e22
3.2812682780961386e22
3.300609770253525e22
1.7572215111162406e22
4.048856729540801e22
3.902075254326242e22
8.988455575940407e22
2.5196560949818115e22
4.043997450205599e22
3.392324566760059e22
3.6614707564793173e22
4.2739650495509774e22
4.7896994662348665e22
4.9461943914613094e22
4.714389427011945e22
3.6533566283375582e22
4.713097064983503e22
2.670324558637677e22
3.934937185394261e22
3.5142210743696238e22
3.9402102344731465e22
2.6282996866589236e22
5.616626067600483e22
3.978309247140539e22
5.300188617227227e22
4.0827906395703934e22
3.6924638759137615e22
3.416076198267741e22
4.7115620011102205e22
4.0384551022058e22
2.4611941498710504e22
3.713298190404604e22
3.248728613556894e22
3.160402189727681e22
2.995468095462828e22
4.854455098637399e22
4.773828181523294e22
3.4445247882202152e22
5.2622777554997076e22
9.124689731544928e22
3.650443682351984e22
3.7097879584607283e22
5.5502741037697204e22
4.495877023881876e22
6.320203571899948e22
3.6454267441518345e22
2.345375558826393e22
7.158281258679861e22
2.841059403531399e22
5.276605783836705e22
3.5843382787220213e22
3.7429115679577385e22
4.071285461384421e22
4.4174111338125125e22
2.6516303729039774e22
4.417079219015211e22
3.0708234064152878e22
3.95190511915736e22
6.16873888148385e22
2.024094267288796e22
4.323214051358997e22
3.889930651250044e22
2.7761271338803764e22
4.129468736858946e22
5.161824614972226e22
2.8527921712931168e22
4.8768703056434845e22
2.999786935541765e22
4.416032501524402e22
3.982558382416904e22
6.136227581764112e22
4.509851660160809e22
3.072247369729547e22
6.325384461749453e22
2.502861789071082e22
6.735965608995095e22
5.2729928712764405e22
2.2461768082762915e22
3.7490901825021062e22
5.5195320296798125e22
3.4235656864646388e22
3.949959052617101e22
3.886746056047525e22
7.306905472646365e22
3.829930958878635e22
3.213143928391025e22
4.235057623216379e22
5.091587265281036e22
6.179519735102852e22
4.635397969608857e22
5.716763589281758e22
4.3168051393252616e22
7.779743158388868e22
7.239372071340683e22
1.9548074892774844e22
4.344743820746031e22
6.3110374827389104e22
5.202768890281367e22
4.273946671056236e22
2.672904484145572e22
3.7202633296284324e22
2.352802140950952e22
4.587756774368343e22
1.90195013741326e22
4.349030425509097e22
5.9885701016423735e22
3.5842245823367054e22
3.5686487872199306e22
4.836279682295776e22
4.050400625072686e22
3.2525602557779054e22
3.906482268660416e22
3.294759122107375e22
2.0372983465358985e22
4.035692562419182e22
3.793951576002871e22
3.3471015751914413e22
3.18552761077207e22
5.416084445237119e22
3.2091651665507723e22
3.2201818018789223e22
2.347376279223606e22
6.166925944091323e22
4.97865106441226e22
3.1750756310364814e22
4.5416606645557786e22
6.444901067751014e22
7.147020580679501e22
5.631102892687981e22
5.659079022762313e22
3.257132463792558e22
4.937153509721592e22
5.159549285329359e22
8.310801912193364e22
6.375920237102621e22
2.322955692810082e22
5.8966832907989964e22
7.794053718405063e22
4.095103035261253e22
2.3930144470909177e22
3.5369983120634873e22
3.0040794190701484e22
3.7661554720362675e22
5.7716059866914854e22
4.895180460067217e22
8.764272519191195e22
1.8938181424881057e22
4.199895161141214e22
4.496621319877069e22
3.6756761731971213e22
4.436517605756124e22
4.793425819428974e22
5.3303716901561305e22
2.327197908128025e22
3.5869479549252825e22
3.644520481041981e22
4.526408951432801e22
3.470104188426384e22
4.945550715315188e22
4.340866191531112e22
5.9722805281278766e22
3.7137549661547394e22
5.727050596570062e22
4.7237754871179345e22
2.7458653546518837e22
3.5134592797328122e22
7.046194724826496e22
2.8908981017076214e22
3.447722120833217e22
6.166369483410666e22
7.332945450619833e22
4.986087061608033e22
5.739940760116627e22
4.466337134258743e22
6.136296048508604e22
4.818092249335152e22
4.098810791811001e22
3.4482593682001265e22
5.653720688665128e22
4.224072051731015e22
5.424672268282099e22
2.9929097571829593e22
6.5328154418295905e22
2.1238099482196534e22
2.6953607684699808e22
2.2958055344562885e22
5.5302007005248504e22
