1.6176769569311947e139
5.531388016137609e138
5.090196690464507e138
3.805435921544849e138
1.9207836780291648e139
1.2898274184370205e139
5.289959645911768e138
2.5276796546529885e139
5.0512578199374833e138
2.685558736657299e139
7.985214752446691e138
7.217318503457928e138
8.372373720006872e138
3.145116867805647e139
4.463606341921884e138
8.645188321961684e138
9.369934322118806e138
4.1041445002036323e138
7.535754938543414e138
7.717895698318365e138
4.2988274515988725e139
9.105994470271689e138
1.0912725800297743e139
7.801643202466103e138
3.3525300436654425e139
2.0278276611156191e139
3.1513523926640877e139
1.5915890921605062e139
7.590269867463856e138
7.118732728041081e139
5.9253072530395834e138
8.020724969718255e138
3.228675699523816e139
6.386024521461875e139
1.6670931191983266e139
3.3337777700177567e139
3.6943599406336947e139
7.649482065716666e138
9.070804536278899e138
1.4877432073692492e139
2.1663404149634035e139
4.930220643499961e138
8.716611113169538e138
2.2034366648090332e139
2.1988502883517142e139
1.016272135215774e139
5.643925121843218e139
3.868619733473042e139
4.289202008820721e139
1.0743228203070245e139
3.993021032201881e138
1.0216598600359277e139
2.7965348637568726e139
1.8634974540848926e139
3.328314103289205e139
9.592826602001088e138
9.841157643097133e138
1.3247163811896785e139
6.815369956158502e138
9.089359233826121e138
5.548896152371081e138
8.14820276209243e138
1.3514796020328713e139
1.8578727985792012e139
2.340784005278745e139
2.5327819652037385e139
2.387955506495704e139
4.900774919122095e138
6.460991512085737e138
1.6800908454756577e139
1.4118503337555484e139
3.6306973648446357e139
7.053952221648452e139
2.9810464058724235e139
3.677298028921895e139
6.232522616744176e138
1.6416761920248727e139
2.7058755393093993e139
2.569419690221991e139
4.064618201293015e139
3.164735379042095e138
1.763925922548404e139
4.6470902643139334e139
1.0079683133356843e139
1.955281262222948e139
1.1877626585825918e139
7.214014352489003e138
1.5820138016715198e139
2.0573679599869036e139
1.8179745212875536e139
8.572872139790567e138
1.3353230307363603e139
3.688061897254582e138
6.969258168106324e138
5.633725281780326e139
2.8350231367941887e139
3.530299512766554e138
1.0642513964003153e139
6.039806223947282e139
9.90891339380929e138
3.657549852424298e139
9.072174496904367e138
4.2113644920942387e138
1.2544508566774748e139
1.0297740932134163e140
8.667345042805417e138
2.9435148352581016e139
1.663343514883165e139
7.419351441704227e138
5.6040242575156156e138
1.735038867070477e139
2.805450289904007e139
9.297206155909816e139
3.297027323245746e139
1.734057070411638e139
1.196367230929505e139
2.427733837499761e139
1.979810742783302e139
1.002020231924894e139
6.541934694998467e138
4.249116763141615e139
8.137606362957145e139
3.4733865624096504e139
1.3189740656174583e139
4.649616320216366e138
1.94487895273514e139
1.1149862299343864e139
2.578615062086575e139
7.865357532222344e139
5.12434172794719e139
1.4933194651552408e139
2.1841063261328644e139
6.722045270901049e139
1.9645073404208295e139
6.843509973099061e138
5.046163642297055e139
6.453090182780954e138
2.0843761754690798e139
2.0235058279382143e139
5.516511414184929e138
2.981286300067529e139
3.596711221240532e138
1.1002245123722042e139
2.527825810986478e139
1.8387772527480465e139
1.8732420609011224e139
1.4322737942946748e139
6.09457323973172e138
4.181021389380166e138
1.3279726155541255e139
1.1013267930960289e139
8.721445046676251e139
3.6179067686284395e139
9.169638758175148e138
4.358710048364433e139
1.408119476791843e139
9.466235060859349e138
5.0237377656636335e138
1.4237430195310633e139
4.9965719225600255e138
7.739941917862098e138
1.6252873681787843e139
8.583082205770736e138
2.2688614562505676e139
4.079174171947404e139
3.6334786012700366e139
1.654864696433015e139
2.0166222453958428e138
5.828860675592077e138
1.2377215805598955e140
7.029724452060495e138
1.6781094383949344e139
1.6566988087712309e139
5.898534083302618e138
6.483475596347636e138
1.9038300981463687e139
1.252489522467388e139
2.3610940454860688e139
6.546929769769464e139
3.3117013460367614e138
4.027931308154982e139
1.0111744418876172e139
1.2366600994788285e139
2.7654621161600174e139
3.341876060984007e138
8.080851767045043e138
1.6023350617187513e138
1.2601147758460382e139
1.2757858964687845e139
7.412557774398835e138
3.620421483509858e139
1.7916909088079328e139
2.440069999767498e139
2.2796277912007484e139
3.4513952401035735e138
5.663605473954269e138
2.2025677851102897e139
6.650481271993352e138
5.687924368452309e139
1.1258049920842846e139
3.772922935584362e138
4.766850775479204e139
1.3795115709924367e138
2.1017497329116935e139
1.4201738099728805e139
2.914825687159489e139
8.4489750042801e138
1.2298229271234023e138
5.1851077951226326e138
2.382999853142473e139
8.884739749688491e138
5.756149524060684e138
2.284611713678805e139
7.39003802849112e138
1.1167954895398352e139
3.9208439188128465e139
3.5988279541621326e139
2.722463014975772e139
9.032854608696234e138
4.1171332190096394e138
2.0625516675341037e139
1.503540251157433e139
7.767681235766899e138
4.4714095204140244e138
8.851687266989017e138
1.9490811374905742e138
9.491868736004122e138
8.67852007225728e138
1.1654005823150307e139
2.2488050814824178e139
2.5512929270398146e139
1.4524565744946e139
2.847851101092729e139
7.440541286899487e139
8.834425239118251e138
1.1980119831788817e139
9.579921679758468e138
6.624401653900201e139
4.902348177536936e139
2.1641312007551176e139
1.4803293748627991e139
2.879371926337903e139
1.6147656119249031e139
6.235218235663608e138
1.0638725469054929e139
2.1326835968147745e139
2.6870947659915044e139
1.088985419581813e139
9.340192722599852e138
1.3428064917553168e139
1.1019816071569228e139
1.4498536636175424e139
9.513272146662253e138
6.739556838265736e138
1.6634680929766347e139
1.9410589559734254e139
2.787620368049557e138
3.8669596402038225e138
1.9178832653255476e139
1.1903373854759332e139
1.0856034317952878e139
5.043751294440855e138
6.301219970498683e138
3.638719080074495e138
2.0398957850387425e139
1.0516381430044758e139
2.002601400782747e139
1.664710465053896e139
2.8357777192301314e139
1.7764750836532012e138
7.933542383666718e138
2.057295840373887e139
2.9030620006455265e139
4.955236372260002e138
1.0798960201000054e139
6.414991991220996e139
3.568970990044961e138
1.73267854087277e139
1.384921828956081e139
1.1058747656906736e139
3.258596499840478e139
1.1068681503874294e139
9.209642892499585e138
2.362638563427184e139
2.8520020711962202e138
9.202350775822892e138
1.7491362141229415e139
1.3832759460759113e139
2.6437926676690677e139
8.920489029068853e138
1.3832398963317884e139
8.965976167067924e138
5.953874561009837e139
1.8331001702170995e139
4.776551661451475e139
1.3331184509481715e139
1.5195644079042472e139
1.6513232381019862e139
9.374323955843138e138
9.688535142040277e138
1.1346010910833172e139
9.134273997998437e138
8.413715171181131e138
7.279120841490441e139
4.799007878859935e139
2.1701549932253485e139
1.4148193054238927e139
4.548905487219619e139
9.41546269331357e138
1.9962701664310273e139
1.050040527209886e139
3.842596652810043e138
5.131775498234187e138
1.1277386504759677e139
3.720850156641395e139
1.1212059923412923e139
7.352020497481e138
1.7639453567139663e139
2.3199779221502747e139
4.739093726938004e138
2.6903581574807713e139
6.309399698491365e139
3.1234613279786486e138
2.8001477592825174e139
1.0539037598523187e140
9.376673602466591e138
1.492522355325847e139
2.3156027766735185e139
9.185320766205602e138
8.413410025267226e139
2.151799362255441e138
5.3349236246054055e138
1.978343979858634e139
1.7203444866668243e139
1.7471580340317475e139
2.606085273587464e139
3.33870331213166e138
1.816155709122907e139
5.8928848306127167e138
2.813352725628299e139
6.195898667751342e139
6.894200408715255e139
6.572061478765851e138
1.5573636295510966e139
1.5324059348486162e139
9.817700926036636e138
1.6949289551361507e139
1.332281515654271e139
2.52422351638861e139
4.0918657947822185e138
3.3967113758666744e139
1.4089144518946772e139
2.906976568985745e138
2.980090179730942e138
4.151279677490944e138
2.861283031059013e138
1.591803732546342e139
2.1083902932664715e139
1.0182416246214176e139
2.9465016596432783e139
1.6302435059108996e139
2.0981342116437684e139
6.179073408967787e139
5.871660463856252e138
2.693108360876401e139
2.851964322993042e139
5.070468117570086e138
2.6938104153257833e139
5.143337675832114e139
2.1193800011280396e139
1.395727130822836e139
2.5153526449901546e139
6.881358402265862e138
1.2547851210677895e140
1.9054248554800173e139
3.182934470808569e139
1.166840210554536e140
1.5304442612550768e139
8.294654162652814e138
4.93533786646254e138
6.883741245794542e138
3.4895778838785246e139
2.730061895493224e139
1.728543054363075e139
6.299805019108675e139
1.6751643624000247e139
1.739006885835388e139
1.7177106203464364e139
8.117311480467962e138
1.7474133359273652e139
8.25336987119085e138
1.4802849711196083e139
2.8930737686212795e139
3.1981596693949247e138
3.3090852001277586e138
6.268112276338445e138
6.325862197348762e138
4.4502553290619434e139
2.7344806865562816e139
4.645048581167425e139
1.0122614714218552e139
1.0562015840696498e139
3.238192088258004e138
7.257327658119857e138
1.0326952118079907e139
1.2038768869796013e139
2.2090418006466265e139
4.7651700365418104e138
1.711045655352576e139
6.798281952631436e138
2.9564177950791255e139
5.063804501944581e139
3.511430774929127e139
1.3629590039530242e139
1.3826633656877962e139
1.3245873373028595e139
5.938632162563824e138
2.0492591116236436e139
1.4921714593963926e139
3.992684712564759e138
2.2677845264715766e139
4.1285414689400343e139
3.202635276456316e138
9.517255983091867e138
1.2823667512734372e139
1.2258353035540276e139
7.479604398211886e138
9.117554439985101e138
1.1709828780970046e139
4.1360033135213624e138
3.8735441793099504e139
9.728714040673894e139
1.3059350432898073e139
6.594130756524795e138
5.041860652490946e139
2.720268857957875e139
2.70542564636428e139
2.291392256164036e139
3.5198830748135333e139
2.7608073730755995e139
1.8323909935846917e139
3.762411740081224e138
2.91796992209883e138
1.2177025773346752e139
5.986225938865463e138
2.6927321622127844e139
6.524173053178731e138
1.0687749121336693e139
5.6073716683658506e138
3.264520260876921e139
4.442343221935358e138
8.713285847160904e138
5.226296663947197e138
2.1143686759038195e139
5.0757621351365315e138
2.199346170856996e139
1.4382313173164318e139
1.480699209173927e140
1.5996059518056197e139
9.575348350054849e138
2.953532464051193e139
6.661636622885076e138
5.511756416778872e139
4.977489993739022e139
1.790813070408052e139
9.870936115658433e138
1.2312525622829466e139
2.1645914532925093e139
3.266204554810501e139
1.2162963160481728e139
2.2133996685379663e139
5.394511244807932e138
2.349459314677777e139
2.0133160290212541e139
1.8651644616279128e139
4.35103078582458e138
1.8831254991579133e139
1.3865290775426122e139
2.3786528468769272e139
1.1263417354405225e139
3.7507429838270784e138
3.113461379979185e138
1.0610136360785795e139
1.1211370036391527e139
3.3754062076739453e139
2.546626610285767e139
1.7553294444830413e138
2.1255418532961148e138
1.1176460121615069e139
3.883042081792872e139
3.1003549851409894e139
1.5608389599628332e139
1.1528324169480276e139
6.186741637509309e138
5.3493647702473595e138
2.34299810355557e139
1.1080662685441858e139
7.401568942733294e138
1.2219540672122974e139
8.657996339305828e138
1.0406961604892808e139
3.192006615782323e138
6.541399519887812e138
2.4190688346968863e139
1.5529607065861748e139
1.1962573509400164e139
2.284359090690672e139
6.581176691278252e138
1.121470837989651e139
1.720239213535889e139
1.9429747415686671e139
1.781238470015158e139
2.3275264039768124e139
3.9169774433852716e138
2.7748235057388178e138
1.2790963974398567e139
3.024358241208916e139
3.605147962647614e139
3.284981291576481e138
3.393788123496336e139
4.645914922059457e139
4.6668654311486764e138
2.9560745859279946e138
6.545062330095925e138
2.6940006788701403e139
1.6889637724005348e139
1.3177262688726354e139
5.7025160891577376e138
2.0324693165595785e139
1.8424599543955318e139
2.0982829673355988e139
6.967206124253401e139
2.8275824322165755e139
2.4594590683998625e139
2.048415533241971e139
7.131449841457217e139
6.58884261171469e138
2.1774053280236393e139
1.4779004241366507e139
1.1190372500948431e139
1.6755872842762865e138
2.1676295274944565e139
1.0547304360761847e139
2.936611731935622e139
1.7094116699072292e139
5.4048274354639764e138
1.2946769285376906e139
1.0818122857026363e139
4.7353675599428857e139
1.279557985413136e139
4.349652379990773e139
1.258287136032608e139
3.2846729046368374e139
3.59812129665262e138
2.876686606024944e139
7.74794266698699e138
2.1014011446159504e139
1.2926441041890166e139
1.361352626316232e139
4.475341118235294e138
6.776544421549886e138
5.054704121667608e138
1.9405039123628072e139
1.4507071724628618e138
1.0932856413058518e139
1.3011208620520944e139
1.633959842489168e139
1.4342630601895112e139
1.9866187143338028e139
4.053197058228071e138
3.023249415505305e139
1.9639631938987365e139
1.11864353537065e139
3.992965993881265e139
4.413589381153886e138
1.9364370919521013e139
3.161985142815609e139
1.7493348714586874e139
1.3354924576603244e139
1.4673422765525742e139
1.4617271080963208e139
2.3856916294367167e138
9.304510918713276e138
1.4930575073284155e139
1.0895219010483074e139
4.659183829010164e138
3.9050197130125855e139
2.8056639925743824e139
6.735213717510081e138
2.8435839641179068e138
1.547563131918736e139
1.8380742337853197e139
2.045426917913695e139
5.563775670376129e138
6.731451611483147e138
6.699610360765529e138
3.4693517220377763e139
9.868182204157609e138
8.135455089917107e138
1.082192285314608e139
2.8248539462251105e139
1.5613457874943485e139
4.4270510628718855e139
9.172588526459947e138
1.4055987190903883e139
8.261991809033048e138
3.92981630723456e139
1.1966211486111543e139
1.360817636373787e139
4.3343251670994163e139
1.3250789701162536e139
6.29266271263396e138
3.0631036955682765e138
3.9036754712396497e139
3.623409844055208e139
3.1662654958195453e138
4.5845201566536973e139
3.0139835656663986e139
5.592814710929072e139
1.2410374259217695e139
3.7432117806738575e138
7.291798736802586e138
2.503712743858693e139
3.381237682615356e139
2.7181245187331924e138
3.2904456769957454e139
1.351422812007208e139
5.028246559872965e139
2.5428478743093847e139
2.5497285131549344e139
9.741317883050305e138
3.4414852355071785e139
5.525444620585419e139
5.950417332118575e138
2.2972402302356317e139
9.216717198423153e138
1.7540184686046308e139
2.563147555808946e139
3.808356647232634e138
3.6344806953745066e139
2.2054677688742726e139
2.3679027670715853e139
1.882746733146109e139
4.860833331633489e139
1.1908982870205783e139
3.286970026423321e139
9.006171612388449e138
1.9119790912936158e139
1.9713784585915353e139
2.25501643367302e139
3.449031575961535e139
1.1523581987404655e139
7.677389075601564e138
1.2261004120814628e139
2.375558489387702e139
1.098938853675377e139
1.7920407235299876e139
1.1361681059444029e139
1.7530886768307363e139
6.248141454260664e138
4.376564346585812e138
9.686451418575559e138
2.2024017034561425e139
4.0649879074092725e138
9.837837846577842e138
5.237006513140862e139
2.1928796974470246e139
4.673974460037947e138
9.979569417488861e138
1.4276607232096295e140
9.99022369384389e138
8.899211240023262e138
1.112129230620988e139
1.0236099374767477e139
1.7955234271987788e139
3.2130614964137585e139
1.1777825876397561e139
2.6898007108538354e139
3.089021211724873e138
1.0158484958967844e139
7.353786047845359e138
1.1154650882065861e139
2.3991925486897226e139
2.1831034361317445e139
2.3366871785343344e139
4.868737121930742e139
1.1171639004278825e139
3.2018539446224034e138
7.921512442244228e138
1.5417965934807622e139
6.709094495341028e138
2.0985790590755735e139
8.995151298565381e138
2.8428778455790444e139
8.159113089752571e138
2.1587576718896268e139
4.3426672981674027e138
3.4000019292950166e139
4.155976333741625e138
1.9978931129799515e139
1.3155003456020662e139
8.884387433144338e138
4.962027529209214e139
2.1270687756240476e139
1.3697191205604555e139
3.960830993980122e139
1.9851416649007778e139
2.611289149482987e138
1.3064229222818854e139
2.2832392835031537e139
9.869716922883232e138
2.0230553137437056e139
9.480955810687564e138
1.0842883757288056e139
1.820158493196782e139
1.614708900118982e139
3.2994237973661335e139
3.5308440553334537e139
1.980135797588158e139
8.995148686992087e138
1.2801261283207199e139
4.77966353739929e139
9.621761145185454e138
2.715384297245146e138
3.3455888440529056e139
7.927236615225963e138
1.0003826625731648e139
1.3596548454469736e139
1.0281304675350815e139
2.857093699332252e138
6.818176558412627e138
4.2445554467100267e139
2.3337395190408412e138
1.2014714942109703e139
2.332261417269035e139
4.996981523934225e139
5.4293371914843985e138
7.867697450118849e138
2.3095605330942523e139
7.662485155714991e138
2.563698091693479e139
1.7727899032453232e139
6.685975780581445e138
2.4454524059350263e139
1.4310391664625751e139
7.46106991179385e138
7.552841380430866e138
1.1472388669597437e139
5.570282905956281e138
1.285004084600324e139
1.2587277482760838e139
1.581010732011089e139
8.621134009287535e138
4.8152516142417724e138
8.573491833785867e138
1.7473164758152877e139
2.3178223538721917e139
8.525056714980615e138
8.917194654640636e138
1.0551902959055668e140
1.910667550697858e139
1.2143942098356995e139
1.8109403050969172e139
2.968766743587962e139
1.0885676085225142e139
1.558945664699675e139
5.662384694961874e138
5.839982595564272e138
3.579102988829009e139
3.732361629519139e139
1.8319718145897188e139
6.21134352361304e138
1.5377871972809092e139
7.665557231092323e138
1.7524275231279735e139
1.0992551270959672e139
4.1358325520661416e138
7.207712764461143e138
1.8153062366778406e139
4.149770930851614e139
9.91331490223225e138
1.7677545852794557e139
2.4727547378444026e139
1.0332501501662105e139
9.490607362542031e138
5.313776604583935e138
1.1862259175562202e139
1.1125239468920158e139
2.043099386481171e139
2.0571560161399277e139
1.069091344305426e139
6.547695104945347e138
1.5756168811112538e139
1.3705204099482293e139
7.026348246660473e138
7.627220712544421e138
3.704499439118812e138
4.902067812057716e138
6.595299697612823e139
8.627467741476063e138
7.532215362999512e138
1.1216366903848764e139
1.0382628355730285e139
1.9541441006424198e139
5.281093313151177e138
9.831649476000211e138
4.1000647087472405e139
1.9745468169518015e139
2.171383383148384e139
1.2881864762734045e139
7.00937434071317e138
1.869271623344302e139
1.0083803148846496e139
7.565808285605313e138
3.600278132419837e138
7.232103828662288e138
1.346021666685216e139
7.097806889200093e138
8.135909380525928e138
5.120766841824443e138
1.8390654482789322e139
1.7702952729795795e139
1.2975211434244051e139
1.0583604057581152e139
5.75001558625744e139
1.8618573746519737e139
2.523479499491731e139
1.1787182590269757e139
1.2439226745927325e139
3.4318342494202136e139
5.899373610164998e138
2.1393446846708176e139
4.108496459095619e138
1.059782566158494e139
7.199511165202868e138
6.92176036490346e138
4.841243921156912e138
4.3926513694287047e138
9.288133223374151e138
2.749988808313196e139
3.2906674849882475e139
3.57669111005053e138
1.638815612540199e139
2.98670281113562e138
7.611063321102765e138
8.075046877594042e138
6.865526691934874e138
2.3328357527147186e139
1.7607874607870292e139
2.4751368814212954e139
1.331249407683804e139
2.9166428613123552e138
4.405945817780513e138
5.4040286311299205e138
6.866418517961118e138
1.5696281229013034e139
2.9176375939198646e139
1.1701783336417058e139
1.3722010799480596e139
8.142710017759902e138
3.992588963995429e139
2.053471644108079e139
1.6441896090402854e139
4.1287820740886774e138
1.6195251953760048e139
5.001503825884213e138
3.624079608211781e139
1.158397959184295e139
6.399744455123042e138
1.0495552024157879e139
2.926481011277873e138
1.850423686221075e139
1.8873007274052413e140
1.9150133424916403e139
1.0603755007712987e139
5.472601063856001e138
3.1153569977683856e139
3.0159355460709986e139
4.942711020912534e138
1.282004260752854e139
4.124545369467908e138
3.1046561416129694e138
1.428422231970892e139
4.174845646313863e138
1.6453362621024242e139
1.1886523515891715e139
7.88569450352294e138
5.03478362122498e138
1.5674672713207664e139
1.6071913104008663e139
3.121992924185818e138
5.336220780863311e138
1.9941421852633662e139
3.576543144713179e139
2.9682881564801305e139
5.5319372705846e138
7.249942106643917e138
1.2112613346235477e139
4.9896850705063746e138
2.5872122792800103e138
9.472584903414336e139
9.538213679998187e138
1.371576912371511e139
1.7104626758975809e139
1.740210260821429e139
1.0221505055437374e139
1.6879446050975607e139
6.293522660301203e138
1.329783928604239e139
1.1235487925073377e139
8.833676500663237e138
1.2742470931491307e139
1.2945464281835825e139
2.398521177819034e139
8.087519286754517e138
2.609849989226708e138
3.275263532454551e139
2.9744214083495767e139
8.291884343254113e138
5.11881575560421e138
2.5611472213785584e139
3.6805079822529316e139
6.080554132654572e138
1.079041784692996e139
4.000432379233909e138
3.4751899940311867e139
3.222091185204561e139
2.3792018557368536e139
4.794344620243772e139
1.1261480966655508e139
1.708912555465772e139
1.3095158052011274e139
2.522889397502059e139
1.929693635854899e139
7.499087814371403e139
5.9517837769420166e138
2.2831291331595845e139
1.6615110838884136e139
1.8054274898777946e139
1.7198283825080927e139
1.8369974684675502e139
1.453231870292339e139
4.413084023969901e138
1.592015009017852e139
9.218144491800933e138
1.6092266621965587e139
2.735729473540774e139
4.147009276076863e138
1.6803626488272923e140
4.2778386020599175e138
3.1551699399720664e139
1.243678203533005e139
5.8245138934031706e138
1.7683182637076787e139
1.758107112264176e139
1.8237288589509877e139
1.0532116751695508e139
5.973800768311146e138
9.332122143892109e138
2.750100428122819e139
7.446444396675149e138
1.312249830543802e139
8.328015105341932e138
9.464420589955254e138
1.7266428770883433e139
1.0955154670538291e139
3.0145646608417054e139
4.2541500328454415e138
4.734140930001367e139
1.1557763252047593e140
1.3442943153858666e139
1.2394025536221226e139
1.0264402089081138e139
9.41347338119665e138
6.345969450456372e138
9.847111357568273e138
4.971504487701397e138
1.3326494340693803e140
8.723405585821118e138
9.250585025382746e139
2.0264292858285593e139
1.7235763191197591e139
2.392914769171281e139
6.287975406489553e139
4.964077728520381e139
1.6769719000695585e139
1.3431463707536087e138
2.5819788277181232e138
2.8463897626543587e139
6.255095389101884e138
3.374014080443037e138
8.255404610317709e138
1.0180688940473347e139
1.2893249159470565e139
4.680553479657073e138
2.917655832088965e139
4.795224988695316e139
7.096979012628029e138
2.2655094141566724e139
9.963833837313704e138
