1.519714429723563e200
7.835769460710748e199
3.760838190801762e199
2.4565577244552555e199
6.605565067731099e199
1.7271518075027217e199
5.871905210599905e199
2.0507851368516198e200
1.2652263845871472e200
3.422185076097885e200
2.871142431146997e200
1.357961616292994e200
1.6406004719064647e200
3.595072582524005e200
1.0639925532544686e200
1.7185498187599175e200
1.557902027188874e200
2.2724458126150387e199
9.287594636791262e199
1.0005205022941333e200
3.7582692304792036e199
2.3488580049848126e200
4.300456347535549e199
2.508097698940908e199
2.0620668128853636e200
1.0265764088847223e200
8.67215865880015e199
3.730876428950789e199
1.875598260873163e201
8.215122643848192e199
3.162461756784178e200
1.0913917597770478e200
6.2074718409370955e199
3.2374305184040735e200
1.2879300741303256e200
8.259114017786787e199
1.7516749408299288e200
3.7065605004740895e199
1.166148118092356e200
1.712578733534515e199
1.4141002194755642e200
1.2426830392415386e200
2.6663290855323913e200
3.219181844199626e200
2.8387913510377532e200
2.9612775895905825e199
1.6014779011947905e200
2.4131320470635402e200
2.394243855338662e200
3.653815679709569e199
7.549926726081517e199
2.0628287578851294e200
2.2105145832218495e200
3.753074119564507e200
3.5255844810645943e199
8.525459661675435e199
6.642889938177749e199
1.273661559019468e200
1.5043423211399144e200
1.1480640454922789e199
5.146769112067096e199
4.110257376001349e200
3.252004498418411e200
9.714479751800644e199
7.671302995322507e199
7.661695145498624e199
1.6683456393434095e200
8.58115343972514e199
3.7576588420173715e199
5.9068414053804656e200
4.563356372626567e200
9.493601268045986e199
6.732476835272726e199
5.327706385330878e200
3.047245667917246e199
1.830855292511392e200
1.633586548161562e200
7.269629392225957e199
5.147886538517843e199
1.2818334005565734e200
9.776476481072087e199
2.652070495313207e200
1.2011582806470463e200
4.4947854630489825e199
3.7603581961346127e199
6.14985289064262e199
6.197498437861311e199
9.577340204525039e200
3.2347595682097506e200
1.2006620662395117e200
1.0873133396798955e200
2.4909273799281237e200
5.14755355975598e200
2.0912473220168042e200
1.4717109850015723e200
8.45082059496744e199
2.3462756264647738e199
8.562848408413466e199
5.4650753391563394e199
2.3069808463566603e200
4.958047724338428e199
2.2726994750209897e199
1.7559934110118946e200
7.5720398789078564e199
5.7806238131346746e200
6.7905427268288815e199
1.2064903538991549e200
2.4303947928587348e200
3.862511771763762e199
1.0113467595172366e200
3.0404251484685104e199
1.1306666242206204e200
1.412526053822217e199
7.690785385909475e199
4.404019759187914e199
2.6101653415206405e199
1.0691584407074173e200
1.4359549104728697e200
6.158375828309008e200
4.025604911673307e199
3.957320912979739e199
5.448504398455945e199
5.058317527634665e199
7.937346314661391e199
8.937442904808133e199
7.794537073817476e199
5.899185706332383e199
5.362457726640582e199
1.5102373767887465e199
2.0787067731293774e200
4.733858319938078e199
7.545033681988852e199
1.950972020925262e199
2.315099847010717e200
6.5701798466134e199
2.015497001799728e199
3.6320184126401786e200
7.503823623354469e199
7.480078222080447e199
1.0753087065553609e200
1.559084952975012e200
6.284277259399585e199
2.0116628988034528e199
1.4867345412691266e200
7.1079824728020975e199
5.9561127796847926e199
8.271576370371757e199
8.2737076544931e199
5.850142826226992e200
1.0495213401757641e200
2.6638755177399963e200
4.352470906064758e199
4.877213814861049e200
4.124463073698414e200
2.8987296168375903e200
3.922086298778509e200
1.051969245773634e200
8.249729273455064e200
8.944375770310951e199
2.8706657107136715e200
1.7056312763668355e200
1.7529675410078905e201
1.2221056765119645e200
1.972562061014952e200
1.262132614692233e200
8.898385531570064e199
8.368825041864616e199
2.5463816103635476e200
1.2496100484982792e200
4.368865317394503e199
1.615986198426003e199
2.846656969264077e199
7.705504703203845e199
3.5502613019250426e199
3.7478468482680134e200
1.3860259003232372e200
8.162136197337609e199
2.4178114358330503e200
7.243426506282131e199
1.6837973035329098e200
5.2682490940340675e199
1.1228156101491186e200
1.4366230794228447e200
1.7305218109261384e200
1.1982808496630627e200
1.7235164848435276e200
2.109979932114839e200
6.997111052263974e199
4.097601109741387e200
9.149452740653e200
5.794909255427953e199
2.163587465968552e199
1.4387231268552621e200
2.4237404291080314e200
2.6442384360998825e199
3.512002698763073e200
9.804612996769137e199
2.7238318684400106e200
1.0693353291215008e200
3.535311501011051e199
2.2937514558144126e200
9.41420059607068e200
1.573372947388013e200
1.2427925172949758e200
5.174460985568064e199
5.765262990657397e199
3.717378962013256e199
6.511867252379916e199
2.217945884898515e200
1.4857360541034146e200
2.6853006306661424e199
9.0727647652855e199
2.175000617921845e200
5.469414084300994e199
1.517611283768893e200
1.8522284263382285e199
7.204379752549116e199
2.431475611268228e199
1.5193345986457127e200
1.1934669745665048e200
3.296097817283647e200
4.855055479941855e200
1.9380436438771933e200
3.619485039496051e199
2.0803514427574654e200
1.2986004239205829e200
4.109570012519534e199
1.31397663671631e200
6.69705020313116e199
9.89304666795065e199
4.189237377235777e199
3.5858160084635098e199
8.931371582388856e199
9.751044370893181e199
1.8731205792951245e199
2.178667934551376e199
3.190699278545151e199
4.258966548636824e199
2.492631261184737e200
6.100941869942204e200
6.07837576987949e199
8.980163390332508e199
2.167470374232349e199
1.5733053518349626e199
1.0255300558561291e200
1.6599889346516167e200
4.903013154132433e199
1.9707468738077992e200
3.0314189662540307e200
3.8251820120828155e199
7.698256888004107e199
1.4170692069674293e200
2.139677281769141e199
1.6498819049995855e200
1.971380310273406e200
2.7642419919901102e200
2.355412796570387e200
6.302230640837566e199
1.3897663472529136e200
4.127533366487877e200
2.0347526032335648e200
6.153529909226493e199
1.2205661773973773e199
6.637897105265922e199
6.580353130612645e199
8.915652459936783e199
9.844047834582753e199
1.757884468203159e200
4.980661361443655e199
1.0317484021412668e200
6.265193170727852e199
2.408709001981448e200
1.998099400536931e200
9.626638923731089e199
2.3596415561639364e199
8.614238447525882e199
7.87436510599138e198
1.4511805718262354e200
1.5445345514562664e200
1.4571665041568592e200
1.6441982644160074e199
3.742817224000945e199
1.214414088310885e200
1.1948000824797712e200
3.6113950436758124e200
1.103587682314031e200
6.40350413223705e199
7.176130322237231e199
1.1215217712244757e200
1.3068619191843457e200
8.58247739312783e199
1.964810631029567e200
3.375381558804794e200
4.929380436622345e199
1.4586290403406116e200
2.5113927420287835e200
1.3607699749875308e200
8.947874215336252e200
2.911114257325773e200
7.523797407279509e199
2.1867982718789435e200
2.2677874611843606e200
2.860575065951124e199
5.998544035552393e199
8.9283643810556e199
1.1568481628511453e200
5.29110758898166e199
5.507076259862893e200
4.357260709747953e200
4.5406156291756964e199
2.1541512813774623e200
5.966443398572565e199
1.4998955978240462e200
1.1432589521166456e200
1.293011497610199e200
9.364370037976664e200
1.2216479247925243e200
4.4153190665926056e199
1.0733202024967926e200
1.2872608556151273e200
4.193710543033433e199
9.287511960475616e199
6.759890746595297e199
4.1917394077556234e200
2.138243905811539e200
1.415832061838807e200
6.775197999005569e199
1.2713025274099302e200
1.7561710557894565e200
1.0948563980130627e200
4.460032123062805e199
1.9473257405530703e199
2.143747359183125e200
1.7473011432670936e200
1.2454365865084857e200
1.2709798799559616e200
6.745333085519945e199
4.193138389986963e199
3.7399621614438736e200
3.404307932326625e200
6.726624861027177e199
5.332229602351323e199
3.64314377310564e200
2.899905615995468e200
1.4350415360291735e200
2.912327683974819e200
2.831393992096908e199
6.157707606702036e199
1.558016923463766e199
4.9504870646946835e199
3.973504425318171e200
1.2538734846220096e200
1.069370144602675e199
5.588494412369886e200
1.79211778536453e199
2.5201847691183932e200
2.6321944112719348e200
7.128427084162777e199
3.3684060807010726e199
1.7467417789890195e199
2.3111764693600133e199
3.613167400715127e200
1.4344156137100956e200
4.544233191467868e199
8.147719008781634e200
6.82676708755647e199
8.549445583676907e200
7.768195503318857e199
2.443484104607969e200
1.6099696283633388e199
1.0789738925870689e200
1.0192740208656648e200
4.192113836861068e199
6.055838092364162e199
7.447419068604179e199
3.6896240449805926e200
2.9484303862652453e199
3.1183141155769563e199
5.550473435533126e199
2.512655041031657e200
1.8424849809634165e200
4.0141008884749806e200
3.301633475415891e200
8.87016794738633e199
8.781385414102065e199
2.760124863575592e199
4.939410944261922e199
6.066111707630525e199
6.876014796520039e199
1.4692881144867681e200
7.454713692536762e199
5.042096531381261e199
3.926027631695879e199
3.5127124443136936e199
4.303711484957678e200
4.874791641233963e199
7.651686266053169e199
5.955394030761682e199
4.076376273678385e200
2.508948132923819e200
1.8077693584466058e200
2.4728689791359283e199
1.2244724181147897e200
2.6381041939763195e200
1.1308815524233518e200
6.158485047494111e199
1.7500538081908788e200
1.5466492111111627e200
2.805366557128395e199
5.710339500770516e199
5.132346410997077e199
3.4215069582712945e200
4.123903647967807e199
4.220920480184027e199
1.061178992813866e200
4.9834673056824547e200
2.5879114402828286e200
2.0980842629227525e199
1.0070030032398e200
4.732841265487319e199
3.560594377987081e200
3.064865474730589e200
5.768403633472214e199
1.1687938490869235e200
7.5426891943224175e199
5.277868739280594e199
2.7348395650684095e199
2.8047482340155683e199
9.413729341318338e200
1.5122868352557708e200
5.707414302770086e199
9.576456038635417e199
1.5275094826318068e200
4.65134113239982e200
4.697483726139214e199
1.8807670080380104e200
2.510411712223168e199
6.876433903119535e199
3.856704057204545e200
5.155363837366193e199
3.774007075177208e199
4.572458586862452e199
1.0952568009767923e200
1.2242291098028544e200
9.474320143768175e199
2.2924695813359595e200
7.544521348141715e199
2.937667108878899e199
1.7332654264806597e200
1.64226732539622e200
7.179057935183624e199
3.4374261945368263e199
1.21161541907569e200
1.79238421771645e200
2.0147639391885176e199
1.158091221773108e200
2.645338295108274e199
1.4577380144073428e199
1.892474793633009e200
1.9381074612785877e200
1.5817376272843905e200
3.0379708214101507e200
1.9316819296761303e200
1.1383550731770994e200
7.086708265116058e199
6.428253784208617e199
5.551734463928774e200
1.9769554157915086e200
1.1063308834581879e200
2.9809742845659274e199
1.3574563987540251e200
2.5708631422757203e200
4.898067803467304e199
1.404355041868181e200
2.6563947519104693e199
7.563787243509941e199
1.5233579724050343e200
1.6375418746895483e200
8.240223977856e199
4.255637081290166e200
4.273125841037121e199
7.2695638475057484e199
9.250537211932623e199
3.411385466607238e199
4.624169285176057e199
2.2510723158826154e199
1.4397302893769929e200
2.511436189059972e199
6.672799254653366e199
7.867389287443913e199
3.5914854365398763e199
3.954745199139286e199
1.7950187123907008e200
2.6889713240386336e200
6.782257322428453e199
2.694595958918776e199
1.1889282896599309e200
2.9581482759665116e200
3.120921267902738e200
3.969304660163084e199
2.0068933396382293e200
1.595701815183042e200
1.05284288982378e200
2.6120495904199893e200
4.826300971327559e199
3.254496512135196e200
3.1282543331039407e199
2.6229743603180868e199
2.035307756990463e199
1.2161846954139915e200
1.891533235802386e200
7.370343609693683e199
9.374416209393833e199
1.0294033792076119e200
3.825025219019617e199
4.648115594480732e199
1.2340995505098433e200
4.428712477818776e199
3.25786286256228e200
3.2836588056878093e199
3.222739983755477e200
1.2071781027457966e200
1.0064294503083984e200
2.3481433284769197e200
1.180197230944397e200
2.1770908683493644e200
1.7771489355498548e200
6.536967425894707e200
9.156582336765907e199
3.070363382104035e199
1.1226795092723724e200
4.186156024649852e200
6.0447563118941166e199
2.016326426001306e200
2.4701502416499142e200
4.071167527453772e199
1.4877948534859375e199
5.228657193416821e200
1.8507769981769992e200
3.9131948425233154e199
6.994984252811274e199
4.744044987618205e200
1.1652179152886919e200
1.6977373692503952e200
9.958695678498315e199
7.301847395319638e199
1.2210488069585093e200
6.544736441387202e199
1.7571592932223255e201
2.1980178327286243e199
4.346443442927581e200
4.852710093781409e199
6.483054287585779e199
1.3830977466212121e200
5.13907248008369e199
1.3320168009309645e199
3.5401252420852047e199
4.328076133892001e199
1.7739444162384383e200
1.920935810990465e199
3.596738978967228e200
2.0708017418469395e200
2.336662277985295e200
1.5506183243749732e199
1.0727479589000286e200
2.7539734298734407e199
2.1922840502148897e200
4.262428266352191e200
7.488713515767728e199
6.163351646346389e199
1.552342928760407e199
1.291236964769263e200
1.2084585458866777e200
3.762477938052472e199
1.569797865616084e200
4.668919836928564e199
1.1653360990055565e200
3.957262335285841e200
4.349888747287896e200
2.1319227086496813e200
9.790750559244155e199
2.6390663535813188e200
1.0876054245868607e200
1.0642455338650881e200
2.3639159695285704e199
7.197017749789692e199
5.921208799998449e199
1.3225598528618355e200
2.1958747095683443e199
3.048290055516606e200
4.80224589978346e199
2.1311900073995893e200
3.303004167030332e199
2.2460322768467018e200
9.384717898056176e199
1.358662167883047e200
1.4510248594661998e200
6.9430432618997975e199
2.719027859037713e200
3.480684599727114e200
3.91344844801434e199
2.0840872370964344e200
4.24597534987062e199
1.2604688900471863e199
2.10479653771699e200
3.573393892002145e200
2.4625994823044807e199
1.99779839870086e199
5.38662829259966e199
7.296367776771207e199
1.1208064921201338e200
6.804592988334169e199
3.202376419397624e199
3.3245303479308014e199
1.557902800840372e200
2.08431774886393e200
4.402955106379326e200
1.8014606430560274e200
5.735685869756534e199
9.476966744885509e199
8.791579297634848e199
1.748501769635474e200
3.3955140869718997e199
4.535315618717053e199
9.913674919144807e199
2.7022655392367922e200
5.83393271380307e199
7.172159876009238e199
6.076797260663405e199
4.542884574515636e199
3.848424081909292e200
2.935086581850168e199
1.3918688385234954e200
3.9016136529090115e199
8.217322631396814e199
9.6185541335355e199
4.561122880153837e199
2.888997171401792e200
1.838541211331172e199
5.4226422876471425e199
3.789868832144267e199
7.227073850832055e199
6.952559403211787e199
1.7044590933808486e200
3.1972131109624883e199
4.778609619514623e199
2.751197677245921e200
6.228273537393216e199
2.762219317467387e200
3.264981922389155e200
1.1306068441694633e200
1.3479300117170806e200
1.0567526415847263e201
1.5771688389502262e199
4.509733585870701e199
1.2047087544589475e200
8.114002242281697e200
1.1801887981740477e200
1.0412187475398156e200
2.0047698417875614e200
7.5794447283048705e199
1.4161000296971904e200
4.718237310315024e200
2.9333932220132183e199
2.0280673575074115e200
1.4013671059184491e200
1.3997416759567405e200
1.4370404944439927e200
4.94682247963509e199
1.03646476859683e199
7.198993294275806e199
1.998930701102528e200
2.744975972533784e200
5.867972268222581e199
6.64342082284826e199
1.341530073795838e201
7.412231861270453e199
5.4414918122435e199
2.5946428796206974e200
2.7476132361294968e199
3.409987023346807e200
3.381843601181118e199
3.0323254224219095e199
2.0061417045788935e200
1.6550331200678782e199
7.838637772653374e199
4.76681478548823e199
4.826183094432484e199
9.931804731953283e199
2.9479149513836892e199
9.05346997829137e200
2.994376885191971e199
5.442645551568825e199
6.7882095557703226e199
2.0755551698966316e199
3.336530534313326e199
7.271535304616164e199
2.7978304261441855e200
2.879180785640231e199
7.852765048830323e199
1.4936180856060544e200
1.135669907210437e200
6.48874208384777e199
3.5672516278619946e200
4.464590757303133e200
1.074296781613619e200
7.32568313734346e199
5.379675049809425e200
9.840711891692798e199
1.0307237013229172e200
1.0477556436552475e200
4.764480732787755e199
2.987364761865918e200
3.1394348904117436e200
1.3404684315192203e200
8.730521280004942e199
4.795484007793469e199
1.2391051378734544e201
2.668243116144703e200
3.858933523780137e200
1.3028879525376309e200
1.5472932338920635e200
1.1499040303988765e200
3.2013716176478508e199
4.62735634426178e200
2.4092524584561308e199
5.919157719264059e199
1.3337769225147889e201
1.2390302541049097e200
7.213024298073942e199
8.1616518205195e199
7.33471283648339e200
7.194630292397932e200
1.402916890975633e200
5.1172102249965895e199
1.0208730565578931e200
8.106478595027822e199
5.039204320870221e199
8.732536763286747e199
5.054232785857605e200
2.0986880326817313e200
1.648868747451422e200
9.499931291913808e200
1.0426056913452524e200
1.0468601601400325e200
9.011781227889181e199
1.0446202311518342e200
3.2621244415284305e200
3.4637943924431858e199
8.63456686051196e200
1.940685999877213e199
1.989051272807477e200
3.6879438468462585e199
1.0800700204157085e200
1.802491582640495e200
3.2019015391724536e200
1.8672200292121725e200
6.36853111499767e199
2.3613966629524013e200
2.341096942220911e199
4.554273175393338e200
5.302127497077866e199
1.7975626599827004e200
5.232424691855949e199
2.7929919016882427e200
9.381132679087407e199
1.564743384009426e200
1.8061630158083e200
7.512535415824457e199
2.387765403332644e199
1.2871351758560013e200
3.7416233391885426e200
3.9924917588511015e199
2.2282906804993133e200
1.4177398665818122e199
4.3026209588766915e199
4.1525016094103756e200
1.1321210021517546e200
6.378131192818612e200
8.651968360822702e199
6.153397346762419e200
1.610984756562882e200
7.16584580926728e200
1.1961027123130878e199
4.116279352419368e199
3.863584928427785e199
9.838043887696384e199
3.114069464221222e199
3.870205484767847e199
6.089508692131874e199
6.066622829297839e199
2.4250312051863027e200
9.667527542289111e199
4.013286225715243e199
6.0698436691629204e199
1.02101566536829e200
2.0175627826240452e200
1.6713087367080565e200
6.577424406434133e199
2.103099307699417e199
2.6218832880257882e200
1.4426294337033629e200
6.198538744647827e199
2.497614806020491e200
3.733608410374937e200
1.2824163733430904e200
8.619251256526905e199
7.612460436731816e199
4.406776228056315e199
8.042725828373587e199
6.226721230502499e199
6.762892020013832e199
1.528487350008623e199
8.445697026706515e199
2.592819578656393e200
5.162218870422223e199
1.397815653245661e200
1.1887969754782388e200
4.958934147731687e199
8.551374883479374e199
1.1140831307307784e200
1.927411467776599e200
4.1241288350339144e200
3.19703986663482e199
1.4776448252703646e200
3.868562117360094e199
4.999819188173635e199
4.312737538037458e200
3.728927640267813e199
1.7861589255726867e200
1.845261892334176e200
8.348387800858592e199
3.538743142072408e199
5.545315844528402e199
4.3114186583402205e199
4.733310157155693e199
3.6858048031130615e199
8.445428877753483e199
5.593842017186858e199
4.515599526224103e199
2.1810837756599926e199
1.2912593284628585e200
2.919201407676961e199
2.0404377307337784e199
5.711363113196739e199
4.009405273345012e198
6.626769307675125e199
7.134215505858549e199
4.384230404567949e199
8.393082344169162e198
2.9774187847316532e200
1.5462497250518354e200
4.822872669114116e199
1.7298218872980616e200
4.350346115952534e199
2.0153291514766614e199
2.2073335367942982e199
3.0384676388479004e200
8.366373095791969e199
1.4033821109091936e200
1.2933890073454662e200
2.182105724552507e200
1.3585939181177332e200
4.361585196250929e199
2.2992987483209637e200
4.944625021641473e200
8.787595991488094e199
2.2247480571440022e200
1.3368558312150428e200
9.911871987779207e199
1.97721561023318e199
1.6097904822995098e200
9.95131157035499e200
1.9234451601405575e200
2.6795162067775556e200
6.268259214175498e200
3.564250415777153e199
8.905654345788547e199
1.4833867259962522e199
5.679275384375931e199
1.1206504407344971e200
4.525874978657832e199
1.3728936718649987e199
2.7486395480246916e199
1.9814282397516044e200
4.179413700727614e199
9.618042948560237e199
7.241581564169941e199
7.005081606531359e199
6.0955433433756015e199
2.1327160089321477e200
1.3815396925873642e201
1.6135802984235984e200
6.3034502895446305e199
7.695341630906943e199
9.325321850697786e199
5.855161699431078e199
9.096007614609643e199
1.7326045498680013e200
1.4062416069993703e199
2.210774181738786e200
1.7469254147130744e200
5.417548097230046e199
2.4286987110985458e200
7.033371834718102e200
1.1018761095446512e200
1.4620120076608097e200
2.2005395140938017e199
1.1364443018529407e200
2.5680500936110103e200
2.6258151209308253e199
6.323531808144407e199
3.220139482068696e200
1.5106238296555225e200
2.959488176328211e199
6.334183650890196e199
1.1331568903764334e199
1.5045410707340117e200
2.3233057655078952e200
5.562371380223141e199
1.2429425871991312e200
4.108492580147932e200
1.8006789623898805e200
2.031143427509139e200
2.399684259703403e200
3.56423372083301e200
1.4365882487671045e200
4.4068062672648816e200
2.371456927771078e200
4.28238194778098e199
9.790378549868177e199
1.6853420727962063e199
5.531730813705042e199
7.566675326733921e199
4.9063688798511055e200
6.90429340849806e199
3.7689421492014173e199
3.105145398905694e200
6.880712212253025e199
9.179024653229937e200
1.8660179421151435e200
2.9955459476605767e199
3.152985350200013e200
1.9333183704761405e199
1.3924363278311085e200
9.514296900973295e199
2.325673636851707e199
1.466474243290935e199
2.919737055381052e200
7.414441100987215e199
5.002085783364855e199
2.9069077922257767e200
2.286527063986971e200
1.596044411171178e200
6.112076601674713e199
5.37281460524352e199
5.726919989454158e199
2.0677834233131384e200
3.54635974726488e199
9.765143588588842e199
1.0343335335023878e199
1.3866500615918218e200
4.537012430777115e200
8.999948349284953e199
4.977201119269607e199
9.368195628285696e199
5.455413354549955e199
1.4609814430162615e200
7.063689973519391e199
3.634315063147318e199
3.594430265057583e199
1.336944829709923e200
1.4218835430180548e199
3.000323010944865e199
2.0531667914884217e199
3.010013328446319e200
3.483013865893099e200
3.1463315948543125e200
5.30893938682278e199
2.027432340746806e200
1.933732094925902e200
1.0552608429921556e200
2.5077313123215233e200
6.3712943659755886e199
1.0875855602277436e200
2.2198924425392733e200
6.579293777742136e199
1.017678492479682e200
2.871658913157944e199
1.746770629492383e200
1.5946359706446348e200
3.7154751581105015e200
1.9302521445753555e200
4.9991936036810914e199
7.27619147536588e199
1.1731490297669052e200
1.9971263171311005e200
4.772879183845981e199
3.8904190315410905e199
4.452926758307463e199
