8.844283491492e12
8.820123656864e12
7.068961987728e12
6.418954454544e12
1.260463135194e13
8.855384595396e12
6.820435141038e12
7.011130729876e12
1.0308438982842e13
6.11578021764e12
8.112363558612e12
1.0242423961088e13
7.518001562128e12
1.3065207424472e13
1.02781868172e13
9.588128074872e12
1.0703302781136e13
1.1773623572832e13
7.922453144616e12
5.740242780264e12
6.972065968912e12
6.739571009568e12
5.207866676552e12
8.469053038848e12
9.390055036544e12
8.237770648992e12
8.633227882778e12
6.57377548052e12
6.553250026416e12
4.16771480879e12
5.26032397277e12
6.989304978688e12
6.826930408672e12
3.962783485656e12
1.2180573933122e13
5.95127482336e12
5.317176130312e12
8.206768681216e12
4.392204064342e12
8.632572007518e12
5.604614933213e12
7.104972353116e12
5.592933255584e12
5.893019468472e12
8.921748538576e12
1.3220828911116e13
8.579267116008e12
1.0624772242692e13
7.16782075098e12
6.372762298836e12
6.61350935308e12
6.780052112316e12
7.317945586016e12
8.058889935276e12
6.568996133436e12
7.4375165935e12
5.49227212684e12
1.1699375232992e13
7.770777531644e12
8.363835900352e12
7.678577462928e12
5.6937610262e12
5.240179359032e12
7.790726740176e12
8.546284036848e12
5.840957102514e12
7.354389319905e12
5.650963191912e12
9.126777071966e12
5.45151705459e12
7.520071665579e12
9.910256494608e12
8.673804391681e12
9.392739924622e12
7.154766806088e12
7.732625396728e12
5.635743120612e12
6.32069016992e12
1.2457352199741e13
8.432973185824e12
6.214414142994e12
7.81454434692e12
8.935384474224e12
1.1148849878816e13
1.1486284941137e13
6.506754074904e12
4.572854331136e12
1.2858218893712e13
7.821314228179e12
5.326613908596e12
7.918585790982e12
8.141809107236e12
7.811241843434e12
6.182915229225e12
6.577905439712e12
8.37795921872e12
8.350690627612e12
6.460106321953e12
8.146501226256e12
9.009354301056e12
7.07981238054e12
7.187891577048e12
9.422277320346e12
9.164997863072e12
6.239140954554e12
7.354228027688e12
7.94682852944e12
9.739234621584e12
7.34024655607e12
1.0174311783468e13
6.01644341875e12
1.0823917247216e13
1.15941830952e13
4.957228769556e12
7.82600022592e12
4.927776672134e12
7.525738426124e12
8.68032456271e12
7.785142723344e12
6.53321975544e12
6.360334746374e12
5.71460039728e12
3.936844244688e12
7.17191405127e12
8.137559052024e12
5.277844897508e12
1.2305160235092e13
7.689041021004e12
6.599185789176e12
7.10029636702e12
9.530766011364e12
5.209938430148e12
7.932546459356e12
6.579730022128e12
1.1299197565648e13
9.025010885616e12
7.591340337708e12
6.263477285416e12
8.984623237343e12
6.360487519496e12
8.201964428772e12
5.433124364382e12
1.4080480100856e13
4.94323614584e12
9.984335024784e12
9.044684052124e12
6.459487443898e12
7.888720926856e12
7.395143126549e12
6.918479861064e12
4.182460742356e12
5.765058717808e12
6.316407289056e12
6.625915505875e12
8.873763151488e12
5.86855918074e12
6.513322655184e12
7.562846049056e12
7.535157759844e12
5.546910084872e12
6.079540068459e12
6.302650046636e12
7.06554084481e12
7.84579532096e12
7.005271085328e12
5.870800501712e12
6.17132734542e12
7.664981299616e12
7.234124747473e12
6.149993269132e12
7.627137589712e12
1.0539603765616e13
1.008220633076e13
4.744051305408e12
8.222511926893e12
6.370146091864e12
6.25197087672e12
1.124327329304e13
7.472203819692e12
7.402325754524e12
6.45342539247e12
9.805761620596e12
5.892821665432e12
8.452461475512e12
8.108769806993e12
1.1024476768302e13
7.67435309142e12
6.220500692622e12
7.277659682196e12
8.100220023693e12
1.0407314080012e13
6.750807549096e12
7.308741828576e12
1.127664414718e13
8.897579048358e12
6.394384348038e12
8.419376385144e12
6.487784491248e12
6.220724026176e12
1.1289809124784e13
7.296480349023e12
7.965002375348e12
8.420363607103e12
1.128460634088e13
8.384143677528e12
9.594819659058e12
8.005872004598e12
5.245842716124e12
8.383262358858e12
9.129206715714e12
8.377873785532e12
4.609170423278e12
5.143638533868e12
7.647244963518e12
7.194937122566e12
5.844362310832e12
6.278526449012e12
1.2232218760464e13
1.0496491312524e13
6.231257467732e12
8.612011212496e12
7.368925611612e12
1.263423932445e13
6.958998574984e12
4.70116339822e12
7.72835138446e12
7.926773432776e12
1.3588920240668e13
6.786454224764e12
6.632677608882e12
6.692760345504e12
9.270013205888e12
9.448868992683e12
1.194692424126e13
8.413238863197e12
7.10081143146e12
6.405395921712e12
1.0225941047448e13
6.596769081584e12
9.771596451344e12
6.797399942384e12
5.633329937659e12
1.0559854917856e13
8.676962378232e12
6.138434899306e12
7.779517647818e12
8.73408754724e12
6.331572900096e12
1.2475255664616e13
8.58302007504e12
9.8946876204e12
6.908017383642e12
7.763082263944e12
8.629708327245e12
5.282729379638e12
7.11463008404e12
8.29740361006e12
7.391633776384e12
7.851139356602e12
5.490187678357e12
5.860924842454e12
8.502339923568e12
6.873912968408e12
9.3414342138e12
6.874804638528e12
9.507349859246e12
7.77431406522e12
6.721030247504e12
8.065313596192e12
7.07474688201e12
5.481366746504e12
9.61416107946e12
9.232028355864e12
7.924098452376e12
9.818202935848e12
6.689588278504e12
6.16303825596e12
7.063628104364e12
8.205160339116e12
1.156591865808e13
6.52829229932e12
1.1709100596416e13
6.626961359684e12
6.160139440878e12
6.457537436488e12
1.1135564028424e13
8.119251650016e12
6.267421852398e12
5.096889815248e12
6.490144773622e12
9.974773560726e12
6.039090269595e12
5.685994980854e12
1.023188575251e13
5.803995607654e12
5.948266888108e12
5.95942304687e12
5.448877640687e12
5.877970754592e12
6.003914774088e12
6.798572801448e12
9.11257765968e12
7.532393597986e12
6.463121060916e12
1.1122767978368e13
5.274377366672e12
8.693948395674e12
4.233185919832e12
6.58628092453e12
6.735093113424e12
1.10333337888e13
1.0158000604048e13
5.686673782722e12
8.273834916296e12
8.747209048772e12
1.0971255462894e13
5.458800653949e12
5.135741466184e12
5.745343087972e12
9.757605570142e12
4.437652355748e12
5.619953333036e12
6.12263172662e12
9.003789928048e12
8.764975261452e12
9.354757926984e12
9.37202582006e12
6.965877491536e12
6.393783586644e12
8.910851658704e12
6.076438124134e12
6.331193742751e12
6.07053987074e12
6.78595457536e12
8.706329830848e12
9.364866848192e12
6.196746554472e12
6.618216762332e12
8.505130235832e12
6.683148112141e12
6.374762694368e12
7.561162432488e12
7.007907812732e12
6.8727812244e12
7.605115752612e12
4.011237923246e12
8.77964554256e12
1.2469344619504e13
5.934940209456e12
5.813100207744e12
3.521563356366e12
9.116964885166e12
5.094785757245e12
7.37685245679e12
1.0420553015296e13
4.991542485944e12
6.288325012034e12
5.863302436666e12
5.291617751184e12
5.63910864828e12
5.254442497556e12
6.901792838012e12
6.697803729336e12
1.3645920276576e13
9.595529802196e12
5.170872677255e12
8.578236602548e12
8.390588255448e12
8.027797866752e12
7.044913570192e12
4.65358036248e12
5.84941437077e12
5.284846044992e12
1.0421850187458e13
7.005921972012e12
6.601598319448e12
7.096948442704e12
7.908756572712e12
6.69794863626e12
5.159078640966e12
6.590767357372e12
5.519865087312e12
5.657519107236e12
7.286308990304e12
1.0249240209192e13
4.95541884592e12
9.773750802296e12
6.05938777385e12
6.355225688016e12
7.012118699344e12
8.762983612332e12
5.878788829976e12
7.8689958441e12
7.938011853323e12
8.850876445368e12
7.074971608784e12
7.7078986668e12
9.3789211812e12
9.523599088116e12
1.2192308566752e13
1.5625623496608e13
5.016668164047e12
7.094930325132e12
6.652123114576e12
9.274633529856e12
5.877438085992e12
5.98470522336e12
9.02898148404e12
1.358617595696e13
1.1145952399392e13
4.693896551124e12
7.502418541408e12
7.5050615801e12
6.26526364486e12
4.59652302408e12
7.702375249444e12
5.732264808112e12
5.402524785047e12
8.674692026286e12
7.56844689174e12
6.504554674028e12
7.869627918488e12
4.591629727128e12
9.489046311296e12
8.205272416448e12
7.606084653716e12
5.782638504825e12
4.993202667672e12
6.2716823573e12
5.820297851903e12
6.936353205672e12
6.901572163274e12
5.11496655281e12
6.32540791636e12
4.811921755668e12
6.186345149588e12
6.206412354138e12
1.1468882114136e13
5.236693285272e12
8.061367823896e12
1.0003776369714e13
5.494054302066e12
6.130860589272e12
5.709076285932e12
1.1469327511632e13
1.0371166407024e13
6.233855310724e12
4.456801100235e12
5.51963705143e12
1.3536758785536e13
4.85767300584e12
7.363446467824e12
6.009410156708e12
5.158391480068e12
5.022527840744e12
7.124074824224e12
7.308811516768e12
1.6493255631936e13
4.284239288156e12
9.3153070381e12
1.0813351447488e13
1.0182704311161e13
8.111764772156e12
8.659158531136e12
8.761784538204e12
1.133071419636e13
9.81622939202e12
1.000025825248e13
4.520911697956e12
5.87596653188e12
1.150945167872e13
6.114586060044e12
7.37716164196e12
8.2235458572e12
9.331101019008e12
8.810736591466e12
5.207975362098e12
8.026260316888e12
1.1775707968428e13
1.1704514692404e13
1.0680138311792e13
5.288282696256e12
7.714459537936e12
7.583504682536e12
6.02164012321e12
9.6670945455e12
1.0489393647648e13
7.683151711482e12
8.47903830132e12
6.75827812092e12
7.033843244738e12
8.91034037663e12
7.56362475013e12
9.359574655536e12
8.466143999256e12
6.098931676724e12
5.4733970028e12
6.525413191092e12
7.617479217864e12
7.175162811276e12
8.066070872272e12
7.921225163754e12
7.977572083644e12
5.228056351572e12
7.105427647056e12
1.5438863313936e13
4.77137181936e12
7.249974213972e12
4.103309019032e12
7.003497269052e12
7.840947544576e12
5.318850309074e12
1.0567125693852e13
8.5602917225e12
6.115396658901e12
7.815234045788e12
9.702747343237e12
4.88923712116e12
7.452811620604e12
7.020134609376e12
7.60000037144e12
9.16312997988e12
6.429513572788e12
7.945262763494e12
5.136061469248e12
6.096578259008e12
9.654109377672e12
6.016079340224e12
3.989531683818e12
1.172462416065e13
8.16103622937e12
5.364430538182e12
6.896986088156e12
7.839378661266e12
6.4128636012e12
8.296486803072e12
9.7990578692e12
9.537171605118e12
5.055665444984e12
1.1391098641664e13
7.803491006124e12
6.150719673897e12
5.668834889876e12
1.067048583768e13
1.096648471769e13
6.78482305152e12
5.137293182312e12
5.896259735544e12
6.685231540096e12
1.1142785759376e13
5.607362459551e12
1.2170662452936e13
8.88423450984e12
5.44083914549e12
6.60602442991e12
6.56641899738e12
8.407400169594e12
8.57825634478e12
8.362733413216e12
6.502323570856e12
5.8044083013e12
9.064172402084e12
8.91515684696e12
7.096170257616e12
1.0988362565824e13
6.572640209253e12
6.793792238134e12
6.06255055444e12
8.934093500128e12
9.97264810596e12
6.08591386668e12
5.99383450268e12
9.627767075304e12
6.94158334156e12
6.721715298648e12
6.107164868928e12
6.144679131128e12
8.773926444714e12
6.377406055035e12
9.0278751252e12
1.2489258832428e13
7.287829449966e12
8.276016835374e12
4.516025451759e12
8.465481825956e12
1.2088105158048e13
8.006103350472e12
1.0017206331188e13
8.427841968928e12
4.939034562826e12
5.74352473091e12
8.042162207616e12
8.795025568064e12
7.649206574724e12
1.1515361139916e13
1.4420575038504e13
1.0386532325276e13
8.159211362536e12
7.45519470587e12
8.05451052016e12
6.05698434736e12
8.143923277708e12
5.659318970904e12
8.827995660784e12
6.716005337712e12
5.755047959704e12
7.032413454336e12
6.144424020198e12
5.442026349736e12
6.054365783084e12
7.785392782784e12
4.836252850764e12
9.946217696144e12
4.809029930778e12
1.4894752050352e13
1.0105120505192e13
5.310198186996e12
8.068040714796e12
1.0961552722896e13
6.114219523644e12
4.344247088356e12
4.90177411502e12
1.0609403623068e13
6.99250120432e12
8.64217300556e12
7.224940872284e12
1.219830785968e13
6.42549800609e12
5.552941393786e12
8.553124846466e12
8.401244650224e12
6.536376782232e12
7.81460504314e12
1.0559296407424e13
3.93369331976e12
5.447949030074e12
8.62680514955e12
6.699724548248e12
9.093014985952e12
5.813141250429e12
4.807410377586e12
8.945555837592e12
4.341813930696e12
7.312355591479e12
8.498723673744e12
5.96442850542e12
7.737528955786e12
6.631919316716e12
5.77874500042e12
6.518538873044e12
4.935331560411e12
7.367294410064e12
5.633938766709e12
1.1651085051576e13
7.87998743883e12
8.296011554596e12
5.815843313376e12
6.151292242482e12
8.508294236404e12
7.670811749532e12
6.182882915528e12
5.832073523826e12
1.0421586839664e13
1.4858726287584e13
1.0838377814752e13
9.452543283666e12
9.332098360848e12
6.104258541786e12
6.435844811436e12
5.904893083564e12
7.346688787772e12
1.0540736121456e13
8.513001916464e12
5.228978307856e12
7.17650245322e12
7.285816441096e12
7.73006270044e12
5.877897850312e12
7.964980666056e12
7.039414588742e12
6.83857330476e12
1.0201109692596e13
4.969535293998e12
8.259357648744e12
6.383521853652e12
9.657021784192e12
6.199902716652e12
7.942205976854e12
7.616657359112e12
6.95254415904e12
7.375084292142e12
7.191732063564e12
6.977647388028e12
6.566439415821e12
8.244638340918e12
5.504526248904e12
9.20878216872e12
9.550911067648e12
6.381537626736e12
5.12278370929e12
8.008509139848e12
7.962152723496e12
8.689498849308e12
6.788909942823e12
8.95945581414e12
6.048221302684e12
7.622232395568e12
6.709935567636e12
1.026133896783e13
7.740600911064e12
7.209059011108e12
7.085787419854e12
5.925253972606e12
1.0252785205848e13
8.374834743912e12
6.011050200464e12
1.001262662864e13
5.568279413822e12
6.86940760104e12
7.399284882536e12
4.894815927057e12
7.817533449696e12
6.664787527616e12
6.817444521191e12
6.7557127957e12
6.771183668888e12
4.808065310575e12
6.640473426762e12
9.713906048756e12
7.015521901752e12
6.523870287756e12
1.0924861029356e13
7.507789261344e12
9.964334818768e12
9.53051071976e12
8.615081277086e12
9.212846570576e12
8.326004269735e12
7.802421163276e12
7.7201591151e12
7.2719742555e12
5.483628791083e12
9.823224981204e12
5.115943117044e12
6.752052441488e12
6.271688799946e12
5.01232573094e12
5.095355033272e12
8.165090767224e12
7.75975411028e12
7.266730267896e12
2.860218233662e12
6.842062940416e12
5.915704403736e12
6.5544547626e12
8.006751456454e12
5.415095579321e12
7.677547516544e12
6.060807706182e12
6.90244345836e12
8.092215048096e12
7.73932269375e12
4.92356385212e12
7.225718854616e12
1.2022866843804e13
5.384690992152e12
7.277127001608e12
7.753345809126e12
9.666001901874e12
5.94148544815e12
7.658016499504e12
6.651625118704e12
4.230486880891e12
8.138846082642e12
8.31577778736e12
3.841472542681e12
8.302059902832e12
7.04210000421e12
1.3378414036626e13
1.037224494992e13
9.156425732624e12
7.60057535832e12
4.734403387496e12
6.196255101546e12
7.013173228144e12
5.36759628174e12
9.840736603696e12
6.532660608006e12
7.22557235314e12
1.3997750274704e13
9.36237737888e12
7.513016565604e12
8.99030399512e12
7.253329937294e12
7.461551076036e12
6.23364494376e12
6.090785797364e12
5.168476236329e12
7.485974908072e12
1.0530830536032e13
6.00216141078e12
6.89347974172e12
7.321334406678e12
6.65552461336e12
6.491489156998e12
7.202914048614e12
7.823463761736e12
8.11259686068e12
5.593251012144e12
8.597689452992e12
7.74541010545e12
5.855994563094e12
9.640750237248e12
8.561597293152e12
5.516204141744e12
6.348520144842e12
7.622408141368e12
7.805391929472e12
8.682288179838e12
1.8275849106196e13
5.96271252166e12
6.037099045815e12
5.951368549332e12
8.889261666078e12
8.902773612328e12
9.88307901438e12
1.1878490697162e13
6.95049533928e12
9.61415116308e12
7.047290056192e12
7.605790820005e12
7.499017987277e12
1.0611783309648e13
5.89768078737e12
4.712148033576e12
6.73557285173e12
6.771058691316e12
7.236204352941e12
6.027630461214e12
8.953943621184e12
1.1360352347238e13
6.550735900636e12
6.45532365994e12
7.83540853602e12
1.2217213358208e13
7.667982635326e12
7.725713073012e12
5.961394344189e12
7.013494893088e12
6.418399555307e12
8.437629788232e12
6.594257081014e12
4.654931763526e12
7.153128747956e12
6.482040687278e12
8.132183717257e12
4.797267695486e12
7.623798252644e12
8.060353031385e12
7.44261926728e12
5.935924853088e12
7.52482601556e12
8.294503053192e12
8.232556177464e12
4.367004075396e12
7.36575957746e12
7.484048912808e12
5.40350723256e12
7.659499306832e12
6.819775358136e12
6.118406092138e12
8.002703728984e12
8.25367119596e12
6.347099349976e12
1.0809750247104e13
4.95701138376e12
6.223264109826e12
5.797234947652e12
8.640194915526e12
6.452550944084e12
6.317237668032e12
7.48711549212e12
9.645536098212e12
6.638604102874e12
4.355702566116e12
4.9376331505e12
7.58888331236e12
6.140529561698e12
5.997341944392e12
4.800449386032e12
9.21642234522e12
5.223783872342e12
6.476121573366e12
7.944260726244e12
8.122836052044e12
8.3977325062e12
5.392688047488e12
9.083588301584e12
6.726709813873e12
1.0824781748792e13
9.454157636046e12
9.189699258978e12
7.249577567154e12
1.094102144736e13
7.118829096832e12
5.162641801916e12
9.598974903336e12
1.0336706537328e13
9.795229952112e12
1.2352805110952e13
6.34769911568e12
1.0277051934648e13
5.405011741434e12
7.968083240642e12
8.831677039432e12
7.862053099568e12
8.21665156648e12
7.897421114064e12
8.860249150584e12
7.842793499562e12
1.911799711296e13
9.36015021113e12
7.460398252408e12
6.12662931918e12
9.291032603164e12
9.578769787896e12
1.0168890663056e13
8.497995255712e12
8.967717428928e12
7.788871926144e12
7.10909305168e12
9.197141384412e12
9.640933850372e12
5.94251049062e12
8.125331583996e12
5.426022146496e12
7.872174893484e12
7.69659221574e12
8.492800535368e12
6.207106947651e12
7.447889569674e12
5.716645657788e12
7.340797907932e12
8.442618490548e12
1.39060296316e13
1.7286957988344e13
6.499620668076e12
5.90017839242e12
4.955487665144e12
8.130611072182e12
6.291669218744e12
6.694686764322e12
6.81442446951e12
8.279704119051e12
6.174411784062e12
6.90352027478e12
8.820833477504e12
6.620242000176e12
5.765363140752e12
6.229337270896e12
7.011347797058e12
7.429732232418e12
5.093405597994e12
8.43807959605e12
7.183449265856e12
7.655204390092e12
1.0101231314e13
5.75388572288e12
6.978669548976e12
8.191784109833e12
5.565042150096e12
8.961846212346e12
4.764765787032e12
6.812858995807e12
1.0481391553512e13
7.647479825928e12
5.653266053196e12
6.896781815088e12
6.709060801752e12
1.006928903808e13
5.791418698744e12
8.930270939553e12
6.648766791206e12
8.1716000948e12
6.239390002975e12
4.686633759832e12
5.483079902854e12
5.976901939913e12
1.031422279608e13
1.0357054587096e13
8.435472383394e12
1.1760793275744e13
8.184332290518e12
7.289903093742e12
7.407421220928e12
6.567965208096e12
7.10264830801e12
7.971415193648e12
6.007423169488e12
7.73425939926e12
