5.482572304731364e130
1.3876275310271783e130
2.1711757454353462e130
1.326265309660005e130
1.080291046705908e130
4.67219585189604e129
6.29411073607556e129
7.515760580069694e129
2.561849685039946e130
1.334641178827783e130
1.8780045321152017e130
2.653077270428776e130
6.704305894145358e129
8.285733185415438e129
1.0422410794397254e130
4.528326907736345e129
1.4670508167604582e130
1.0721737776457129e130
1.816869677254181e129
3.5183778591073517e130
1.822440926182405e130
9.7194683414268e129
5.855378132591203e129
1.6997622381395686e130
2.062925536971128e130
2.536976481205384e130
1.3151918241862417e130
6.67790344713596e129
1.8775780821774767e130
4.943914258910787e129
4.870068907319863e130
1.9285888588352424e130
2.0918716754004228e130
1.5358817174457546e130
5.310524622539906e129
4.107913353253119e129
5.877579047581298e129
1.0440734797372982e130
4.326574567496827e130
4.0770180220483856e129
1.0548960314668611e130
2.8149305051284547e130
1.4688452468811986e130
7.767328091829351e130
9.974194136157996e129
1.0648826433634943e130
2.2179143301055815e130
1.3562084618234066e131
3.3621441062106295e130
1.0816506746882087e130
5.0826408455174174e129
9.253021364384046e129
3.046207592476721e130
9.077978092058866e129
3.604330465436039e129
7.223797537000204e129
4.267209819479959e129
1.2263330719351002e130
1.4757558902034804e130
2.1296264665697116e129
2.1920003084583002e130
1.6752209068654837e130
1.4215860105866066e130
2.3964423537692266e130
2.9446733013959946e129
3.6195385746938555e130
2.26303200346659e129
1.3865277142051113e130
2.5563811053386377e130
9.079494436622703e129
9.374494343002532e129
2.1249350610234186e130
6.869322376313118e129
1.7810872907442337e130
9.914129860015326e129
2.5640253871589403e129
2.611078268064617e130
4.521201899426767e129
3.420943897178039e130
5.968891936346191e129
2.1999020472212343e130
1.5273396031081002e130
4.742269870758971e130
7.062198898901324e129
2.347607292191847e130
1.021223391132491e130
1.7601536576963112e130
9.112558457761962e129
4.624473337762118e129
5.299378873068409e129
3.7370279744826644e129
8.326738555561243e129
3.965488072549169e130
3.722251209340923e130
1.3279561012146899e130
1.89325548223574e130
1.0284552766488232e130
1.124842054117746e130
2.1788585090413092e130
4.8282271298719017e129
1.2599766642606763e130
4.834128202593382e129
3.4261528857205953e130
1.5311749263948152e130
2.7180865001049463e130
2.657763947072322e130
2.2856542801111615e130
2.0298001991191545e130
5.387873582980133e130
1.0234186349461015e130
7.885786079832017e129
3.945372905975439e129
1.8803305109617649e130
6.553714284431769e129
6.25923015753411e129
8.829622760206455e129
2.370881143208363e130
1.3650683456108261e130
6.090446638660288e129
9.72897107482173e129
6.862751362994915e129
9.663277398882243e129
9.032854954397102e129
9.469716307215514e129
1.7190425603405398e130
1.5601200831098924e130
7.15457019639672e129
1.2992565399176884e130
3.108635371515115e130
2.7651326454919086e130
1.2707979927350675e130
2.079836407953349e130
1.4556069376309756e130
6.836531475310275e129
1.5987325101891744e130
6.812940949409729e129
1.1896145460111315e130
4.180787334951057e130
7.879346452096887e129
6.869843882780076e129
1.4471574914880502e130
3.6293731830361106e129
5.022089666979273e129
4.0508897062263056e129
3.216703478648393e130
4.137375396376028e130
1.9893515842631184e130
3.5974723613490234e130
4.447911202000111e129
9.712517545034923e129
5.1674513058515084e129
2.0217835105268773e130
9.065512398516475e129
4.9228113250142895e129
3.192699927757779e130
2.9973802515270277e130
2.418716469638283e130
1.1041107531731667e130
1.3790653848331374e130
1.1724363841792568e130
2.3835942976337874e130
2.5107698397897214e130
4.9178381922989576e129
2.249854575155864e130
4.711620957978384e129
1.7860795406519992e130
7.904726959075133e129
5.147956423462866e130
1.4495900185254565e130
9.895285603571292e129
1.6464325340053978e130
6.84281671400298e129
7.02361969300938e129
1.855806129422081e130
3.3827223938583014e130
3.300818583940339e129
2.9378890090946734e129
1.9616216036026755e130
6.63771361823666e130
2.7677212738657394e130
3.160402156477913e129
5.270316524790703e129
1.3687973941027264e130
1.1246476249707753e130
1.2359792617506424e130
1.2145146992214648e130
3.2404566078364754e129
1.5604901456940303e130
4.654385636424485e130
2.6225907606362244e129
5.0309649859754007e129
8.394278872204501e129
1.2622912618307642e131
4.031295897669957e130
2.3190903318782965e130
3.00124616670847e129
3.371626723751834e130
9.870281767090301e129
7.952758773999262e130
1.8733654839517656e130
4.3885323140230595e129
9.605506088655698e129
5.206160516979777e130
1.7964282877005514e130
4.7190882149550524e129
1.3336878814431032e130
1.6138025304343182e130
5.916514186222316e129
1.8079471619911555e130
1.2016964777134404e130
2.8431975463920913e130
1.0106613281480176e130
8.942490731281024e129
1.2210432153762272e130
6.158362419729762e129
3.352306347174351e130
6.892798743466537e129
5.87177790747454e129
7.007372912627427e129
3.228143817601149e130
8.202905368031945e130
1.627072370839039e130
5.602769509194814e129
2.264021891697584e130
4.725559383854489e129
1.454686301653982e129
7.351293069237185e129
4.1323253920807907e130
1.8567202191434863e130
3.0063243841397934e130
1.2689122936693557e130
1.3856025200175906e130
9.778025249050954e129
2.9692806422516053e130
8.375926678754453e129
1.173167411501896e130
5.833637147792499e129
3.5574770432590415e130
1.5301137480923876e130
3.2478529032432015e130
4.020425290100392e129
2.1717464142853454e129
5.136667160893812e129
1.135202204756801e130
5.951412004973978e130
2.299855755176538e130
1.2859783266617575e130
2.7042368873847067e130
3.9638846917747643e130
9.669932638069482e129
1.5043365919678417e130
6.264415125960162e129
1.5175287078709753e130
1.501226198896725e130
8.880801053297625e129
1.376985421532447e130
2.522203961177034e130
1.0084975055153339e130
2.0327338594118953e130
1.488913756879926e130
2.3363186120562154e130
1.6750035970063875e130
6.547290841587852e129
2.0578158781636096e130
5.289272569919771e129
1.227371764764473e130
1.5965003720304738e130
1.5635098174791286e130
6.996194015083311e129
1.0495754816495157e130
2.1620358350539916e130
2.2173165937995995e130
1.7478745101765933e130
1.0349308322655203e131
5.902651755784974e129
1.0769312347060278e130
5.400600138201472e129
7.558194389346601e129
1.272424204557284e130
1.21493080577021e130
1.2762418389432213e130
4.3048227482916514e130
1.1623832283510885e130
2.4924167128633445e130
1.2892014304272247e130
1.6926848361378106e130
6.4788717367505e129
9.475207880045441e130
1.4586753209989866e130
2.333374103365898e130
2.3913766794793352e129
1.4221566059343763e130
4.798231450708636e129
3.6395284485940416e130
2.6830701822709367e130
1.6162249269494724e130
4.1626978416373916e129
8.079079202989767e129
6.600469154761207e129
5.771678562997449e129
1.6961742340218626e130
1.493276150816365e130
3.068953336143112e129
4.144888029591748e129
9.854712692266012e129
2.300176561847419e130
1.3120860715963368e130
1.0146727579477883e130
3.0865440594056816e129
1.684452962559246e130
6.684388453090115e129
2.335924677514189e130
6.739112925861607e129
4.518606885337808e130
1.9563597907307653e130
3.781403529316607e130
4.2916275875275836e129
1.5653197290645297e130
1.9557655552518338e130
3.3605114419025286e130
9.217057717690729e129
2.167830934773443e129
3.3384433720511425e129
5.601193740073884e129
5.790449173813401e129
6.215632184166205e129
8.20397908417289e129
2.7457526215897935e129
6.167497302375976e129
4.166207120132179e130
1.630096579123567e130
1.6640613434496649e130
5.727524009809506e129
2.896182684018212e129
3.1661659594456566e129
2.0086977278508476e129
1.4555451372065482e130
3.385529967377349e130
4.119774467344983e129
1.5670290639716416e130
3.000976566294997e130
4.88235577447459e130
8.797395641701213e129
1.4455734813017576e130
1.6264080370110445e130
5.313580353222261e129
3.511983168119123e129
6.5464581712332e130
4.476828873118235e129
5.1756263709183097e129
2.8527863170934604e130
1.6702289570397052e130
5.624697208515069e129
1.9088407441185968e130
5.544866405961064e129
4.039443144213507e130
1.663242538065662e130
4.071334196488683e129
9.754654510344019e129
1.9717272412664813e130
3.072960851190789e130
1.6368322323673395e130
1.2491772331565422e130
6.346142358425584e129
1.7574021900032883e130
2.595535880300641e130
6.900450996466885e129
5.429196235696592e129
2.237840879777056e130
6.287303631723724e129
2.8671172272859096e130
2.2178961266447237e130
4.2059878902514416e130
4.154356563061951e129
5.580345585910968e129
2.9383640022318315e129
3.018525089258798e130
1.0445331524516665e130
5.1202507354924646e129
9.378854198456624e129
2.9494247332257394e129
1.0210989897528068e130
4.628217845076398e130
6.01504000539047e129
3.1909786873090644e129
3.479636040292827e129
4.188026691774852e129
4.954972257846943e129
2.5471625072453104e130
8.24163361268283e129
1.9541295123019017e129
6.928454517869091e129
1.1660294850170447e130
1.4696340631276883e130
5.2341745861445295e129
9.71590063264098e129
5.462406986958098e129
6.066100398745281e129
2.698498378428699e130
4.9301363913322065e129
1.1076967355644095e130
4.9429679913854763e129
8.446877408563455e129
6.840270772526605e129
7.717066934631033e129
1.9108093161516967e130
3.0393736213138704e130
1.6493620166610905e130
2.2865893414870365e130
9.30521353771773e129
1.1605892513309544e130
1.9761956293126061e130
1.1958175827433213e130
8.094228470289334e129
9.823536915820993e129
4.500715572170405e129
8.125052608752577e129
3.547443133874585e130
1.6256345072289982e130
9.355474279514392e129
4.697653789691838e130
2.0639024204640961e130
9.601893727589078e129
2.2962501224393053e130
1.9618669102834108e130
7.837248122225793e130
9.950814734475412e129
5.558170826842183e130
1.8272671191650427e130
9.064845465997352e129
1.8095171870979085e130
2.735898807526314e130
6.010867145291739e129
7.512056002007678e129
7.411344068468937e129
5.045317461799058e129
2.956095709120474e130
1.1490535457177144e130
1.3314872718569494e130
1.1714141792673386e130
1.7040227791244836e130
9.764648367777157e129
5.582008937596709e129
3.30796344122335e130
3.8117212098257684e130
3.084180143373671e129
1.1755906965020903e130
1.0028802251470022e130
1.147934801050566e130
1.0821871423080175e130
1.1812849736262576e130
4.511691626609829e130
1.0986916256414597e130
1.0352005712521488e130
1.9583406927753589e130
1.2080294772770676e130
5.696087938424176e129
4.391489010497636e129
2.953411749660877e130
2.442643831318011e130
1.3996669469349703e130
3.367242779061611e130
1.0522579959287352e130
5.145862281364528e129
4.012784956199677e129
4.4052326768587587e130
1.7956104079193635e130
2.695737949259636e130
2.3643106909470756e129
6.12169900700634e129
7.559454712436526e129
5.180341141250897e129
1.1344955762667212e130
1.2367047621830644e130
1.116078972084467e130
1.1944126730413915e130
2.8887574426320037e130
5.995228046965773e129
8.22825192220097e129
2.71965728625289e130
2.994399991527524e129
2.4263947467379856e130
2.756724580603244e130
3.038253682279687e130
1.752708694426191e130
3.4225741289261117e130
1.5728689118814192e130
1.8612484507023445e130
7.626734568680911e129
5.3522708114038586e129
5.632691193041694e129
2.3637554409592883e130
3.108540068664502e129
1.0227273038691552e130
1.154428890906826e130
3.0654915398794214e130
2.0461869322329862e130
2.2144630322937985e130
1.0838284396759263e130
1.5528355384342866e130
3.656474206016208e130
5.575973911276294e129
1.0686036338884421e130
8.725472656673607e129
1.443549778662804e130
4.01809248906417e130
7.115559118087564e129
2.5650922284258585e130
1.1418251545943771e130
1.6030250248519036e130
3.345375260476937e129
1.1559002184497522e130
2.9369992153458223e130
6.045745864436797e129
1.8697074242412402e130
2.8319325356928807e130
5.733107671566067e129
2.6962507140616812e129
3.2827704516943673e130
1.1175273058279313e130
1.7628633369509715e130
5.2537837147226045e129
8.078944003464573e130
3.837743321254007e130
3.1064372790426625e129
4.7418215153513426e129
8.447834675629401e129
1.0380327448515687e130
1.417542821576849e130
2.9890654337319534e129
1.261436243376787e130
1.7027882501710327e130
5.935131031484811e130
2.0116510485815623e130
9.596208258749128e129
7.991526500375717e129
1.5447625380150746e130
1.4627465507375365e130
1.9339165610056835e130
5.4580173649158904e129
9.664102535421637e129
7.58160690347563e129
2.2926327184469795e130
8.847185481315792e129
1.3071449388012022e130
9.246034173500162e129
8.461653189924064e129
3.174684137251593e130
3.1917570123521474e130
1.8568394830147668e130
8.818536712741633e129
6.913439323962304e129
4.2514053151426996e129
5.770050425349126e129
1.9034207277249134e130
2.0540065040367583e130
1.1507423573009902e130
3.1839077991647216e130
1.4282955137140482e130
1.005368515688416e130
6.643332484257352e129
2.9860880420620406e130
1.991222905337407e130
1.852090610812479e130
1.371739503722625e130
1.0285029360542093e130
1.3624564649990398e130
6.735251554315258e129
2.2791950207037414e130
1.8237929874866999e130
3.849186129912129e129
1.0969201026988507e130
1.164544631748643e131
8.807004100979704e129
8.702625477891478e129
2.618896364494551e130
2.1684474876000478e130
1.360359173209639e130
6.295494415144033e129
2.259514778554575e130
1.2884135124828486e130
1.8618139089261526e130
2.4471862224002674e130
2.8207074889445446e130
2.2006512744866008e130
1.1334730114214198e130
1.181092823625349e130
6.707822630728664e129
2.295024057306399e130
4.2795043480392185e130
3.661233141242286e129
5.073856736560035e129
4.0438178898921525e129
3.303945702797462e130
1.268132041325951e130
1.896085304498678e130
4.455067836192576e129
7.041186467621295e129
3.670217484161732e130
5.114095449127472e130
5.786699060921561e129
2.7157317580642403e130
1.764373539136962e130
2.418731375575334e130
3.36061048937393e130
8.396863451151537e129
4.4983499553821154e129
1.460308370903971e130
1.8122410958295426e130
3.623806082113704e129
3.5234842179404127e129
6.641007531591944e129
7.683249092190347e129
3.9770470154621845e129
9.09798478425436e129
2.153686506187898e130
2.5489161518353894e130
3.597531057678424e130
8.373868115908561e129
3.2020395566635463e130
1.0652646283367516e130
1.5666945959392507e130
6.599672651415322e129
9.185758932248487e129
2.1854234211695462e130
6.674061526985046e129
2.397214909534062e130
1.2669250089793749e130
6.473307365282901e129
2.578282410008286e130
2.416061072742516e130
5.936006618414128e129
1.8143436586438237e130
4.724662729577473e129
6.587133982165855e130
3.1926922797033667e130
6.195618345038913e129
5.393710467917806e130
3.9623947625245736e129
4.300829181621369e130
3.847587843870007e130
5.149696090150956e129
5.036094928029096e129
4.364220534053253e129
1.145808447881916e130
5.5245865114391304e129
1.7953156892398905e130
1.3569234644001433e130
5.705876117529403e129
1.4951817267031362e130
1.7681345091435572e129
1.4713036063370298e129
2.501558662492124e130
9.650816424502643e129
3.93035502204851e130
1.2903351868115336e130
1.4133426599337992e130
8.251742881845656e129
1.2679102798433593e130
2.183362892234499e129
7.96652620903922e129
2.8952286487466865e130
3.0024919651088893e130
6.840841226027281e130
1.0191603176109469e130
1.5587360331438197e130
2.858417720053691e130
2.886148560356399e130
5.634546523575918e129
2.2833493525951177e130
1.266289708164376e130
4.89945923445945e129
1.3263760727863717e130
2.253247010295446e130
2.4710281962609268e129
1.2422659703994823e130
6.615753120702188e130
1.951798157966761e130
6.8228834653241e129
2.464879339107736e130
3.1003327526771005e129
6.91302114786804e129
4.037971359941112e129
2.1149290772045958e130
7.305534720874723e130
4.013378551810921e130
4.048213756049901e129
8.605193912771171e129
1.406880126819585e130
3.528452069911737e129
8.748971364185378e129
3.4079959637126714e130
2.0913481180054894e130
7.61037833290842e129
1.354387269254412e129
2.0752953834362333e130
7.383117680303916e129
1.1478024786181224e130
2.0956552272248268e130
5.245631306516029e130
4.6918356123341284e129
2.0086753464926381e130
6.952859135336495e129
1.596086235666761e130
3.3831784757646235e130
2.1266697012116144e130
1.7430853229608184e130
8.78835149282199e129
1.2265214667323464e130
7.364739134678254e129
3.454794777942588e130
9.326912403145598e129
2.4989790085469674e130
2.74193483861278e130
8.927838099616935e129
1.3541663459948603e130
2.0683294778965074e130
1.1451681969916726e130
6.746567550229463e129
7.454910695012576e129
1.335354596858811e130
6.952098729711679e129
4.781962602821035e129
2.96167755849402e130
6.494616870380208e129
1.84214830190745e130
1.477943120125618e130
1.279374203185301e130
6.616784257322332e129
1.2539118795359385e130
7.6639744738765e129
1.6394069886731884e130
1.548847878283374e130
3.754951639522071e130
6.852333101057706e130
9.704706673446137e129
2.7594435066056545e130
1.1588158497659928e131
1.0724439449444232e130
4.366518587492808e129
1.1017970647959553e130
3.084521307989239e129
3.88496696120065e129
2.7867390999806147e130
1.2175441922621322e130
3.170156678111388e129
2.1414354445559298e130
1.3730136821409234e130
2.076761699604966e130
1.9971580696791375e130
1.0384904464634916e130
5.4210383744529435e129
7.647195052553092e129
1.4331381849397458e130
1.1469123716948977e130
1.7765282770589793e130
1.3739117862215092e130
6.754706293219095e130
1.9323396889664452e130
2.023764831762135e130
1.227834807504807e130
6.454643358547433e129
8.351673776568067e129
2.410517652229113e129
4.736987908443481e129
1.4201940939261197e131
2.342597866515171e130
4.155923208583511e129
1.018813456677056e130
9.846894836763319e129
9.4048346144872e129
1.6978239028378045e130
2.429491411334699e130
2.8627164580523894e130
1.503016741977318e130
2.988855385595866e130
1.1207925236895552e130
1.014948321851121e130
6.172308617416711e129
2.8148149644501436e129
4.2352911682953773e129
1.5045718996434932e130
1.8678206969122792e130
5.1982643970538013e129
8.065137499377616e129
1.4963071945863413e130
4.921673893206335e130
1.225218142549661e130
7.149679358193039e129
3.4489743500664753e130
4.0583966142229475e130
4.27879981631513e129
9.548648082870218e129
8.57445631356203e129
2.5657372097953868e129
5.133804514990413e129
5.502785496663158e129
1.4791588505619816e130
2.9430095708402424e130
5.759105538270666e130
2.0746410354499273e130
1.3797899731644566e130
1.0408560275194851e130
1.8682699158857524e130
3.6576453789013727e130
2.2625186376912295e130
2.757504841264122e130
1.3680839957989472e130
4.440300028570349e129
4.299415467150251e130
6.27808189129393e129
1.3568598659485215e130
2.6938276741070703e130
2.5539913190537686e130
3.80278423798229e130
4.3176443275742075e129
2.3210876728839513e130
1.5197179909309395e130
1.4260390256539996e130
3.3629231313284115e130
2.174128694406675e130
5.5158175461805124e129
1.9261483110858282e129
5.234021537807718e129
1.387775854135858e130
1.2290174361623168e129
7.475122216083434e129
5.2036456949983046e129
2.6901251519141223e130
6.120207321956177e129
9.633761419882545e129
1.4345947258279906e130
6.153013844821377e129
2.794588498900591e129
1.1263936557276826e130
4.376914550768519e130
6.949922072808514e129
1.3342755388386694e130
9.781274713394458e129
1.558563863746568e130
3.85634374219149e130
9.899598536591363e129
7.653853277030281e129
2.0621118673926248e130
1.854533810632649e130
5.23188103542492e130
2.0885624446206096e129
9.333060619938909e129
1.8283347836273843e130
1.5697269047562304e130
1.3964872736844875e130
6.591250358306715e129
5.588939098810002e129
1.0388175330143158e130
1.8117962229196184e130
7.468176748510941e129
5.837247495014122e129
9.524832705627328e129
3.702971952530688e129
5.464855760270032e130
1.0442156302732611e131
1.0929575881635863e130
7.529128773684461e129
9.282502688346229e129
6.901300664374897e129
1.4437650421495068e130
5.688644445652784e129
4.874007186975751e129
2.1098705658684756e130
1.8492552915281275e130
1.3671868116386399e129
1.4855160727212417e130
4.323416129782197e130
1.3272995302337228e130
3.2200701660908965e130
3.192122732294681e129
1.3489905018626e130
5.257046653873925e129
6.417330669537838e129
7.897279737879914e129
1.3131949130182836e130
3.84681380563386e130
6.793082603919376e129
7.302379994476391e129
1.2361276592270955e130
8.093360741201145e129
8.677826837906161e129
5.079911906545821e129
4.723634941601531e130
9.315112376997397e129
4.039577564289574e130
7.950741433593053e129
9.320745638704323e129
7.903419502077436e129
5.4519978101415884e129
5.578910442582103e130
1.1972029164235663e130
9.425125860145628e129
3.3137683590303024e129
1.0603024324726478e130
2.8761766017068133e130
2.3191508958726152e129
2.290300146743044e130
4.1733891930111197e129
3.091384114388956e129
1.7859689391005508e129
1.682506980159423e130
1.2360619941557702e130
2.1947137526744633e130
4.985767469644868e130
3.886334306524086e129
1.199839849495361e130
2.965979794848473e130
4.80579119439345e129
1.5588483754729084e130
2.1642228791065316e130
3.0019898699926586e130
1.2078014860988022e130
6.095188899426366e130
1.2478956571771754e130
1.9000994277784525e130
2.2415930913298676e130
1.955301029228827e130
8.496325214552777e129
6.111664101999747e129
1.779031308943212e130
4.676645801268056e130
3.056381968606065e130
1.4108107292527016e130
2.3002133563110858e129
7.838463681087308e129
1.0479547201324711e130
2.169419102748067e130
6.618837231387114e129
8.511725324784687e129
3.127518503159653e130
7.212574368852466e129
5.6072847345225e129
9.508948467994352e129
1.348404183422945e130
4.3913187264451743e130
3.9585018843671737e129
2.872048562326976e129
7.809179193961952e129
4.663947815415883e129
9.614267018236896e129
1.946711234668127e130
5.522127772608941e129
1.9166639640053428e130
7.181184827028715e130
5.224553544285489e130
5.871015088360974e129
1.6265206121901503e129
1.645578638816936e130
1.9536928905971707e130
1.1382505191240153e130
1.0359328117060048e130
1.1105098153343502e130
6.8269722492689e129
5.61964993067266e129
5.752054700392563e129
1.0545786893293225e130
3.0716911987757173e129
4.171346202733437e129
5.124858085263988e130
5.519687183851845e129
8.359098734364487e129
1.0775942582011866e130
1.551318745972953e130
9.988831159682397e129
7.119115785269133e129
1.6761218523070963e130
3.963536113042888e129
5.37846499914446e130
9.90205791312947e129
6.543105875303943e129
5.759317384524219e129
1.3420032083710254e130
1.676641154919887e130
5.1304696385446593e129
3.422879626708805e130
2.7539321611792097e130
3.411031672135599e130
1.2466626286571932e130
1.2295887803538837e130
3.595283849228467e130
4.132861547847292e130
4.8251866861886857e129
6.177390205638914e130
2.4492471240399505e129
4.3861453550559014e129
6.011911268146738e129
4.3015077081393847e130
2.507145116250752e130
8.235991507415859e129
2.0066776927525856e129
1.513253263256148e130
7.161196866714915e130
5.541167064543078e129
1.9319010988046566e130
