3.7299612531079525e246
1.167844548407752e246
1.6988840129414908e247
1.0779467715787831e247
4.514178842170742e246
2.9611285203422594e247
1.5488127537795897e247
3.718680620492988e246
8.237140907377152e246
3.070555214804339e246
8.139297590619517e245
5.2894401194079266e246
1.484598833902518e247
1.3266832503630599e246
5.380583047141836e247
6.811529000757675e246
1.0380718370532503e247
4.124727224108607e246
2.8984898212431204e246
2.569078682126651e246
1.679580024712189e247
7.687976227815954e246
5.892521651277826e247
2.515638345649269e246
3.690191665909641e246
6.2868090039474536e246
3.35604732061487e246
9.272258857468277e245
1.421061853342837e247
2.3515415115068298e247
1.418602834942441e247
1.0101942582670199e247
2.8414910094784163e246
1.5658860162925754e246
5.270908192268358e246
2.978596810863859e247
4.976187764081622e246
1.201177024123961e247
3.031362442098127e246
2.9813455826497103e246
3.0299891049800483e246
4.036709609559529e246
2.2575384921573597e246
8.534826913559385e246
6.863064342669945e245
1.5236574295794244e246
1.0372774826340211e247
3.1320843021520455e247
1.0455383806911646e247
3.4808787948085505e246
5.604504163136091e246
5.5602271993085886e246
1.61097801307756e247
7.380424172993307e246
1.5623328932563195e247
7.462422228464178e246
2.2371664587268168e247
1.1366450693103523e246
4.148247423655056e246
3.2526566520713225e246
4.261360359641782e246
5.127157861154215e246
6.825702111820219e246
4.933979538209411e245
5.297282745383489e246
2.049011716420018e246
1.0099880799539464e247
4.0829973048591014e245
4.705722435706289e246
4.551133425017892e246
2.8030217074635996e246
2.587324521685646e246
1.100606067563534e247
1.628141399270712e247
9.74761038277183e246
1.7713675052095156e246
2.2825528184811697e246
9.231372066852339e245
5.0570910111605835e246
6.277477749837453e246
2.7013570262691513e246
1.4988185642394812e247
3.963543213827002e246
3.4032828096367784e246
4.712186033307895e246
7.986028413500875e246
1.0186233646589198e247
5.255030167597402e246
1.971805797002385e246
6.368817960834141e246
8.363783601457103e246
1.0790195527964871e247
3.902029024353665e246
1.7866844236864763e246
2.3957381766673413e246
3.5751865444289043e247
9.176410393776076e246
1.5138446989878583e247
3.4175393275556462e246
1.756633827313947e246
1.7877523619075654e247
6.256123334563099e246
9.70649048111471e246
5.990275738780794e246
1.1164242416496937e246
1.7500720462537455e246
2.8287204176348064e246
3.509928819038679e246
1.040899083687024e247
2.7251771763050597e246
1.1336611659854387e247
9.617731812731007e246
2.032268774078383e247
5.4546900430600275e246
7.72350808167251e246
1.8207180052729598e247
2.298499213952718e247
7.034306521391917e245
1.277602851922529e247
3.921145496309075e246
2.1072683293829517e247
1.0596385071966517e246
1.0295291201571665e247
2.6542918574914617e247
5.323874217085638e245
7.056314347516574e246
1.6478142147304823e246
3.31896493721462e246
6.744005846142233e246
5.368615652984096e246
7.060532054428855e246
3.545836058869475e246
3.193737107989165e246
1.129488847314551e246
2.5739793868567447e246
3.162863188799815e247
5.817953944214742e247
8.933142536991513e245
3.917900332996152e246
8.954257869906492e245
3.206497684957367e246
2.217535106334986e246
4.358011603003495e246
2.1434061682120093e247
1.8596284150343406e246
1.0130116143856458e247
1.480982821387828e247
9.298368938019729e246
2.4574815121324837e246
1.8221495268065084e247
1.7063120487056626e246
9.54833163029354e245
1.0168084725976356e246
5.932954349653043e246
2.7233835784757667e246
2.1302433109088387e246
5.581040576480454e247
5.230885286405191e246
6.035646813021279e245
3.71309819967777e246
1.8404335139260864e246
7.269951597508294e247
1.0942001241215268e247
1.0247846851832911e246
4.563139046748645e246
1.1977780195087929e246
1.408989344735242e247
9.455802217270403e246
1.1280216957948868e247
6.356500607269774e247
9.90806008678181e246
2.7767039902662226e246
5.898533024504052e246
1.1471629462595607e247
9.99746822900618e246
7.180223622494625e244
5.004449437981623e246
8.43051711544097e246
2.9403314055155066e246
2.2345174104339246e247
1.6577955375019273e246
2.4638799070945613e246
5.016167554354197e246
3.7464879834866134e246
1.9924526370498504e246
1.425753727763427e247
7.451426625465114e246
1.83433297954271e247
1.73549761817613e246
7.056705265014506e246
3.6498849606623026e245
9.172203508980569e246
2.9523249254689054e247
9.233765180335236e246
1.1583971695495432e247
2.5780805595217828e246
8.049887566945651e246
1.0590652090253278e246
1.8701224363223705e246
1.1121905725012024e247
1.6554848317497392e247
1.3056844610891384e247
5.580202439770762e246
1.3088381782804981e247
7.063472569441289e246
3.0794523221464645e246
7.500509655607026e245
1.961983140343306e246
4.916098461088355e246
1.6772319521884617e247
1.5634206712152106e247
8.640628934562026e246
2.635217488644772e245
2.9097344062130306e246
1.5888365807182974e246
2.1856796570271758e246
3.889894070118536e246
2.465047311966231e246
4.431004014801025e246
6.633417771491919e246
1.32359280173568e246
1.2071982556568054e246
4.152513713911291e246
1.170118630460025e246
7.689577580774324e246
1.1853943250184234e247
4.389275258796279e247
9.049583298355778e246
2.4521194612299777e247
3.4940822984973532e246
2.1871655726278973e247
1.1881936583453614e247
7.079176608835151e246
1.871743618677892e246
1.1619205774196218e246
1.652425073482551e247
3.5982561393084534e247
4.936151557801172e246
1.3762878086977755e246
1.2251800641613709e247
6.839827745715933e246
1.0231294870080299e247
1.1891427102711025e246
4.011983745188484e246
4.6833931184029364e246
1.9896635661424785e247
1.2548852757634954e246
1.5866284825654131e246
5.169810307152796e246
6.388561634225621e246
4.947755370097243e246
1.562523167649388e246
3.6202381314065e246
6.162558058605115e246
5.595982916987273e246
1.542913604683328e247
5.087193871500045e245
4.007101278761004e246
1.2610761243103415e247
3.766007264242513e246
1.6239546750035164e247
2.1725784242256602e246
6.722085796484422e245
4.135477156220813e246
7.751532104607221e246
3.7966347841817055e246
3.4981468041208295e246
1.1245819456812078e247
2.9615676320702766e246
1.3963691315278005e246
1.3157458136123791e246
5.2603782185947845e247
5.028970167726723e246
1.5053269983557008e247
1.753656677019095e246
4.514621422436244e247
1.4104645448009436e246
3.050767558474247e247
1.806585521079008e247
3.2930762507111485e246
2.772803367442761e246
2.2540202655802013e246
1.708294583374506e246
1.3339422056118333e247
1.3350513967495728e246
9.625312217589689e246
4.4545279311538206e246
3.700487877159061e247
5.147998123763239e246
3.484088763663166e247
4.241100990778657e246
6.02003565670886e246
3.8089396999589135e246
3.9574192210689534e246
1.1675609051108362e247
4.3243954250499154e246
3.834298082766417e247
1.0577609262081892e247
8.035283771487672e246
1.1555218599671853e246
2.882153539569811e246
2.7916106574335337e246
1.0042400213831895e247
1.6524141353481122e247
1.136343198227348e247
1.5123755231551675e247
2.467303637438123e246
7.903315191164048e246
1.4105219881689526e246
4.111115428709886e246
1.1658800077802805e246
1.825615130712241e246
1.6113215743400987e246
5.479367170831032e245
6.029733124720474e246
1.6562874025107218e246
2.4799690631885544e246
3.544029898827037e246
1.635813294040977e247
8.662133477942595e245
2.969446248463625e246
1.6524280025807626e246
2.0935033335235126e246
2.452176554707229e246
9.243038449390287e246
8.868406235696883e246
4.360048795417402e246
5.09644981193975e245
6.776913914294552e246
1.8284569172362616e247
8.68378271312018e246
5.212823462687952e247
1.4722677664375937e247
1.8417250124624376e246
1.0899510552764859e247
5.5976596738927846e246
4.231237373307316e247
3.963272095441625e246
1.181049250563744e246
1.4178818855998547e246
6.645294761611963e246
2.8167254584562885e247
1.5173166910767255e247
3.393516990837616e246
5.486592380998888e245
2.021260846763293e246
2.5631437517155123e246
6.711409338168938e246
6.729319131782297e246
1.1047537782248818e247
1.1079380882878124e247
2.2221499914717253e247
7.052832886164575e246
1.0595160876896664e247
6.461740855981392e247
1.5870385320195387e246
6.01792602744917e246
4.988229832195902e245
1.293632736902788e246
5.303623109316755e246
4.720555835001197e246
2.3501799311053305e246
6.786161392620515e245
3.570884876589033e246
4.064801264218223e247
1.4268341478692646e247
2.4917795468043603e247
1.22138725352209e247
1.4615244262861267e246
1.0847779186649326e246
4.774350671007061e246
6.7481279735066896e246
9.691782863916432e246
1.2558989482263281e247
3.198575641147499e247
2.440317159594535e246
3.3113681425488503e247
2.6751838782427925e246
2.5233815946378182e246
1.7000650623063062e247
2.3791431035092434e247
3.0437428156916255e247
4.242352841387241e246
9.634523132652505e246
1.9612683828572026e246
1.940838394586225e246
5.0631262660410574e246
6.339212675202766e246
4.900381537490114e247
8.727566433671716e245
2.936456018530787e246
1.2039800123099423e247
2.6565102166637743e247
5.044185097865525e247
2.190943780791027e246
1.2822186161010708e247
5.194912265262924e246
3.7919767087199146e246
3.137139003667165e245
6.64011565105386e246
4.990350005087753e246
3.2158051451342352e246
1.6859868703541687e246
7.739385384704386e246
9.573557842257451e246
2.7318885192320957e246
6.893354800004946e247
2.9856926639304818e246
3.0063023010193334e246
2.6974588907434953e246
3.2039190904921797e246
5.7398063686408545e246
1.0923255812034273e247
7.632390644103585e246
2.3543083892324016e246
5.003099046488163e245
1.509211548649871e247
4.318365840100364e246
4.880885287903381e246
7.342276583730989e246
6.105377488075596e245
3.4330667174836346e246
7.059060049564036e246
8.57425552740529e247
3.0034058485149874e246
6.376162775758411e246
1.3545885978357197e247
5.710085699066677e247
8.510734621208284e246
1.0761338525046783e246
1.6475088524346293e246
1.8603376616238555e246
1.5304224145599426e247
3.42603942787828e247
1.858683163032155e246
1.0369530661610172e247
2.1565303968439677e246
4.629564093085147e245
1.9408445200075462e246
1.2732727094742646e246
3.826952456059674e246
5.315658252475577e246
9.910131210842016e246
1.579152509801442e247
7.18520520483247e246
2.727491097905216e247
3.3433730430421558e246
7.641545606316318e246
1.1667919299228542e247
1.1045409888369746e247
9.19191509046011e246
9.10266736268822e246
1.2993165282885414e247
6.933065834244851e246
3.7000024997550864e247
5.112996515153467e246
3.257140338069688e246
4.910687725848155e246
1.0185139731006402e246
2.3834908021439628e246
6.336224148693574e245
1.3566487874915325e246
1.3731341109637858e246
6.207200389306337e246
4.725897400995037e247
9.550298159229838e246
2.554183110370104e246
3.0684365723989862e246
1.2631525300431544e247
1.584672725807418e247
9.968167733922895e246
1.8365529034467353e247
1.3195410749018636e246
3.841021588225603e246
5.585852780520007e245
8.22425879158441e246
3.618955509136084e246
1.5273040009977108e247
1.2374012065725243e247
4.719930563643945e246
6.189220749941334e245
4.555127124946141e246
5.364596005160066e245
6.047308681803932e246
6.448864161039687e246
4.541480746319382e246
7.652315090539392e246
4.799673123598287e246
1.994660523006856e246
1.6408518695925417e247
2.9955159286318314e246
1.5472419642604175e246
1.049463785901091e247
2.373345083234815e246
3.962691742539985e246
4.599267154346586e246
2.5881971168167547e246
2.0206282161945332e247
1.386702715985032e246
7.302382781339762e246
5.114436026503895e245
5.362457031496176e246
3.732590605877505e246
9.43684621276983e246
3.590214143365091e246
1.6670092967084116e247
3.535928721089205e246
9.967858536538012e245
1.5584769501321813e246
2.4124582888923534e246
8.144077523781449e245
2.2636583867049493e247
2.5875886484601282e247
1.0413335249898514e247
3.4572274016558473e246
2.3666321611118452e247
1.328352379406835e246
1.109990827419653e247
9.321167634710846e245
7.04409606404482e246
1.3982591456746248e247
1.9006343889613663e247
7.830937222287725e246
2.8184462647924332e246
3.70189405596157e246
6.5073570696457345e246
1.368658824454998e246
1.4953435515241238e246
1.7380235803955113e247
2.393147047179206e246
1.7287571984312377e247
1.8679282674557623e247
8.113532195359345e246
4.982425227383192e245
2.4779824541359653e246
1.6840848181666749e246
5.606376194233404e246
1.5890109842754268e246
4.17502703272606e246
5.049224150867376e246
6.695961397841534e245
2.0561077746916877e247
1.4157436843381927e246
4.1556408246538295e246
4.4499878627020645e246
2.2720037460371816e246
1.6740137227760958e246
2.121156016762863e247
6.313724541598819e246
3.8970753094417805e247
6.16386002032431e246
1.200570168202571e247
6.981024091869212e246
3.2374927180871593e246
5.0224074044403574e246
1.027106208292588e247
1.7576662394294764e246
1.1634950243547685e247
4.667078522306631e246
6.015485997411595e246
4.822117752924793e245
2.2135338242736146e246
1.3897866293355966e246
4.246760239073202e246
2.3497316678224345e247
1.3404755517361842e247
5.379584511409795e246
8.062400393370966e246
4.384648433250429e247
1.6726515591789673e247
7.827824304942865e245
4.834256610076429e246
9.045810190121363e245
1.3594115284238487e246
5.064997103854286e246
6.4633655421566555e245
4.60926664238826e246
9.212535806975459e246
1.1260121627752729e247
4.096458077196688e246
1.5769362255766614e246
4.102525607691264e246
9.219303113912003e246
8.225070849298149e246
2.3053788096306193e246
8.295806491500752e246
1.3660408993242204e247
2.992353093064275e247
3.7069076448984495e246
2.6252728108270235e246
2.903064314454592e246
5.276240763191133e247
9.417097936775189e246
2.557817704105083e246
7.675621191769528e246
2.481441622033452e246
9.31215691793886e245
5.045758063159427e246
7.107110454887026e246
1.9285722803450037e247
2.1546305197926225e246
4.668201058900783e245
1.1728025759361244e247
1.3782806681195094e247
2.984748961941603e246
5.470290205079209e245
9.636516107502405e246
2.762063338210516e246
5.2658002754452255e246
1.7124942207880772e246
2.7617674826879156e246
6.121888068984283e247
2.0497147099320092e247
1.4209988315009587e247
4.712299004462748e245
2.1902905388161904e245
1.3530148482351417e246
2.524453993161685e246
2.4441211488911204e247
4.536967087019887e245
4.520584771670741e245
1.5519757331819388e246
7.003264394123381e245
9.682751054872196e247
2.2420194443164117e247
2.7671672716033854e246
1.0896002812810075e247
1.2666209008037716e246
1.6787308766254253e246
7.614989064403735e246
1.3863581060090151e246
1.2399778898720683e246
4.6572176063068215e246
1.844418842722527e247
2.9791652471398237e246
1.3911907625455542e247
2.6030789161436693e246
4.220840252164667e246
4.3107588891907415e246
5.974604934334872e245
8.61524856003657e247
1.610845866382788e247
1.650697563575872e246
5.976818982323099e246
2.590329207356389e246
7.079551581274414e246
2.344448734827973e246
2.2497780657263618e247
2.908842186749127e247
1.0859336952726251e246
5.387852854431847e246
1.794681707058731e247
1.058659927190607e246
2.3930457760979404e247
5.367586585512244e246
3.9685031515154156e246
3.765385854433577e246
1.464770817783718e247
1.082728875631481e247
7.982383455041278e246
2.1497030185621316e246
1.0517260099752364e247
3.7419815068676564e247
1.7930589376550472e247
8.898326112193866e246
4.5817897146200625e247
8.469342743255916e246
1.813465190019878e247
9.737516018422436e246
5.307220739368554e246
1.0029982913073738e247
1.7869749536651284e247
3.2517383988240803e246
2.985886458770414e246
4.434436682687016e246
1.0385207390144788e247
1.127113468880816e246
2.2544216141015175e246
4.6317590865465244e247
9.8103729118305e246
2.455119242913738e246
1.2662206511265626e246
2.819509928906483e247
1.154551392469402e247
2.1942295361008092e247
1.3878221728287775e246
1.0781021386540366e247
6.567376426683459e246
2.2306412770549322e246
2.941041996801921e246
2.274474349400228e246
7.9529794581702e246
2.8393964810236887e246
4.9774982396517474e246
2.179278510665364e246
2.1336624009002534e246
1.1858854828841267e246
1.237406024823235e247
4.562883939406765e246
5.377399938689834e246
3.2229902844110346e246
1.0918682683961242e247
1.6161544535725417e247
6.649176727154811e246
1.542618071946649e247
1.5231061994292716e246
6.1194432405394775e246
1.1509430618422461e247
2.83218282847035e247
3.410867059493894e246
3.9609179060504713e245
4.098486880824065e246
8.485077165336197e246
6.0448744506200295e246
1.5309712719839202e247
1.875526697505459e247
1.6527707575394298e246
1.0131236004972346e247
6.3720439783663465e246
6.494837136702482e247
1.2943915743769569e247
4.23569095084609e246
2.6554979853713985e246
5.822282110257631e246
2.655442392635071e246
3.113268194650172e246
2.026237669872536e247
2.56901343297056e246
2.5014264375537656e247
3.1446229178304306e246
1.369273504752319e247
4.532686104221072e246
1.667442733584665e246
1.4404450046254969e246
1.4885312911763607e247
3.95172013077765e246
5.219085459763787e246
5.173047731261e246
8.407821291032324e245
1.2397697982009912e247
2.84231001500911e246
1.767916855651941e247
8.580171169878244e245
7.41049334893325e246
2.162060215767669e246
7.152655618412372e246
4.129791853948858e246
2.0254324835084018e247
3.351309695286788e247
2.8814485756939398e246
2.6808640136079008e246
1.8237716565774625e247
3.4767139290075957e246
1.2219012434044487e247
8.439346461791711e245
5.5350393353386104e246
1.3889684029288698e247
3.76151428650727e245
9.963935655105732e246
1.4915762014650882e246
1.9582978273714307e247
1.8281719747462846e246
5.643912887349597e246
2.4862206114513802e246
1.0390646320204666e248
3.486208253672514e247
4.9751321820970136e246
3.27703847158686e246
6.598037955746261e245
3.032977522480648e246
4.309578384720775e246
2.6462829695371714e246
5.999175378741863e246
1.30100028797568e247
2.1189553231945497e246
1.2020811908678277e246
1.0610896357258486e246
1.1422211606605861e247
8.697354339270701e245
4.963954378706086e245
3.879415860437395e246
5.245751509556926e246
1.019885962908963e246
1.1427048537064733e246
1.8417694770479117e247
2.1076574399277677e246
5.821859897129986e246
1.7438036829883469e246
4.7178815690190645e246
1.1882143518378548e247
1.6894447235726234e247
4.654008016338913e246
6.98072647824438e246
3.653764887702419e246
2.6738941750626434e246
8.078245168515453e246
4.5019553874127375e246
7.36982174325229e247
2.2017166886318007e247
6.366442306029003e246
1.508284246115272e247
1.3287445881992064e247
2.8908145456944178e246
2.3774999268737964e247
3.257587343395467e246
5.992550742218992e246
5.809508722042188e246
2.249822435938348e246
1.4171435763416964e246
6.958688019025077e246
2.61125050249745e246
2.4589024387434766e246
8.929510916909867e246
8.54036632195434e246
2.723511239595282e246
2.947175717677743e246
5.992082822096919e246
1.1930335603236934e246
1.3151915855154448e247
3.935383738963483e247
1.253512514407125e247
3.561697829328684e246
2.4600445034347666e246
5.954367404821919e246
2.467064974383541e247
3.055617176360137e247
9.07430666834143e246
4.526655809589239e246
3.578476069203995e246
1.3187594635095128e246
3.1540267202634243e246
1.1514768448133502e247
5.33585607126691e245
2.281120290777956e246
5.371376089669116e246
1.8288132689867475e247
2.064531254710128e247
2.4261225195514983e246
8.435077941643501e245
1.1558937759952257e246
3.946646749373047e246
3.3304561534916453e246
7.919476208981274e246
5.098805437226642e247
1.5640824740084592e246
4.6055604910090463e247
3.350439067506058e246
3.497043440051175e246
3.769855313632617e246
3.9478646575394125e246
7.16369965215132e246
4.837107005505586e246
7.823221011662925e246
1.824077396562924e246
2.5622778613361016e246
3.710608908646289e246
2.8194442585085667e247
1.5067132972226183e246
1.277735391275689e247
8.017770576398865e246
1.0534399442617674e247
4.866270533284987e246
2.0495079903502062e247
3.4077296620997326e246
1.8679817897732077e247
6.286184731672243e245
2.7934106488885966e247
6.177478974282749e246
1.010128036894163e247
2.287249469151767e245
4.048862463219454e246
6.727570508094599e246
1.143928450783099e246
7.876134189071471e246
7.986949952042196e245
1.2917608451403384e246
5.730506887995372e245
2.3766483532951382e246
5.5907012708412644e246
1.3264596731455438e247
7.65789958123422e246
7.165314108919195e246
8.589770644543306e246
6.7753272944731315e246
2.275898601941774e245
5.4916975588877544e246
9.822342560924904e246
2.448807624939346e247
2.8025557351280188e246
1.0076103686034211e247
3.1243894803628996e246
4.041989423151484e245
1.5185916554559658e247
5.043145267732497e246
1.0976833711304318e247
8.670948197687846e246
3.922272386881365e246
3.4919476535509087e246
8.658156530212152e246
1.694146507559191e247
5.85526478937521e246
2.460719352066236e246
9.81130649625638e246
6.743392687476301e246
2.34336301894627e247
2.396753910763141e247
2.449191721603581e246
4.093312395407836e246
1.440007710489621e247
4.267516497523708e246
2.276559421578929e246
3.5885014797177404e245
2.256132196420689e247
4.132029817588535e246
2.1128086711712102e246
6.583602221394036e246
1.0038492218668245e246
5.3304717365972125e246
5.1666077590159075e246
6.960756268919174e246
4.236202226356538e245
7.770980779495781e245
2.2365773426544544e246
3.471267869926396e246
8.461314785544135e246
1.04902639314674e246
5.442753804012293e246
4.274345189321242e246
1.6094741967729628e247
1.9172866370966018e247
4.043859879034981e246
1.918310762650503e247
7.926319821060402e246
1.2155949904159256e247
8.738638436971655e246
2.1666374062151156e247
2.7292194035498574e247
2.0193838942514892e246
1.3252010395544279e246
2.216144055622118e246
4.475857225723287e245
6.635826172510168e246
1.7787890997979143e247
3.6227514587524216e246
8.451588081134498e246
2.2422164537079663e246
2.524121712134861e246
1.2877319011570498e246
2.2361406811341452e246
4.576638478564434e246
3.918126406779128e245
2.21875482345923e246
1.7642940300692174e246
3.288226356265328e246
2.508716817909088e246
3.830432830854229e246
1.428233393394438e246
1.2055128231934186e247
1.8409467096810245e247
1.3370499199006712e247
4.026485588209642e246
4.5651248666498825e247
1.0596588104005254e247
3.461768155373114e246
1.2569642689576358e247
1.70409149296553e246
1.3527591269338737e247
1.1440112443793898e247
4.6360646927456895e246
5.942711057763397e245
9.67616549499858e246
3.82211636926777e246
1.119233607820462e246
1.87163428852906e246
4.187892699431122e246
5.170395394180354e246
1.2832027100017768e247
5.859904534951695e246
1.2577397687929123e246
3.925367132515376e246
4.96579593821069e246
1.511141302972373e247
8.691874475456524e246
1.200612577810253e247
5.491339466318055e245
3.51817458810412e246
3.2110235774421877e246
9.639544980289387e246
3.540300661647393e246
5.780161359017258e246
4.6901363275374875e246
7.268478101014515e245
3.4733883425994157e246
7.249945510418778e246
7.659529432715017e246
1.7896750840653003e246
1.0079652848405511e247
1.0491655473381952e247
9.352188032379154e246
7.115064549316643e246
