1.4155497852677034e19
1.415062479487429e19
1.6004688776790591e19
1.8210202713310327e19
1.1164509348015208e19
1.1105264957937668e19
2.3947614249199542e19
1.1290479858897775e19
1.032938620234449e19
2.3797087823896797e19
1.4311270794899919e19
1.6063772579309111e19
1.2103506424229857e19
9.957401163208753e18
9.374937497452489e18
1.0451376384086735e19
1.3550914625018982e19
1.6523617627051397e19
9.931678908267323e18
1.3170235667677856e19
1.222902496481915e19
2.1488898586897195e19
1.7222994190139298e19
9.446463809511324e18
1.4520396179263685e19
8.177291943050197e18
2.2254852731521098e19
1.3704169866100408e19
1.0254941091854795e19
1.2069558220862083e19
7.510545204509688e18
1.408961821266829e19
1.1620683573011538e19
1.9254423675649405e19
8.775009369611706e18
6.435327976883724e18
1.3253964553539328e19
1.0755482695598848e19
1.2456224663221981e19
1.2205966471327361e19
1.5587431239678493e19
8.69957665133885e18
1.519812546337715e19
1.4123847300584411e19
2.4042259244032025e19
6.419711262601663e18
8.461064901295961e18
1.760264787218586e19
1.1656880052700377e19
7.861093495200148e18
1.8078990722411885e19
1.570365000066648e19
1.9876102350171992e19
1.209489939085694e19
1.2705865411383128e19
1.3095673102726177e19
1.791367739297065e19
1.2799362400311263e19
8.380942677222149e18
1.0824631951217408e19
1.1167683250794891e19
1.526780786248332e19
8.931320089419534e18
9.767179342113948e18
1.5634538635237421e19
1.6595608190949612e19
1.8212857786485002e19
1.4837174453428394e19
1.2882375095835154e19
1.3077102179654715e19
7.906119545757078e18
8.352758151708208e18
1.0385312873376473e19
1.7148930907179438e19
9.21895135845011e18
8.075225820821133e18
1.8170885812510657e19
1.4008796616660957e19
7.994393938207678e18
1.071236355805657e19
1.2294433461817956e19
1.1179448739259361e19
1.839889025824591e19
8.937185540074926e18
1.0102570951486876e19
1.2633735023755995e19
1.7766214854886253e19
1.797724409922934e19
1.2237658546660729e19
1.3885270521003164e19
9.44622169057931e18
1.5442799632600283e19
1.5210306819070284e19
5.156335756964445e18
1.0736335768340492e19
1.0042727688746865e19
1.5531941348905396e19
8.746428560955084e18
1.0809129722264754e19
1.4737081493794906e19
8.351557282139263e18
1.3649210529955365e19
1.537018194327175e19
1.4176513548094855e19
5.073501635778796e18
9.481355123609682e18
1.0567587657292476e19
8.709536425075896e18
1.0268107813496922e19
7.855985298296082e18
1.2890950960144339e19
1.4910828098672728e19
6.728130843828576e18
1.4277870073131635e19
1.2965465620299178e19
8.811506124300027e18
1.3866541756000403e19
1.1901635723453078e19
1.258368836246657e19
1.2404760679830008e19
1.9984185678721466e19
1.3615073921027305e19
1.5940740624360526e19
1.8441099947959802e19
8.289842911531426e18
1.4522374322786839e19
9.39051297036982e18
1.5511084790590558e19
1.1368748626658337e19
9.05343786956307e18
1.8408176393663908e19
1.8560281390275076e19
1.2938280671937913e19
9.072906323400199e18
1.4280157940451269e19
6.929655120562553e18
1.467802655974006e19
7.65999233705573e18
2.0089811808857473e19
1.088233598491844e19
1.236347452264341e19
8.267195879375085e18
1.3724964933208306e19
9.105668254730095e18
8.251908255439777e18
9.99896201810323e18
1.2183767080281321e19
8.823872299736648e18
1.1772941583488174e19
2.620689996686015e19
1.033715674085914e19
9.340068445225927e18
5.331641242193745e18
1.110810114501847e19
9.43726593406297e18
2.115531245643576e19
5.272611174697327e18
7.82926656084531e18
2.0966000387162235e19
1.7481682241292177e19
1.444992120994915e19
1.2340760628628287e19
9.406740016506933e18
7.212079172198316e18
9.950236818505955e18
8.055368817363593e18
1.6032716612815786e19
8.409256316129952e18
1.5834040953812464e19
8.968524222256121e18
1.0291206554711267e19
1.350902052726074e19
1.6768161890013983e19
1.2325513897252983e19
8.947571654950959e18
1.3696090055707249e19
7.218910078743415e18
2.90534484935094e19
8.388976589510631e18
1.206071472115126e19
1.9275080001825653e19
1.3283321227390001e19
1.3453072656997534e19
1.387180561983377e19
1.9972864896045146e19
8.128707602646518e18
1.2388417762839816e19
1.2464954654432786e19
7.700722191723395e18
7.711937748484499e18
1.5653242786729013e19
1.4713889712612608e19
2.0265466857256255e19
1.438991649225888e19
1.1435131858258133e19
9.846916405474548e18
7.724569390461641e18
1.599550126410134e19
1.9756569996929868e19
1.6706536032496626e19
1.6191250014799184e19
1.1551038456165515e19
1.2905767947601656e19
1.6689225278803583e19
1.473988578138696e19
1.1016962723633115e19
2.118605497584654e19
1.3547189470939726e19
1.3722898330360365e19
2.3809231252443136e19
1.2871665774465516e19
1.2824808910744017e19
1.4792684551607026e19
1.1033444217013092e19
1.2635259708267766e19
1.6504489117638955e19
9.141470597360857e18
5.237657772093917e18
8.134944645823392e18
9.24392468245367e18
1.7505529343349535e19
1.3906670380394715e19
1.5258530506893412e19
2.1177878051428737e19
1.8357970075422577e19
1.1192351136205992e19
7.710504751675295e18
1.5491270483826342e19
1.3692506398220505e19
1.1014749917809168e19
1.625083094561341e19
1.5025672693665135e19
8.053030833063487e18
1.642954592039391e19
1.1226417773937287e19
1.3080342678644388e19
1.1881192163494871e19
1.9594487828017512e19
1.343079182214483e19
1.4430864401938147e19
1.885259860496641e19
1.3498466094434836e19
8.235234698676142e18
8.656810108602054e18
2.3362588641907745e19
1.3136803796534698e19
1.3958338596128305e19
1.1996042169022755e19
7.032578204875546e18
7.180866388880724e18
1.0171612881974747e19
9.98310964031699e18
1.6975036875696263e19
1.1661006878521285e19
1.2929963197748146e19
1.2325921387800756e19
1.0190915426247475e19
1.5261867852282483e19
1.3099700261159571e19
2.070451022007685e19
1.1289804949461856e19
8.340944184626597e18
2.2097342202894017e19
9.207508688876561e18
1.2093102213655632e19
9.704398192845838e18
8.363926924146266e18
1.4787613909534149e19
1.0335099901893409e19
1.0150983150329115e19
8.446582082192788e18
1.4694925407560458e19
1.304938818157427e19
1.3829124166131517e19
1.233154025208604e19
1.499063103155101e19
5.450263816671538e18
1.613570697827738e19
1.230417257213062e19
1.3879675261829298e19
1.6989829299494461e19
3.217254408487447e19
1.2905657897330192e19
2.174075732247779e19
9.831854622065756e18
1.2933399611422732e19
1.0291984622693024e19
1.1544290337649916e19
1.3273454244362467e19
1.6626284491084102e19
7.905529676384395e18
7.358671281533827e18
1.3886841693914307e19
1.4330076537098574e19
1.7558449372608348e19
1.8184900159873591e19
1.0798190054742804e19
9.103700907741219e18
1.1224598002364113e19
9.610122594373452e18
9.28965407500614e18
1.903570696671542e19
1.1120805694701926e19
1.41005249193808e19
1.7317681699261243e19
7.992066742260236e18
2.4222844162867364e19
1.1039634610219827e19
1.04462895559733e19
2.4823670511858614e19
1.1032167985484861e19
1.685303609051603e19
1.1735330331547304e19
7.721309956973882e18
2.2420185004527297e19
1.2159536190387606e19
1.445291310323096e19
1.5432917229624875e19
6.704322239695563e18
1.0701101971741645e19
1.93669296099577e19
9.810558492387228e18
1.4051653274184493e19
1.0956244211316582e19
1.1284581289219381e19
1.1264952655119462e19
8.988740379626301e18
1.4535004352157372e19
1.1607971488489208e19
1.1678092362208449e19
1.7793434748522297e19
5.361287345739707e18
8.822256859872182e18
7.010907548215265e18
1.3165497938309863e19
1.0964072371311067e19
1.368865653922306e19
1.3164454490153628e19
8.788659185457062e18
1.1847458055366932e19
1.4424949532382446e19
1.1134090716355226e19
9.672627636011487e18
2.211706236609514e19
1.267618200476262e19
1.329038482353641e19
8.277682389500449e18
1.2754906418014417e19
8.602348918511563e18
2.430204263392176e19
7.318367394505179e18
1.1310700415164514e19
1.0910035339731106e19
1.2863265781923365e19
1.9280882369636286e19
1.9001976276079043e19
1.4398274434833136e19
1.3142952669247869e19
6.619691504164432e18
7.833356059006986e18
1.0294450765772554e19
6.782386462479415e18
1.063116948038656e19
9.10023705682251e18
1.1449045987944985e19
1.6356662395490996e19
2.327492006990446e19
1.3389790033077412e19
1.0855604073104878e19
1.2293751800203231e19
2.5919894746759725e19
1.4907646413935182e19
1.3758330252749093e19
9.207721247702066e18
9.223863942258702e18
9.074605701446717e18
1.2069737288749832e19
1.067221288194052e19
1.7441756637085145e19
1.5937343551352123e19
1.104169134062526e19
1.4504172239730125e19
1.454798435616654e19
6.997387203076318e18
1.2414945054091878e19
1.6954805529691447e19
9.726193378581643e18
1.3026848638214937e19
1.3607123366248796e19
9.20366394287521e18
1.1638414551556428e19
1.1624532171666334e19
1.4226740804129454e19
1.6409519145084602e19
1.2289797228615625e19
7.746443579438588e18
1.2390712342853341e19
1.4062345310813037e19
1.6877683510594658e19
7.467551704605653e18
1.0015366711303533e19
1.0099508792078567e19
1.4386909569402728e19
1.4580585255289842e19
1.4760505922004476e19
1.634817849596452e19
1.197187294339382e19
7.625189411819435e18
1.557532012804313e19
1.847887138098783e19
1.5438778160335753e19
1.429318046809051e19
1.1154416939373343e19
1.8132719824990573e19
1.178518002208414e19
1.6879157598750194e19
9.575054034237807e18
1.6892312011423986e19
2.0801328571319837e19
1.0326578172994441e19
2.193324785557983e19
1.1130988599446317e19
7.058716155693898e18
8.947330863273667e18
7.527451403283812e18
1.3703542330915226e19
7.310261336923122e18
1.3221473881975267e19
1.1601996217562608e19
3.935329659845377e19
1.1543459497007454e19
6.061655189243878e18
2.1793170473932784e19
1.4822658354235042e19
6.42900949161182e18
1.0308475977785455e19
1.393570004897795e19
1.8815933722041053e19
1.0390182634515728e19
1.3307375095440384e19
1.6111884398954762e19
1.6538852503766817e19
1.2006687194423149e19
1.3334126513778786e19
1.0521875356919431e19
8.535705032174969e18
1.0144703010018443e19
6.904562187552365e18
1.092022276862434e19
1.1398679540808448e19
1.035752993436852e19
1.206116859690275e19
7.030588566199448e18
7.777127420746661e18
1.1742321700943645e19
1.6327686603744035e19
9.30832815665673e18
9.742461492853699e18
1.4161052403536097e19
1.4235483792832109e19
1.27707190593109e19
1.5032113245021768e19
7.741429863775783e18
9.52968740681807e18
1.2621182806930477e19
2.1707737931083616e19
1.1976218703782947e19
1.1434859968829526e19
1.7723528818189935e19
1.2378464686138044e19
9.952955555913587e18
8.193689015265493e18
1.214020495774136e19
1.1529536849333004e19
1.3668234429443398e19
8.726746015352576e18
1.1056371490423759e19
7.799881450329754e18
1.4303157139448801e19
1.016820397005231e19
1.312501923741742e19
8.316839165813182e18
9.722346166789698e18
1.678365751551615e19
8.079270155108493e18
1.8066602097775618e19
9.767724883108932e18
8.369121292426782e18
8.771020203903896e18
1.6600655309984784e19
1.3081640309257122e19
1.386023497115558e19
8.724984051479063e18
1.417702627345359e19
1.5052804133444788e19
7.794538361547022e18
1.393420806883574e19
1.1464845504536756e19
3.279493333942047e19
8.080473068218358e18
1.4900229080867533e19
1.241440079226882e19
1.1775676952131455e19
7.953227840835802e18
7.596570546795352e18
1.1964165918969627e19
1.3317035575855927e19
1.4900148289044242e19
1.218181657271693e19
1.4186348376392485e19
1.872771247164479e19
1.0336782722132441e19
2.0076479040470598e19
7.658040060953663e18
2.2692883741144846e19
1.1463653721489543e19
9.065561135248214e18
9.803041946982736e18
1.7412675612280203e19
1.1527149165290002e19
1.4049615574141923e19
1.333060190228936e19
1.0708008190096669e19
1.0491263436959345e19
1.0630253441692969e19
1.4174443538498623e19
1.019476279302725e19
1.2153395481953432e19
1.0466017586047009e19
9.81605113844431e18
1.5497999942052073e19
1.3179309589330485e19
9.83632295666252e18
1.3993251546514717e19
1.2309121403217474e19
1.2811513735263576e19
7.51514796105572e18
1.847408234691953e19
8.859241875850494e18
2.0616284090552316e19
1.442335976091209e19
1.1857333174701683e19
1.5823840375721576e19
1.2027168637664553e19
2.810148701830231e19
2.2919905055552877e19
1.3852871100351728e19
1.0082559417693546e19
1.877196005625907e19
9.56983973258664e18
1.3046234984098392e19
8.406372894760732e18
1.6738281061524314e19
1.0052047124561072e19
1.2666557003927267e19
9.427940675693484e18
1.0188953817269694e19
1.519566700666364e19
6.910968326263014e18
2.4236304926662623e19
3.013908693580872e19
1.1969462391674284e19
7.263205715647922e18
1.3727187043048286e19
1.639508537049514e19
1.0859631839506057e19
6.944461809946927e18
1.8409301031029731e19
7.753049266389965e18
9.195002171669328e18
1.446536846596465e19
1.5518489076290013e19
5.70275707097319e18
7.722189108772063e18
1.0829190621967165e19
8.52944714527644e18
1.4669901168082051e19
1.6192643974209907e19
1.4778370919803832e19
1.854466897855927e19
1.0253126944154227e19
1.0973957065768837e19
1.4027351101706863e19
1.6645237553577103e19
7.190618692794573e18
1.0652575228471994e19
1.431830809175962e19
1.573419554753608e19
1.6689369924170457e19
1.0297161813155082e19
1.259456145734551e19
9.623694836028637e18
1.6919220555536589e19
5.731701841210788e18
1.7259315474733195e19
1.462013325381269e19
1.3339715948073468e19
1.3310903915216456e19
9.53881658887884e18
1.3550039663025875e19
1.0746634324605805e19
9.684931603163314e18
1.896387542973047e19
6.69764509975793e18
1.883992574213193e19
1.6324812665827142e19
1.2132192393787146e19
1.1967224403836697e19
1.4637184134933205e19
2.3299684862396764e19
9.851900891332192e18
1.7258766599208264e19
8.721261527155593e18
7.544344187111098e18
9.638243770848063e18
1.3005255276233896e19
1.1181814545110002e19
1.2942104355204151e19
1.3972405245077058e19
1.1554574917499783e19
1.4099036205310267e19
1.5152407263850215e19
6.330435832959619e18
8.032815455992463e18
9.730569078173432e18
1.0896878325470044e19
1.4212005204310122e19
9.955540152096666e18
1.5048653848570898e19
9.43750101297883e18
1.1926121785289667e19
1.2214819486147486e19
1.050816478467849e19
6.858489661910931e18
1.1975811219898001e19
1.6278623073659056e19
1.0026864805409192e19
1.8521096483059417e19
9.722319820207636e18
1.1268057457970872e19
1.2709972646878478e19
1.4193430120860342e19
1.1896287282071325e19
1.035079405955202e19
1.5252144290217525e19
1.0279942162602523e19
1.3815942351362376e19
1.0980145532454371e19
1.118674949829298e19
1.5514655403171084e19
1.0896932664634067e19
1.7835684092770521e19
1.1455109492426523e19
1.844792436379973e19
9.038216335722916e18
1.626538270821976e19
1.4797546981517009e19
1.640829156029791e19
1.0257904712392548e19
1.9063051893586317e19
4.042623082988477e18
1.7028467224924725e19
7.383692260483267e18
9.31397909409234e18
1.3287862971784241e19
1.0998089740321161e19
1.4183238064303968e19
1.999032550883409e19
1.070069163294957e19
1.641799941644959e19
1.6741728611800123e19
8.089143814146224e18
8.829463660718939e18
1.591379065021803e19
1.5881597245912707e19
8.369432026181628e18
1.2116966079133753e19
2.1190201570974028e19
1.6309633726196902e19
9.858419398113266e18
1.1600050614210675e19
1.5021721205414216e19
1.1287891681814565e19
2.0903669181969494e19
7.769217710663337e18
1.199200289009877e19
1.3101596970770405e19
8.713202553728106e18
1.3124169984351334e19
1.4116153183014103e19
2.0482002542144606e19
1.1320851777862996e19
2.310775385404701e19
1.8320215446229377e19
9.462533632936438e18
1.2518135113534878e19
1.5949749255580236e19
1.3734259266004537e19
1.3176154661203188e19
1.1829071967526728e19
8.143708232819634e18
1.4037120916326701e19
1.0771520654133584e19
7.33768043266687e18
1.7729645497717387e19
1.1578878723851063e19
7.217339165340697e18
1.069612559419495e19
1.4725751954143367e19
7.61014473859255e18
1.3489865962042175e19
1.2499395087825975e19
9.573624011333876e18
1.0857860565621938e19
8.53448551916012e18
2.087587986032061e19
1.0155823928750277e19
7.04426317175234e18
1.2797512100740098e19
1.746449424208781e19
7.443921157045214e18
1.21004466215566e19
8.205137172992301e18
8.433360693875354e18
1.381397473283759e19
1.1280741790769105e19
8.990193992305143e18
1.62728958838137e19
1.3198771910292306e19
9.874206448792338e18
1.899231272062293e19
2.0683509233178997e19
1.998684511881382e19
1.2015597561127768e19
1.1175092578483397e19
1.086365653238847e19
1.2584442135849648e19
8.846373882592334e18
1.462350603238025e19
1.0520023374833725e19
9.13734283847085e18
1.2036638607160975e19
2.5389104017723974e19
3.3033118571290673e19
1.572290230929511e19
7.459325795329326e18
1.5714853993975187e19
1.0426859078583237e19
8.686983382323263e18
1.568430593679574e19
5.384117442818942e18
1.0847287056769995e19
2.105749265525148e19
7.819469217679106e18
1.0800745748385686e19
7.959575115126045e18
7.980448041693742e18
1.0430513393159148e19
1.3121073341805173e19
1.1698232139538108e19
7.752525729677157e18
1.1834219789896675e19
8.203967111172831e18
1.0777657764252705e19
9.249898876480252e18
1.1031128400286507e19
1.9820101610945716e19
6.846975095876565e18
1.1406848125925083e19
1.2803581097881182e19
1.2813767276206815e19
1.0627022851762278e19
2.1992884386698936e19
1.0101943835325657e19
7.184568655704518e18
1.3142716553250324e19
8.020018039209462e18
1.3722538810008013e19
1.052368569858841e19
1.1206900364216764e19
9.706124027435637e18
9.292798751585081e18
1.053203682026954e19
1.1605188689024068e19
1.4293388379286606e19
1.4867949552298e19
1.1361612860330025e19
1.3069180576352047e19
1.8159458309295469e19
1.0644471174823033e19
1.1265361663471784e19
1.238568651615391e19
1.6942145355987562e19
1.4427084192850078e19
1.41968174736597e19
1.016661186753617e19
1.014735024056064e19
9.811174760657263e18
1.4379566612243083e19
8.178220658133772e18
1.8040724813834725e19
2.0522659521222377e19
2.063918967909959e19
1.0073964151968401e19
1.4962852674006303e19
1.1561370232393044e19
1.1276288005518342e19
1.603698234044868e19
1.0839512613538773e19
1.371661673269088e19
8.200313234921782e18
1.060916459448558e19
1.5047326466104416e19
1.201514550739187e19
1.5661130306342072e19
1.2570691871733832e19
1.1620772873235466e19
1.0178478714573982e19
1.335772282339956e19
1.1966652972595497e19
1.5355800867019362e19
1.2260854886696804e19
1.1673393405929128e19
9.745608747882822e18
2.084251947333002e19
1.2815857509536266e19
1.446582533166252e19
9.11013962279203e18
1.064266942757231e19
1.0364886935547185e19
9.079161890283952e18
8.38026485062848e18
1.4288761276702917e19
1.2502477841642574e19
2.546538369465978e19
1.4175394816417577e19
7.526939570472829e18
2.2116434783351775e19
1.1564574384801796e19
1.8671887468547043e19
1.7583726825481286e19
2.2042585815737057e19
9.012816668245773e18
2.5065831876241318e19
1.2059485647805946e19
1.0151090778172602e19
1.5926053931602518e19
1.3768421800994247e19
1.4579372326084198e19
1.576842559458561e19
1.4962994068655022e19
1.1256971407048303e19
1.2620634624672332e19
1.6766335847090858e19
2.4362779418348175e19
1.0321413834108987e19
1.0158556370571704e19
1.1256391376822436e19
1.672779034016035e19
1.2630790638158326e19
1.0804452158262049e19
1.7288180174548017e19
6.48570478356701e18
1.0598581929555395e19
1.427035485284668e19
1.2659349556887947e19
1.0452336653678324e19
1.3957149695701047e19
1.1346001199323763e19
1.480843238296125e19
6.946412133158617e18
7.51814912483909e18
1.3317851898068533e19
9.624570714782505e18
1.1399421351185562e19
1.1242395020921643e19
7.138373774484939e18
2.1001216643306697e19
1.209320988472227e19
1.119873432454497e19
6.75420741779149e18
6.340237241872712e18
8.704286590814335e18
1.0794186741274522e19
1.4525057065197625e19
1.0115735495539487e19
1.4947469415356178e19
2.102388550110369e19
1.2630572321501889e19
1.3031650173674908e19
1.4836569005124895e19
9.487763733120391e18
1.2739473265950933e19
1.7681971802585174e19
1.6046692115770147e19
8.38297865989272e18
1.4140553691140882e19
1.7173329529575875e19
1.424619958197613e19
1.0327681304764248e19
1.1598765326313353e19
1.0070484400002236e19
1.2924828639117146e19
1.2799552325157499e19
1.295483160489073e19
1.0618402093852369e19
6.780973506807073e18
1.3515488118921329e19
1.007984616506888e19
1.356836706795289e19
1.3433839365349433e19
1.2381697598462224e19
1.772398866501295e19
7.856188180216187e18
1.115300029577355e19
1.1528621802736062e19
1.0945803682666099e19
9.997676003089527e18
1.3199282478187614e19
1.2023387673178505e19
2.1320435391199535e19
7.242206029627227e18
9.847123225552695e18
5.934568008058409e18
1.4374102610396975e19
2.008578891961871e19
9.489268342347366e18
2.0093621258252636e19
1.1612879306780705e19
1.8303090687901975e19
1.6983640964714869e19
1.2454685904225706e19
1.0600695612959056e19
1.3392511229670087e19
1.0274255683414184e19
1.4502131096478056e19
1.5134651173723197e19
1.0474821463384588e19
8.271705177061152e18
8.673592816846175e18
1.8293431419493319e19
1.5850788109704948e19
1.7585054839709802e19
6.480301819757877e18
8.829059022577551e18
2.1343820875981152e19
1.5937054176053133e19
1.1584143083196344e19
1.520600165820142e19
1.0953971186262782e19
1.6614270963645549e19
2.0922860061165638e19
3.4285108383925174e19
8.764308790703827e18
2.1644687380565434e19
1.1372104992942154e19
7.587909923967479e18
1.566279459874372e19
1.3007741417558585e19
1.7466991554317464e19
1.6697624644927754e19
9.48442717213329e18
1.3483902592130028e19
2.4182141583436915e19
1.6388644380527507e19
1.3718457012886147e19
1.37473702181985e19
1.0931175299361008e19
1.6608877770039316e19
1.1407619344445297e19
8.364251893922158e18
1.5682173998100156e19
1.1151234066844475e19
1.1045191810957646e19
6.980115254416657e18
1.7802428845039583e19
1.5903755138651843e19
1.105537749670428e19
1.3787379162424177e19
1.2413857563029346e19
1.0070136053958175e19
1.0202026218662046e19
1.4051618216639347e19
2.1433899619559117e19
1.2001590165685395e19
1.5265085108543502e19
1.4203287049700864e19
1.1891325244342706e19
1.3106256073733294e19
1.0759201013251502e19
1.2174946998445185e19
1.0875261529365606e19
1.8943805355652334e19
7.251249698655439e18
1.456780498600238e19
1.1189476443964506e19
1.0152400260551481e19
1.5302385869420341e19
1.0400715037738099e19
1.2349498821197476e19
