1.2163451379053112e234
1.6459954451858322e234
1.0406246798567582e235
1.4465158851327983e235
9.669239243468845e234
2.4250234580866517e234
1.0337780870757932e234
4.183728244581815e234
1.4123310481144252e234
1.079641128684482e234
2.758098088706112e234
7.138234290479754e234
1.6072087108364684e235
3.13036856593052e234
7.513160041327573e234
1.232598475367074e234
1.87136433689446e233
4.425759857818885e234
5.1164131591189794e234
3.6259086018206054e234
1.4561343866309653e234
9.828759460302904e234
4.61498848991263e234
2.0703436335810778e234
9.463963475213692e233
3.809879884600393e234
1.7429498860477685e234
6.2698141107507376e234
1.0217995597138324e235
1.6353703199816082e234
1.362297000650291e235
3.087517731770195e234
1.4318790722538736e234
5.931413621246686e234
1.3687365987443726e234
1.0570170731248868e234
2.2393689110051202e234
4.025424858681933e234
1.4378442861525476e234
2.8624594456293686e234
8.368212242713659e234
2.425272434289967e234
8.862800881419797e234
7.480656849427043e233
9.478328338686704e233
4.5971150383382905e234
4.859608294516024e234
8.025144963436904e233
2.8192127345642283e235
1.4257723523636094e234
2.302483455664093e234
8.319204991267233e233
8.227088982551825e233
4.860642169540689e234
8.921636013727185e234
1.0808017135043066e235
2.9095043234341648e234
7.24899325048608e234
2.603198302337104e235
1.3544004177651617e234
1.902557933872061e235
1.390565804619699e235
2.9184819570678206e234
1.1498938265511811e235
1.912306209591355e235
1.2980704290272453e234
3.1729472760137884e235
4.8286590634883835e234
1.7048663998864483e234
1.380212718358414e235
7.2437337344418625e233
8.050596557747979e233
2.509055399080612e234
4.310643714081649e234
1.5339562081991297e234
1.1095566417571512e235
1.2528134128110829e234
3.4608026622657565e235
1.3760759022933811e235
9.590920926552733e234
1.1836978831506528e234
1.1799870873237663e235
4.5365714053476375e234
1.5239617331685477e234
2.321849044354039e234
2.5067618938901867e234
1.9197441311308655e235
3.0990818573566538e234
3.6526234254756995e234
3.9462255043273226e234
3.6716331043057184e234
2.7966260586966183e235
5.1363454235383124e234
1.2414601694581135e235
4.4270370172794125e234
1.0457834786104774e235
3.1936712876415865e234
7.123120043873809e234
9.824430711105762e234
2.2396250270546755e235
8.937578881027438e234
6.848671001560639e234
6.192351341537701e234
1.499937446456788e234
4.1907001745269625e234
1.1662403083113347e235
2.0257660246114557e234
1.099791255799743e235
1.2493339390302783e235
9.280755474400897e233
1.0637013932526266e234
2.0826474343569008e234
6.779509398581419e234
6.589218458211454e234
4.76112683655563e234
6.35952270989008e234
5.0979289979505906e234
1.2652897974460064e235
1.124553675604524e234
5.993231045319429e234
4.7847662626103284e234
5.873749519792152e234
1.1510726165549375e235
2.79221201731554e234
1.3515753117797277e235
6.468623347320332e234
7.136606295736744e234
2.80455354403692e234
7.054280124888644e235
8.754414152360856e233
1.5465279980221387e234
4.188277989749277e234
8.608016382387859e234
5.0538712462435375e234
1.1151247990268545e234
2.2596325995879302e234
2.9993029960918766e234
3.234357879750812e234
4.531947807709539e233
8.135783727566044e234
3.544663689851612e234
1.0986649400890623e235
1.0281928739546288e234
1.2352274920395865e234
1.172666307621483e234
6.617630461132661e233
8.351145662710668e234
7.260436165521035e234
1.543087110551808e234
5.596650527191951e234
6.541396223192893e234
2.639181570816139e234
4.037338259716397e234
5.530903208713192e234
1.223322921631496e235
3.321739214108174e234
4.636966796552819e234
3.275233978692519e234
1.5573352078768288e234
7.04003245362905e234
3.65393863046061e234
4.6568907553347634e234
1.3577415291424478e235
8.44508112863638e232
2.499634139063388e234
5.6472756158603444e234
5.480080163190337e234
1.0179982546187901e234
1.5239335528962317e234
8.093127029767311e233
4.440235630436008e234
6.38489114098229e234
6.832795994947547e235
2.969207338242906e234
2.9796154323295147e235
1.524382868722862e234
4.753303698893381e234
4.059441262765411e234
9.896441085958285e233
2.415325918292099e234
4.1676415658114006e234
9.359812601817631e233
3.4346498390478975e234
2.0288745942864576e235
4.1758109181545786e234
1.1810846521940486e235
6.828344813951881e233
2.439357179931733e234
9.975099292429606e234
1.0424318619419263e235
3.0643713413111272e234
1.0112673060543079e234
7.696042671642457e234
5.228158560312006e234
9.515777797698982e234
2.659525893419407e235
1.273360389907958e234
8.140062145349744e234
1.2312409473676212e234
4.755306113962927e234
4.93569433821921e234
4.470415603039098e234
2.627029744726353e234
1.273273424938981e235
1.251855681174901e234
2.629374509438713e234
1.1604353975516254e235
2.948354286189121e234
2.2091398070667198e234
4.201963941606485e234
6.84235948616869e234
6.1324736095680064e234
1.8305669414318543e235
4.0739987565971026e234
7.1805541835285624e233
1.7429702365591668e234
1.9691322508287728e234
2.067331875835458e233
1.5124548761505335e235
2.4722914112827917e234
2.6391193295396583e234
3.270088405288501e234
3.137451250611068e235
1.0414198145400864e235
2.213661868436148e235
1.7328080438053433e234
1.4162026387719037e235
8.260568682755817e233
5.719771969870059e234
2.2586740318195792e234
6.66883150097581e234
1.3404269309931004e235
3.547124731108796e234
5.146321405044679e234
7.544468289367952e233
1.5411716889631787e234
3.445395037832287e234
5.1894788520705125e234
3.758077645368717e234
1.222148391545442e235
2.4993439575209245e234
9.35561288496461e234
1.3267577739602841e234
3.657524326644215e234
3.647526783690539e234
3.139509448225162e234
2.613673860083478e235
1.3671824801292171e235
1.4465656789308628e234
2.3978145780106057e234
9.787833247605625e233
6.1237167305241886e234
6.032206422596874e234
3.085896934815609e234
5.0203380659490656e234
7.135604894726501e233
5.769121387076962e234
2.494017145613217e234
4.737751853747451e234
5.94193483957343e234
2.5798395832408914e234
1.6939163480857175e235
3.600154011852747e234
7.566621370207111e234
6.216872105261219e234
1.3778119191898399e234
2.2691923938428802e235
9.92483254157389e234
3.8615079414748304e234
6.359401224238525e234
4.5954678548938394e234
4.0726325130557194e234
4.617805102957337e234
1.338790192902538e234
1.4079228299693323e235
8.568457572450829e233
1.197086578199845e236
2.997901405097747e234
5.350018592023424e233
5.7686088154186495e234
2.4708293732582455e234
3.2879779605882804e234
2.11068594951025e234
1.3433068247085854e234
5.7318448767817426e234
1.141790925729208e235
7.041160426137555e234
2.0249127924120287e234
8.430470337242859e233
5.091821194743993e234
1.435336511794104e234
3.3724609697574e234
3.942422253831914e234
6.088737079810504e234
3.856557484608967e234
2.731725932333739e234
3.276037642546339e234
4.690278301153971e234
1.9526348585783182e234
1.054857297741303e234
6.051312571251621e234
4.309454036433736e234
3.561369110775592e234
1.1130529093745659e234
1.4492057437852806e235
1.045601866007703e235
1.625134427693478e235
2.239317916673123e234
1.850339125113292e235
6.594386566962841e234
1.312072991437941e234
1.104917063757913e234
6.685326122763812e234
3.5878368369392766e234
2.210163363736569e234
1.7333875086459626e234
2.9747063716894495e234
3.841118554428632e234
1.1305463571674522e235
8.730702027082721e233
6.415143122216761e233
1.7913378665714015e234
4.2198613960226064e234
1.9650264004550882e234
3.0335230473803806e234
2.0325698969310914e234
1.340837610855279e234
3.974585429848123e235
1.3397741307032024e235
2.112714922354559e234
8.888084950353913e233
3.1017321028350875e234
1.599338902765904e234
2.6106814005921477e234
9.939568827577445e234
1.0952693430578806e234
1.5702598949058801e234
7.61443913413255e233
9.593016503951652e234
5.0458986383382495e234
2.4229000182708246e234
2.1419297038986833e234
1.726712869496614e235
1.3284029878506054e234
1.2511817294275175e235
2.4955445107058862e234
1.5696621245367207e234
9.975700797522061e233
1.28267831967384e234
9.170190648307005e234
9.938767637106586e234
1.9109560784841344e235
1.8095124499559967e235
2.0756083297678975e234
5.3519263088326975e234
2.4635089679462384e235
1.0578679398991629e234
1.503879689774195e235
4.2670326354275055e234
6.630476991660773e234
4.104826449125076e233
1.9379657451405402e235
5.6564092743729614e233
6.88583143110461e233
9.238350437048626e234
9.17233260197393e234
5.674372705746629e234
3.307928672375736e234
2.064173744533922e234
5.456621104475532e234
2.032587552730845e234
3.382330350748318e234
3.522039055586197e234
2.1896069645515282e234
3.155086823812265e234
5.521090749987323e233
4.0187193816311024e234
3.8585394975541965e234
5.299203791597597e233
4.083939368862833e233
2.0214800033749982e235
9.586628218543838e233
1.026350528520962e235
5.399696055115927e235
4.9283601540273896e233
5.956337969582789e234
8.440861235104551e234
7.367563992730427e234
1.0611419794139348e234
4.992262837605983e234
3.436689734423805e234
1.7199594012711787e234
6.3512713136204324e234
4.427014636599217e233
4.206053901234196e234
5.788283553378016e234
4.746420231934278e234
4.042208670571298e234
7.468412741602279e234
5.727837443654177e234
2.1638840199900364e235
2.5105333197755716e234
2.6781299351632722e234
2.0202260103188976e235
6.45548518152294e234
1.6437268879924855e234
2.995706425881086e234
1.3898271768581289e234
5.458394279874133e234
5.5780518711519496e234
2.166576522333271e234
1.8961532443408974e234
1.668646698126914e234
1.7672798252486372e234
1.1726919889166951e235
5.6621466899528786e234
5.116785314650044e233
4.4133540511929664e234
7.340094553914884e234
2.828422760814729e234
1.2336970858512035e235
1.1791623966447805e234
8.362533790591682e233
1.5935216897467046e235
1.3242303300372017e235
2.338914791408761e234
1.0424497316510503e234
5.375759915213634e234
1.4562780006617912e234
9.27083198808659e233
1.6235924645570068e235
5.37304794478699e233
1.004417258091203e235
1.3476204902958144e234
2.6752536282714888e234
2.3619527539749064e234
7.629848584504872e233
6.371692381074926e233
7.785418944997496e235
2.147080565761962e234
6.760797700579754e235
8.242561774102394e233
1.0268546110576003e235
1.2499819858163012e235
2.5860426569922664e234
2.8981396447439244e234
2.9842598542196724e234
2.0623857692501376e234
1.5179222811077828e234
2.0508452159237635e234
3.0286173195920846e234
1.3527213192668876e235
2.1571539604577515e235
3.104164650729188e234
1.2866846225147652e235
1.1630198691117822e235
7.593632877293219e234
6.822285739368289e234
1.3627870239278846e235
4.8255836586790135e234
1.7603781240498518e234
1.3006190975039055e235
3.732199841632135e234
1.1190988641797753e235
1.1494524093226847e234
2.459903431685496e234
3.7612081591651755e234
1.708500747851961e234
1.4800351040848956e234
2.059148035467924e234
2.8619625922965934e234
5.496219064913591e234
9.497042829487178e233
6.52281873565532e233
8.459788380687544e233
4.528526161214002e234
6.754552034892705e234
8.581529253260676e234
5.6135976956907115e233
1.1238998157326133e234
1.6421249696864552e234
1.675209194295453e234
1.7910842750111484e234
1.7004141285853273e235
1.1341501945848797e234
1.3616467317910945e235
2.9188082929546464e234
1.554131345461271e234
1.7088279121122346e235
2.1141408115608303e234
8.556669009133914e234
7.629317754435224e233
9.059695515217171e234
5.179892244657886e234
8.890313224728177e233
5.88965649968739e234
4.008440239628931e234
3.790236338805366e234
4.8577041071545455e234
4.690261294480255e233
3.597526138840165e234
2.8199345359189953e235
4.9255219615037276e234
1.7749031853041831e235
1.8902694755921099e236
7.273688759076476e233
1.5701357162353926e234
2.514430614546928e234
3.871416874992105e235
7.34063551760654e234
3.557787951347393e234
2.9706132824305876e234
8.56844240477084e234
1.3351484077971927e235
2.3900799590509443e234
3.277716541096299e234
1.314724420180839e234
3.363493094975814e234
2.0937153846451646e234
2.27322888143931e234
1.5327411801426134e234
1.3994992122751456e234
2.8142623996326002e234
6.1994967730401605e234
1.1157285545187826e234
2.0168799231729697e235
6.2781297508768616e234
4.275577123877426e235
2.5110317206221592e234
4.2174525628020505e234
1.740867013677569e234
1.1207144045955145e235
5.2739946133166406e234
1.100405974913205e234
1.8466650470212845e234
1.0081817070350983e234
5.777890309955398e235
4.16320602220361e234
1.003442619191588e234
2.3489186794964592e234
8.620312828740244e233
2.9674279483527296e234
1.636671588542882e235
3.300608297905988e234
9.497741682265353e234
1.1228956111276093e235
3.189422432965532e235
1.2729144566396548e235
4.4784826469930544e235
3.422668858322333e234
7.004650141133926e233
6.284237395281854e234
1.2042259110842244e235
1.0883658878073233e234
4.893559361683153e234
6.303033676222411e235
6.429549843308275e234
5.180944667354128e234
1.5706022072249289e234
8.220512787109157e233
1.491692162979525e234
2.122371225644762e234
7.3672953350348195e233
1.2205443257794139e234
9.939719988330139e234
4.337980953276052e234
6.6324467849282785e233
2.9371522712357555e234
6.218011371437431e234
5.703551217859844e234
2.7340567581975547e234
1.2800653272571804e235
5.263429147561325e234
1.418472960528952e235
1.1796787368112766e234
3.362060426763717e234
3.337719543876959e234
3.805876211010494e234
4.981468202934199e233
1.1518855834779866e235
5.037792979836346e234
5.995513234048212e234
7.313495016777544e233
1.0857377399368873e235
4.260010272791066e234
5.239774790538128e234
6.488480232245919e234
5.439003025924623e234
1.6664180220237771e235
2.1785997850100392e234
2.462140779350048e234
1.176794106270683e234
1.0020006949413027e235
2.1230346500958712e235
1.6871467471748813e234
1.0430897295878375e235
1.3437357881568148e235
2.576815235770551e234
2.3851424100119462e234
3.659701184242201e234
1.1467537653395628e235
1.1306325159191036e235
3.7275995488519214e234
2.9718861208868783e233
7.041336149146337e233
1.2104063461705366e235
5.890449614095574e234
1.0037476799859617e235
9.462024325829496e233
2.2662660540282796e235
8.76474567914444e234
3.3449794893290465e234
1.3305649161765785e234
1.887983212938237e234
2.3227931045709737e234
3.525521657399439e234
6.511384494131615e234
1.0769106246486388e235
1.3899605368557945e235
1.6445345174520322e235
2.2910055190308696e234
6.1666882403671965e234
2.2249069603965273e234
2.104834634996571e234
1.0882862589375762e234
7.134411079092957e233
3.0714534573834504e234
2.0963479399258126e234
2.131075359407769e234
3.0947920224559306e233
1.1678962789022513e234
5.182992962108027e234
5.597827178381014e234
1.5174352253590968e234
2.082263725788784e234
3.598321273129987e234
6.1561937843067835e234
7.272042916834812e233
2.3615675042579473e234
1.791852485799096e235
1.5796547178979814e235
7.151734636212074e234
4.864614048487457e235
1.328254308871629e234
2.0439838788234604e234
5.7012227287864435e234
1.1914973988891533e234
5.549143505766169e233
9.038851353245616e234
5.4306636711355594e234
3.716955087452001e234
1.4886400636150414e235
1.7111637220669994e234
6.74383082029769e234
5.758154738722021e233
3.411027132046838e235
9.11133048764957e233
2.1246823289522712e234
2.23920949068214e235
8.136877565131542e233
2.7674383619585664e234
3.054557629255038e234
5.316557363835381e233
3.7899224635766556e234
1.4744033584162733e234
4.80482753598032e234
3.880238889627255e234
1.6320016381094774e234
5.464215068016753e234
1.405019875297982e234
8.821817762475283e235
8.030573779843122e234
1.021600717325409e235
3.4651691912423817e235
7.938063269034727e234
4.534565048096765e234
9.640395659309566e234
2.1305366906105518e234
9.804590671201865e234
1.8855501957840792e234
1.9982659908097462e235
1.5694082611452497e235
1.2455521882515859e234
2.1014673161691022e234
2.1655532459611833e234
4.423042950103606e233
4.962042815835644e234
1.6842083074582325e234
6.464234840892257e234
5.1194895433255066e234
8.016133766179681e234
3.063595287314934e233
3.588535791332127e234
4.555720021042932e234
1.5563392951725107e235
2.2287006077498113e234
7.705711671427635e234
2.6613108602785636e234
3.0229996960725994e234
1.4076829175439958e235
9.054125477788109e234
3.925371692604408e234
9.620679666061121e234
6.876066324186204e233
3.071585933510728e234
1.0951218518641077e234
8.11955916948884e234
6.79547426137464e233
2.3235510979714296e234
6.967683528515977e233
4.120278789868303e234
1.709593513824491e235
7.029642009908724e234
6.918601706289813e234
2.6252662883237903e235
1.066541178544325e235
3.381238009089078e234
4.1531267991790714e234
7.444473769199654e233
3.702221446954906e234
4.8664082628144816e235
4.72511450478532e234
2.831437301232987e235
1.7815873418593094e235
1.9303854435750733e234
1.6551236843283426e234
3.408270227540363e234
1.728589500665726e235
1.8627997540644522e235
1.676869789303438e235
1.8159969664543265e235
3.5681164103331116e234
8.879339280829588e234
2.335563111551411e234
2.9667849519092647e234
2.405538280143418e234
3.921927519280831e234
1.18737673409538e235
9.296804869141187e234
3.5654689639793774e235
1.5167423763301134e235
2.574887625492288e234
6.936356537390706e234
8.164445056259329e234
6.037716261738474e234
1.9448462687842967e235
8.140757258356003e234
2.874790528793002e234
4.921156865820202e234
2.2940506605414254e234
1.5533204566607977e235
5.178248324561881e234
1.0729306869523172e235
2.7160627843118066e234
1.991932349059026e234
3.3560976914956125e234
8.140875656056055e235
6.746462728472217e234
5.795782656996088e233
2.956993556747062e234
4.260452803234485e234
3.707281468960136e234
1.084876308837033e235
1.9948825361355318e234
4.102534836466359e234
5.446197678760608e234
3.565851921626163e234
2.9141027496593128e234
1.2807100099283308e234
3.5632175559186894e234
9.688333399892339e234
6.912187659891725e235
6.624082229441372e234
1.3335299907346622e235
1.0881420282088381e234
3.754719882095547e234
1.1353263098834957e234
1.2055038440287465e235
1.6069748020599745e235
3.0948789719060797e234
3.827237929116063e234
3.6019784187205244e235
7.558071125798305e235
2.123562850504462e235
7.380576993030822e233
2.3641521450740473e234
7.996323154957401e233
4.406077129430764e234
1.058409051915093e234
8.315627049243595e233
7.473942938814158e234
1.3377981753469336e234
1.305262436492646e234
8.567390391206606e234
1.380747211065712e234
9.283640294718512e234
8.55079975002646e233
1.2553042378027185e234
1.0424010699995369e235
1.0475701683201435e236
6.542331281172749e234
2.551675382766863e234
2.196889813136192e234
2.9610593986584323e235
1.0040652472609838e234
2.163137577303199e234
7.583266954527103e234
4.5632872166678074e234
2.123996677794998e234
1.9911416123108113e234
1.7555602769035024e234
4.56018521152772e235
5.2042983886300695e234
3.3942032716534474e234
4.768237182572332e234
2.704198612504362e235
7.671438895214725e233
5.852892648331804e234
2.5584505905821416e234
1.9496389952795745e235
6.1377158960478616e234
9.48250786349738e233
1.5220117050391373e234
1.0048872090773456e234
2.2057363542962456e233
8.686298977245581e233
8.298693767407195e233
8.172035814740762e234
1.2066249016205878e234
1.7119323521826888e234
2.3312284173207812e234
9.121942145771583e234
5.225096101288899e234
2.5012406762392123e234
1.7406728676808855e234
1.2618550534780541e235
5.713831908068007e234
1.10095389423098e235
1.703349544583476e234
3.709609391671324e234
7.077956282819696e234
5.96120559026095e234
7.951840810100968e233
5.974406860430997e233
2.713217135229712e234
5.002571315916871e234
1.2480888999506212e234
1.9846464118716574e234
1.402440997678585e235
3.8049344650180545e234
2.7549149089602727e234
6.326518005398472e234
4.738299875830843e234
3.228944828998654e234
1.610244143177927e234
2.9029347175932292e234
2.1479139970287443e234
5.591335543314394e234
1.6938413391506739e235
1.757941788457039e234
3.22475775539479e233
2.0025390513402122e234
8.823494620228712e233
1.7120780401310255e235
1.3873566216435973e234
3.1013050734661217e234
6.390521149884412e235
1.5165319906243674e235
1.6746324964983085e234
2.0225479794199586e234
1.8323660475586006e234
1.6295037704500297e235
5.3144745592333314e234
5.690796480051929e234
1.241349101107653e234
1.4566534956376922e234
2.5270894251034435e234
3.658619481505666e234
2.1398361377715585e235
2.117773912353467e234
1.5096554664377578e235
4.280571488117401e235
2.8309623653762026e234
2.103637285360988e235
2.2576609777705797e235
1.4169764787315222e235
1.766156667705312e234
6.053835986508028e234
1.295821919364948e234
5.030080077884563e234
2.0054280490025922e235
1.001370927943527e235
3.2315258381752804e235
5.914248975931926e234
1.9027252459309137e234
3.3965118495673937e235
8.357296791116021e234
3.638371202326209e234
9.427632296756108e234
2.4410214497851065e234
3.149860665910585e234
1.644433388672471e233
2.253359616033075e234
3.0529133636422913e234
3.8767840845199564e235
1.0141946730320989e234
1.5550332278897727e234
1.8452753828881592e234
1.0213850341077777e234
1.070788030821559e235
1.0380657578999934e234
6.347888424828836e234
4.809923174143187e234
9.081132275263806e233
9.837788320438225e234
1.4401142409037866e234
2.4914971601702805e234
2.0131775634052624e234
5.199788867611515e234
8.715002585088853e233
1.1148354869537641e236
2.463016997388492e235
9.631080880311563e234
1.631415809557864e234
1.626550834289793e234
3.097965988841044e235
6.971990950508746e234
1.3873698111066132e234
4.864149609368861e234
3.1262116457536056e235
7.50234865614058e234
3.1450353373527095e235
1.5336039406519781e234
2.1234360958713483e234
2.4170230304655323e234
3.488346456627184e234
4.555819892442692e234
1.2991929372482777e234
2.094494101482051e234
5.493431345528528e234
2.0330070565578607e234
1.8207540536037798e235
2.3363449346921854e235
4.7580770950867186e234
7.021889447291921e234
2.131083670744191e234
1.2298873591886478e234
5.679475325396513e234
7.718986863508107e233
6.153678059992099e234
3.519416650676543e235
3.6023375558524415e235
2.1562366795596538e234
8.01089299500598e234
1.0171209619163599e234
8.50813847507388e233
8.5437262031672e233
4.618934086680159e234
4.316404479959477e234
1.6363396360106328e234
9.966414440090977e234
9.481060317591219e234
4.188269182774298e234
7.038630903146401e233
1.657719334658121e234
9.43554411311447e233
3.6774820168397335e234
3.043192894940507e234
7.59968234892282e233
2.3806951430800217e234
2.069284040626146e234
1.1516015695888022e234
1.8436000766183245e235
3.3211673586442735e234
8.275731189214836e234
7.976554636178565e234
4.2709655082992355e234
6.024933024846787e233
1.0127323454818397e235
4.7259808261390735e234
7.4575388173946395e233
5.854124140456122e234
4.145820488562017e234
7.325767005120241e234
1.7450431788792383e234
2.784602682749306e235
6.086951096500086e234
1.0202718703754476e235
1.5251650729776134e234
1.3349240968328206e235
2.8129133845906895e234
4.1369696883114426e234
4.008496868371936e234
3.7382821103843185e233
2.8293488670097373e234
3.286028285881668e234
1.5651172616343574e235
2.977165668518106e234
4.072893338801127e234
7.413250144904507e234
