1.160434807406375e121
7.132544894754337e121
2.340172401561871e121
2.0032528810506932e121
1.8507716729001555e121
8.558373551623519e121
3.098820507952941e121
4.0081117105892546e121
2.056841727337762e121
6.778819172269135e120
3.484098906758835e121
2.836280553493255e121
2.793507955282536e121
4.446399332616691e121
1.6049669925791244e121
2.50008844033957e121
3.8657395330377157e120
1.0273319409622573e121
4.4232869326996215e121
8.133229464835606e120
1.7611449214877822e121
4.193505467609082e121
2.126628168392768e121
2.839561337091504e121
1.4502063428684538e121
5.897902270427763e120
1.0313866407974851e121
1.0224680293905313e121
2.0978143147123124e121
1.2382913148385391e121
1.5886353097032271e121
2.1876982449982268e121
1.3136008534511123e121
9.912903667887228e120
1.7622018616503003e121
3.051542816715304e121
1.3780911844785216e121
7.241555221388132e120
1.7447788395080535e121
2.586360512510827e121
2.0002877999693795e121
2.7093816704980654e120
6.27049655535055e120
2.7242167584392536e121
4.0482059908172217e121
1.467934045656117e121
6.896631222658889e121
7.639042156799949e120
8.390914713238857e120
6.673206881144647e121
3.1139989718772167e121
3.4985406974250245e121
1.5844388858939453e121
7.833274219143984e121
1.167400013523276e121
2.7977785858357834e121
9.835425689236147e120
2.6423169270293516e121
1.8770168544119066e121
4.297911756248985e121
7.530690912120369e120
5.313331166276707e120
1.0616799114841755e121
7.782408485685212e121
9.156331596695483e120
3.762521952386006e121
3.6870312106329e121
1.2989953773794994e121
2.3709809661183624e121
1.662669272488032e121
1.1491813624964003e121
1.3835030862293705e121
1.0729667279123185e121
2.053665457764168e121
1.9907471878965614e121
1.8847567552800785e121
1.057561820318076e121
5.436910459645987e120
1.1655205012724942e121
1.5340880826988685e121
6.46180660266865e120
4.949239497740721e121
1.230966093290032e121
2.636017287445824e121
3.359264906549443e121
2.3802755668690996e121
3.346599926535128e121
6.071857600824955e120
1.5897721442984852e121
1.1817824412411267e121
2.1363289973625034e121
1.3399388407288723e121
1.0875812978123615e121
2.1077106446721397e121
1.5896777728044871e121
1.2671916701225834e121
1.7670150664616046e121
6.673355484380765e120
1.4094165990113646e121
4.597424634689031e121
6.928710104071428e121
5.900767684491768e121
1.0845615285540738e121
1.2950034447881535e121
7.068335304704952e121
1.5838455278902086e121
5.142508234450008e121
3.849139815478351e121
1.9340097224386289e121
3.59785410912395e121
1.032737866349916e121
2.4923025917828037e121
4.0807058414857473e121
3.9571573486446108e121
8.529440624075694e120
1.1102793538040846e121
1.0713118726077257e121
3.8358258116440774e120
3.2369120407667722e121
8.720722274590253e120
1.119922027340773e121
1.255854472289435e121
2.459456559772462e121
5.274433629983984e121
1.0820758860365802e121
2.25203958562661e121
2.8328792045349995e121
4.513122521463635e120
1.7824641347134027e121
1.44589032664238e121
1.3493228159338832e121
2.0304234341625186e121
4.8918742648419314e120
2.1062168644740417e121
1.1462894922671337e121
7.470169222519088e121
2.332495641982493e121
4.35442161822109e121
2.943472632835507e121
4.354240382631331e121
3.0029052337206837e121
2.338648376315594e121
1.0351967683953122e121
2.642602519224587e121
8.410091962442352e120
1.1579192681336861e121
8.026021265352463e121
1.9194339611943613e121
8.586070879745783e120
2.729155062149423e121
4.412313418161497e121
1.1294080255419217e121
1.7543177727453586e121
1.3018000261634466e121
3.438588388656913e121
1.1476950608090805e121
7.897706741016362e120
1.0040811364304317e121
1.414747845969022e121
1.3821407760705693e121
1.048318693295972e121
5.861039416350071e120
9.037469351058939e120
1.0542619505857899e122
2.038112158285604e121
9.475095572029781e120
1.8112633125673146e121
1.4112673045920825e121
1.9923714073237558e121
1.356791091447106e121
7.651103851125644e120
4.356579891878586e121
1.3682996823001071e121
1.2245442725149971e121
3.186119678353963e121
8.25354837213471e120
2.102185648847789e121
2.0532933307197429e121
5.343267377346654e121
8.03784984286295e120
6.55969473928779e120
9.83396071430363e120
1.0237064311673377e121
2.6764458188833826e121
8.60020127447013e120
1.6956651130554559e121
3.7503130542392246e121
1.2461995554372772e121
7.560542233482473e121
4.5034973741487575e121
1.222246667266302e121
1.4974993878947035e121
2.755196329509788e121
2.2128012783945124e121
2.4491153094580313e121
3.2343083232193454e121
2.5292542260987836e121
8.484741848247788e120
1.0215131692731552e121
1.4542770072525962e121
6.0156698803715865e121
5.290425327828563e121
5.191370533958098e120
3.9745538025521304e121
5.549974372247836e121
1.391610524388075e121
1.8437017927651771e121
1.7823017149225616e121
2.9548493927265573e120
7.681416281336699e120
2.1306656572002396e121
9.738496038514661e120
4.0303383272740806e120
1.5152446531421554e121
3.9203989170748997e120
2.877333522086926e121
4.18145754537065e121
1.8583449326930994e121
2.7548619108943525e121
1.621409047855149e121
1.186431547711838e121
2.6385921132892413e121
1.7729489121984898e121
2.0196372023317405e121
3.0409313991169746e121
3.859535087816681e120
7.377913929487315e120
6.114728515685637e120
1.1112395818658948e121
8.475439291373187e120
5.885892289645203e121
3.0846971715265356e121
8.57148491228478e121
2.581936587388319e121
1.3995756417412264e121
2.719358063879407e121
4.0155788179155317e121
5.9220139832198565e121
3.580477963086386e120
7.445070357864247e120
3.5541565612325973e121
1.065468177028258e121
1.0909953531684771e121
5.1027539488337295e120
9.957839081664004e120
3.466053514072251e121
3.612396657174667e121
1.7050059837869653e121
2.993930370570265e121
7.704552363784151e120
1.330764937336785e121
4.0941321274015587e121
5.581077681594528e121
1.103618324691067e121
5.756528485495115e121
6.026056044578859e120
1.3130824348843275e121
5.918962211973186e121
7.457832339596349e121
1.193495378774596e121
1.9457533554178212e121
2.9187565746837353e121
2.411037565461397e121
3.8568795672264577e121
1.1131070203910282e121
1.9036813076905837e121
3.0375158706860054e121
1.957805005514662e121
2.074209442014714e121
5.160080691819193e121
1.9939673711310175e121
4.9276043866344657e120
1.9646924881586986e121
1.4929598540640245e121
3.0509674129164944e121
2.9258922466642796e121
3.267369681556335e120
8.242066527515315e120
8.882582324722263e121
1.8466516734115294e121
1.142270925707176e121
1.7453893759337626e122
1.7227689135643285e121
1.523284818149598e121
5.042230219677908e121
7.135408752442526e120
2.1655694992653727e121
3.3380848507855795e121
2.3225942525707057e121
1.1057048552909527e121
2.185411264220019e121
1.7127175936966449e121
1.5047932149114141e121
1.4053840646690183e121
2.6553932485718424e121
1.8022722334118773e121
3.470938482344286e121
2.165938338604992e121
9.367205664138391e121
3.3187727056156047e121
3.3359434003562546e121
4.6604717613271075e121
1.8093577083486882e121
4.9204043078462205e121
5.354257904963812e120
3.721436701777639e121
1.165910346410107e121
2.075034680963387e121
1.3019330225082973e121
4.48358178233497e120
3.986871159310813e121
2.676271049219745e121
9.152329053803418e121
1.1937517178743106e121
2.0283825916533702e121
4.411708344366509e121
8.023013539702627e121
3.316434310984698e121
2.2631329357011915e121
4.349288520420344e121
1.9530594859149674e121
1.5801274808730945e121
3.6559786348659833e121
1.8590706397302093e121
4.5769734846411536e120
1.330963250450636e121
4.57226027779172e121
4.358895812870282e121
1.5347433060789765e121
9.174449306516413e121
5.856436189985256e120
5.374147507573612e121
3.4111964298984693e121
1.5351872524554556e121
2.639712459891563e121
7.427511986334504e120
1.1799331511636084e121
1.9701628516093883e121
5.65284597757828e120
6.210427608892392e120
5.458717517821448e121
2.1403670956054565e121
4.031258952714869e121
7.433471380359577e120
2.5784873135047525e121
1.9992227843517088e121
2.196215515985447e121
1.7375562334241492e121
1.082062574014593e121
9.804220911755329e120
4.680948840534631e121
1.497709647194091e121
1.6762041727845665e121
1.0001797598538943e121
1.2790773468449653e122
8.54871421811363e120
1.1365330380535866e121
1.0661942159209284e121
7.251986773880067e121
4.4420768293539345e120
5.612406026035764e120
1.7492586732721764e121
1.928220886735424e121
1.8963543115982126e121
6.6392810541291015e121
6.158260969348324e120
1.3060367442258197e121
5.117216084636897e121
1.9559071832634734e121
6.32161250281815e120
3.551639224649388e121
5.743477976444365e121
2.2362674888806193e121
8.650278576588753e121
3.2419550146171104e121
1.3503700176398004e121
6.834685829520963e121
4.490575693482975e121
9.868102242596983e120
1.0799962098037487e121
5.517675923993942e120
3.0616796691105286e121
1.4168992621396114e121
4.969481273136316e121
1.2934027548862617e121
9.144273363093825e120
2.7586196284338883e121
1.3700006362846998e121
1.6020354303861175e121
1.3869106617408555e121
1.3554810162592699e121
1.7953513565105485e121
1.9307381959232842e121
4.637709767151407e121
2.1567347533576083e121
8.864491407576155e120
5.90640831251477e120
2.6216492071910204e121
1.7789240898361646e121
4.516683948066241e121
7.404244162360848e120
3.105821144851291e121
1.4378466937951568e121
4.58233658756467e121
1.66823803149659e121
1.9769453621128902e121
7.508617000329291e120
7.461797219625615e120
7.326407470642872e120
2.1711031038752785e121
3.739590264668377e121
6.728644480685542e120
7.343796594874473e121
4.401896930281422e121
6.965237392506797e121
6.340271485219217e120
8.384983607499521e120
1.725528772075095e121
2.7736057918290256e121
6.501271196458169e120
5.856455330942781e121
1.0997256538932852e121
9.198165472725516e120
2.6714397646061266e121
2.6778169999920194e121
3.782254072528542e121
9.258114554511198e120
2.5549680840531052e121
9.353469061060866e120
6.20667737635466e120
2.2767952697318183e121
1.7610948855705552e121
1.2321764501523542e121
5.314440242590451e121
1.7857754935491015e121
4.482890005081901e121
1.6689892106806636e121
9.323340103895375e120
4.3524975746029707e120
1.9183753108356525e121
2.291052911611182e121
1.0940581282697669e121
1.8208953965322435e121
4.8453921267177755e121
6.39385229541865e121
1.8338605826140707e122
2.836087004876649e121
5.269571898407019e120
1.0378547378419175e121
1.319544753886546e121
3.763007657395478e121
3.465514392110917e121
9.924261627141368e120
4.507609426036234e121
2.2209867730549426e121
1.0893144025161727e121
7.120827736613694e120
1.335188669011103e121
2.498623993094364e121
3.3003618508306207e121
4.5079855450761636e120
2.014471200200035e121
4.36800808433078e120
1.266599990936017e121
4.395844959783566e121
1.3229703763808672e121
9.65584730471636e120
3.223330658253034e121
4.0965637084952513e121
1.0399324820672848e121
8.740629713226089e120
6.551471200034706e121
8.246578721543635e120
2.197820925749407e121
2.560528643980127e121
2.7388086004181786e121
2.0977693106584283e121
1.2112805604660618e121
4.18434090429092e121
7.116913960052254e120
1.6712485339444087e121
1.7503950588639597e121
8.796205983502851e120
1.1342895569713048e121
1.5322131790164234e121
1.1834366671515978e121
4.099904867435191e121
9.539646775976652e120
3.8886834121108474e121
2.4836489495775294e121
6.842340082306648e121
1.5806741690943594e121
3.6992424300913403e121
1.6434595330225326e121
5.727232605950859e120
7.460175263849584e120
1.414365502044089e121
4.788690048175339e120
9.553520306367459e120
2.372116138948889e121
1.6461256688508517e121
8.903647519583518e120
1.2832769101011336e121
4.3092811267164195e120
2.0127478940942761e121
1.6128045362842965e121
1.6989681698279468e121
9.725676674245699e120
2.5236434365459453e121
1.6300409251792372e121
1.4989696377061932e121
8.853683845657034e120
3.1199815262453e121
9.232602162881981e120
3.0266794870047097e121
2.1802504684042357e121
3.646620406084065e121
1.5921650876918326e121
6.633241733041467e121
5.344915092885915e121
3.731900210971901e121
4.195863499211541e121
2.0098370399478773e121
2.9561766151896576e121
2.368782419211579e121
2.6165594200387537e121
3.731267502680538e121
1.2304441150467815e121
1.2264513504659068e121
1.775985298745032e121
2.202151056715924e121
3.965969270246336e121
3.0545196454772775e121
1.2657619722206557e121
3.1319161681428823e121
5.275625521379252e120
1.755718348982128e121
5.741537346749845e121
7.75571556276463e120
1.5525164987425003e121
2.1655678360287353e121
1.1544526385752928e121
8.70341676151373e120
2.4692807367535338e121
6.077146886122441e120
2.2318582590161967e121
2.7061485606773966e121
3.7687981390645234e120
2.8050520186258733e121
4.248554444738771e121
2.2028895844381555e121
1.8926597812337197e122
1.4761496670893688e122
3.1800136781226197e121
8.658863330999385e120
1.0561721860523352e121
3.7958756262119757e121
4.390887560474828e121
2.503559223968867e121
1.5850494809759187e122
1.2424018168850536e121
2.4058286371729912e120
4.376430651348483e120
4.237734357574641e121
5.911599433241171e120
1.6262609561498974e121
1.119534286279905e121
9.499280558739363e120
1.1366360094566772e121
2.6899295976075105e121
1.8962553497532683e121
2.4044322874704514e121
1.0693062218466124e121
3.89120203623869e121
1.5104627147342807e121
1.0687647252029426e121
3.960688729569055e120
3.9153686853084425e121
1.8802049210193703e121
2.81096911663674e121
4.0532177658617623e121
2.6361357570667314e121
1.2607780943184865e121
2.7930015084016144e121
1.230231206752716e121
2.6499044717483603e121
1.7405750389673856e121
1.0240442602258688e121
1.0974575430892738e121
2.321823632253996e121
3.098280834102965e121
3.7168219996389053e121
8.99363464865462e120
1.5245471805974386e121
1.6852204800834397e121
1.9454977207808537e121
1.3205431672531192e121
2.4330476377237032e121
2.0418961867452874e121
4.760328928302274e122
2.306430442660327e121
2.1148777050070797e121
7.985349327027134e120
1.2890302220945311e121
2.595133200782709e121
3.2683319738479454e121
4.425455522906323e121
7.949611766140492e120
2.168147830376878e121
7.329335795839329e120
1.3300764205020414e122
1.7853070972230258e121
3.0558974825759357e121
1.5163938749389338e121
1.8211455285878687e121
3.2191296231491113e121
1.0056809037586482e121
1.7620187381832107e121
1.1863205304009673e121
6.497043023832134e121
5.013962041888208e120
4.850679923300592e120
5.064132788481364e121
9.887926839108826e120
1.3778915763064156e121
4.077407724322324e121
1.3541698984311275e121
6.072043373795766e121
3.0931501418490876e121
4.382606855148354e121
1.7541238494423583e121
4.588743804966649e121
2.1588601782828604e121
1.5405985628660394e121
1.4268300245427195e122
1.0976746471330531e121
3.896191275642681e121
3.9922311029643963e121
8.952752162193657e120
2.5876570776314703e121
1.7970932648827912e121
4.5504084691645566e120
8.39771871127189e121
1.1644744105223388e121
4.458936333277778e120
2.588851125417605e121
1.6283950472755153e121
2.8735870029865146e121
7.567977112007972e121
6.333937822782706e120
2.248672571554737e121
2.7109608636026263e121
8.752577982523021e121
3.920724693631777e121
2.258679549884174e121
1.9134416807768799e121
3.0904551847325233e121
1.5431545647112033e121
1.360556259943739e121
3.6610669228562486e121
2.0139253480375797e121
2.0487460114248714e121
1.9928567500359884e121
1.6622056374207363e121
1.4362598925423584e121
2.3454261447336563e121
1.0481584839121616e121
4.507976871548246e121
1.678538956872304e121
2.7177974425904276e121
9.030635109431127e120
7.213223903412069e121
2.3953210366003377e121
3.4933279740811774e121
1.2342854973119608e121
1.166351141956354e121
6.239872936155198e120
1.7220211129300694e121
7.510752782125988e120
1.1096583504709634e121
1.3310212663479959e121
5.380542487740356e121
2.4423131308180693e121
1.38873608265023e121
2.789309965038125e121
2.9838865755636277e121
7.849362039115361e120
2.3463464655435435e121
1.7290857474511414e121
1.1837274149081725e121
1.5473425334418695e121
3.224051475873489e121
1.054960130170542e121
3.063533614159835e121
1.7774682495535757e121
4.626979507103519e121
2.186825010000234e121
1.609035313688531e121
1.634425980554185e121
1.0163404218166817e121
8.554792125113173e120
9.190727160747143e121
3.886678322417638e121
2.890981008108904e121
1.616779640151702e122
8.139984765598307e120
2.85341742004085e121
1.595672187712893e121
1.0713312979119903e121
8.052124519494543e120
3.93995972744585e121
1.0559753019374407e121
2.364062304773182e121
1.2478325120773924e121
2.3895021350242808e121
4.5866066919252645e120
3.675930750967426e121
2.8801914877288486e121
3.482619081117854e121
1.7585057769388648e121
3.7143387413664097e121
7.829385741490197e120
2.301299864979224e121
5.610571978052725e120
9.959882618632508e120
1.370728505306479e121
1.4267340362209797e121
1.262164335470414e121
1.4128804473674736e121
1.0169552278249031e121
5.354588275098974e121
2.813211055922978e121
1.058644501586756e121
5.964977808935799e121
2.312331833448814e121
1.3444595181841449e121
5.74554959886243e120
5.547835728601436e121
1.4587867853765065e121
8.068462471627359e120
4.0856631168008434e121
1.4599801388971646e121
8.65640249859385e120
6.275993236260039e121
1.4757286388744146e121
2.9143517656711193e121
9.176320429822783e121
2.1732699350278974e121
9.916459241476434e120
1.211790325364732e121
9.999035707233471e120
6.51093468599309e121
1.2133868029642593e121
2.0456464725857424e121
4.699213190695168e120
2.822165199632053e121
5.815253290140366e121
1.1028360477776452e121
1.7049411062821181e121
3.179445935073858e121
2.815698558143891e121
1.455887616230278e121
2.17613322026523e121
1.780040764805573e121
1.9057758746430404e121
1.0230500958554651e121
8.938122481164875e120
3.648723106572231e121
5.746397846612566e120
7.789278601093282e120
1.3718093774756805e121
6.950545943921314e121
3.2052302181822433e121
4.9227752409233536e120
1.0318627337035081e121
7.236320308371537e121
4.0753504989992997e121
1.0574616315060062e121
5.313351412569123e121
1.0937615076740889e121
5.708522503151985e120
3.525701397007468e121
1.1756443582266619e121
4.0462886448171836e121
6.432434626684981e120
1.0027796303065504e121
1.646731825448001e121
8.886794179273488e120
3.5364996805468113e121
6.741750844949699e120
1.2015111711579423e121
6.321651067818805e120
1.580038848266747e121
4.991681331874441e120
1.9364153256437894e121
8.906541984341417e120
1.4043631921354335e121
2.2776117240759437e121
1.9119192584887816e121
1.9151084238592602e121
1.6371580735139653e122
3.827965088091952e121
1.0607294029286091e121
2.1603280641185135e121
4.3477796637466806e120
3.491068500789728e121
5.87570178647819e121
2.2846886232491247e121
1.2547671423871013e121
1.812635354867017e121
3.511819478705105e121
2.4749043461474476e121
4.606429476665342e121
1.2567164284450354e121
2.0615730109849735e121
3.43935278691411e121
2.6626248961178565e121
2.627996244799832e121
3.2336268589712167e121
2.8369337529007307e121
2.1179687271706773e121
2.28476569476184e121
4.167056738135353e121
3.6626729989756746e120
1.0650165814452418e121
3.639579853769278e121
2.0450341945834716e121
2.983501995532548e121
1.3758428937003291e121
1.9276510746662424e121
1.6569956788477796e121
1.8364275270340338e121
1.8038127345987682e121
8.109648998777916e121
8.306429942173834e120
6.023623726676908e121
2.2330485544546295e121
1.0478604063163117e121
1.8404532671202017e121
4.954852362330852e121
2.3680096975018064e121
5.25401661781878e120
1.1238073840186757e121
3.9021060542596257e121
1.586567942664492e121
1.0187724880677683e121
6.146490524487401e120
2.114572141630226e121
2.8458841170184896e121
1.372052524586074e120
7.315362685627774e121
8.760679956377283e120
3.3148601758579543e121
2.069135703560757e121
1.2065210953694247e121
6.965486464099782e120
1.224322934323576e121
8.562988382583888e121
1.3553640407996103e121
7.196468824778427e120
1.784919810696684e121
4.0114929891378373e121
7.370389778245664e121
1.8560460441715917e121
8.084259197989182e121
1.7515847322977998e121
4.563639676180611e120
1.7457779842705805e121
1.7525131445097926e121
2.727081844460051e121
1.2886970951627964e120
9.447388052596058e120
2.6344104441933313e121
8.044359659413133e120
6.686589177451235e120
5.594676866614688e120
6.956146658740619e121
3.408426910847213e122
2.6512133261039497e121
9.885806815101593e120
1.7297264960091305e121
5.3690711454105435e121
1.7849951065307983e121
2.642923994534827e121
4.382888846066633e121
8.868174013176578e120
1.2595402310329832e121
1.374139107697382e121
7.204116979473262e120
3.7481729782802403e121
1.4246822002035709e121
3.363570002039034e121
1.0475961998302907e121
5.608542537508388e120
4.137363997657882e120
1.8365346683976775e121
4.693459154889807e121
4.714111202485381e121
3.6305584756071824e121
1.354010166972587e121
5.981147893294052e121
1.2169580458670132e121
1.5660161674130092e121
1.6829079280638092e121
3.906706370277675e120
1.9183973474233624e121
1.15792066259394e121
2.401939079010717e121
1.1239436427020532e121
5.372662032305798e120
9.201465563586784e120
1.4200117562323039e121
2.8548832052539576e121
6.003142592877487e120
2.0633873042767909e121
1.6353984666181487e121
3.4525727776967157e121
3.7563067273502995e121
8.162067645015376e120
2.975276403485238e120
2.244376880942984e121
1.5707963796478916e121
2.2871892473602934e121
1.1164116966008665e121
1.132177211673699e121
1.8087396984115577e121
1.965323375953877e121
6.577433263654988e120
1.8083851216945794e121
1.1076469731050825e121
1.3423173552649378e121
4.254267281129405e121
4.8875924023758265e120
3.4079818216937876e120
1.6878929487595526e121
2.3540949161517334e121
7.685096847836011e120
3.4137653032573346e121
5.901997390691186e121
2.0463248159909546e121
6.078226405666899e120
5.698761555664189e121
5.456346540989596e121
3.163373838958917e121
5.321550070370923e121
1.3401200951359667e121
9.746838089530188e120
4.250122817363781e121
2.4371547924492744e121
1.9112099198024424e121
4.491310103552744e121
4.574955801009115e121
1.2235258616153837e121
7.868456889403405e121
2.3613704645171723e121
2.2695561579079115e120
1.699353774542026e121
2.2250554249388713e121
4.7486532150416414e120
8.979717282247629e120
3.418338214258167e121
3.731621195858757e121
1.0903685687419438e121
4.404252191633345e121
1.3273803258659553e121
5.326865342137413e120
5.619195711038142e121
3.795191168595248e121
2.9583842036444967e121
1.0569431844060213e121
5.562602886985921e120
2.4012298949882526e121
4.610811357824203e121
1.4830060566457236e121
1.6925874573164764e121
2.678046417477217e121
9.858695954463935e121
1.7110453832303026e122
5.527168313934623e121
8.186987657644155e120
6.570746701760884e120
7.323114199285028e120
6.215976595109037e121
4.737076818241007e120
5.89794858397076e120
5.86528478775367e120
3.9802904554375395e121
1.2261121262289449e121
7.663164148598909e121
1.8263032989768865e121
3.590686983807635e121
5.066315054962829e121
7.348555440782324e120
2.972928877966202e121
8.440121235017652e120
5.912040942393866e121
8.833219780951447e120
2.9538732407837353e121
1.4912878223418458e121
9.805305126474649e120
