2.3082946906039356e62
6.785372574292319e61
2.0165524040945358e62
5.578293654220027e62
8.151136364367827e61
9.920410614411034e61
5.884567200382601e61
1.91619597305797e62
2.3877761866726163e62
1.5087388367245939e62
3.6263818135180706e62
1.4217455972241001e62
8.098761708120576e61
2.6479200897132253e62
2.168132342007006e62
4.8420524044342504e61
2.4363361696967662e62
6.058528856352146e61
1.300645678588409e62
8.263999040457807e61
1.2421269446302173e62
5.649974922100781e61
1.8468648288600145e62
7.322283285655545e61
1.4588803135890314e62
8.559466662009058e61
1.5089926730991048e62
1.0956134727214825e62
9.632656140623515e61
7.398605039015266e61
2.362969444199309e62
1.2639931816773208e62
1.029882407481869e62
2.538757436184859e62
6.151586954967391e61
2.7455628924483e62
1.0314298673099762e62
7.705979057849471e61
9.122079845742299e61
1.7901579739560774e62
1.3202078449820252e62
1.3369259384662734e62
5.59473957203233e62
4.167197261133947e62
1.7239924039592024e62
4.712095473714342e61
2.9868417329306956e62
2.2589217836674693e62
1.173862463413742e62
1.2533437493161669e62
1.3814334975621777e62
9.584250959318648e61
2.919264057232933e62
1.8586405928202224e62
1.1077278630662314e62
1.2758276338310379e62
1.040910770454011e62
1.550158786646237e62
3.4487650358035386e62
1.297543586952113e62
1.9037327644408213e62
3.0058479399125885e62
5.630303451599193e61
1.3393333404623114e62
1.2846662962989022e62
2.7247881469304615e62
2.0735325122413093e62
8.909752677578961e61
1.4525212991584033e62
7.16693044799837e61
3.7010931217392767e62
1.4892181003299338e62
8.221556972889981e61
6.974571753910217e61
6.780564648303229e61
1.8669036000675212e62
2.9459726747189032e62
7.414947652662613e61
1.3419842534880229e62
9.936463745924687e61
1.3327953592104917e62
1.9853488159881577e62
3.0076568224571e62
1.0613243751614833e62
4.3649565551666666e61
3.8218938287697574e62
1.1771811810796533e62
2.738307976935334e61
9.808230601438625e61
1.8734137527750448e62
9.479055996970381e61
2.7377412356325646e62
6.810338823183295e61
1.3309027609784536e62
1.6216615270071342e62
9.919832249263492e61
1.222961704953509e62
3.930839701434194e61
9.234427851407113e61
1.1808151381227134e62
4.5022492154957314e61
8.861216493428936e61
1.7895912179534998e62
5.621369460288016e61
7.95149403494675e62
1.077468237945976e62
5.144678501195766e62
1.9993576373319163e62
1.4747876283657655e62
1.5582942152741868e62
2.4259587580916037e62
1.49895211271055e62
2.0380638065228082e62
1.522924982064182e62
1.7675343471570364e62
1.0355886961431249e62
1.2989274815996677e62
1.6781532382251533e62
4.2741430462015656e61
1.7475123594417812e62
2.3132357774861634e62
2.068109613323859e62
1.7676967003401034e62
2.6413321747357275e62
4.714768403872216e61
1.2940356199171404e62
2.201652966338569e62
7.142298827599115e61
2.548378522847936e62
2.2924668281465553e62
1.2445716604594135e62
1.0999520607835398e62
2.773812076271695e62
8.0460985540541e61
2.0961352446121683e62
2.0833662365439853e62
1.2877153016631955e62
1.7360656206792367e62
6.879690141867585e61
4.512725711656888e61
2.3148226620756085e62
2.7057917750748635e62
2.3489743728912857e62
3.5342106412778547e62
1.5354038900869952e62
6.995466947778091e61
1.0354165099189689e62
2.8365742458257277e62
6.273476378293513e61
1.055892973398251e62
5.054689412961072e62
3.0676850032388365e62
2.1065528706360723e62
1.6362012510120324e62
1.5092381793392343e62
1.3064270191026775e62
7.945518724552008e61
2.327989626935747e62
4.121232065253734e62
3.3102193014459213e62
1.162748129583449e62
3.5030593493164225e62
1.8900069910641465e62
2.6954524356521614e62
1.4278719476379904e62
2.132560445963926e62
2.8550808722954316e62
1.1332897034124027e62
1.5752254785640715e62
2.826235903495431e62
3.4566595947788973e62
3.6849256971840234e62
2.4993391086277496e62
2.401572064616332e62
5.517221146919737e61
1.393438994348341e62
1.0379059527622895e62
2.874185387622461e62
1.769648451921109e62
1.939287864324324e62
1.8669093003729066e62
1.5783289236785293e62
5.106027728972178e61
2.1199270436617204e62
8.954862732479449e61
1.2571109849869782e62
6.546803594243541e61
1.3560609629671904e62
1.0913767883248746e62
6.984711883228843e61
4.777061064011548e62
2.891102514150968e62
1.0498256888556383e62
3.2830662797002694e62
1.4638535280754427e62
2.0490654623413423e62
2.6118309009813094e62
1.196260112862474e62
2.536347918243412e62
1.1835043796773365e62
1.1025059831707494e62
8.587517398460895e61
9.353164605919951e61
2.088264888799461e62
3.140185911876897e62
1.5190691715759536e62
1.3824093187125782e62
1.422242259249617e62
2.906461645606642e62
2.851735723211814e62
1.1296932246156293e62
3.0278467793413606e62
1.684157842318231e62
3.333310574646565e62
1.396133603304915e62
1.1829350272272708e62
5.0774793980051057e61
1.5227226880078916e62
2.7144564040920497e62
3.2187118219445822e62
1.1475513379016577e62
1.5267067489452144e62
2.9236743928439e62
2.4218672315936887e62
1.47629218919367e62
1.2948171241746807e62
1.4463334617697756e62
1.9024010831157825e62
9.418150912058014e61
7.746245011065088e61
3.399943421906069e62
4.124054474365439e62
1.1523797592076999e62
2.1079504933066645e62
1.4095418911586844e62
1.1683324548885123e62
8.347012359569189e61
1.4298681159548954e62
1.5240267047121089e62
2.435202302284655e62
1.1133470615126582e62
1.3050764625123478e62
2.307502095290822e62
1.7882034990500486e62
8.923013123092454e61
1.2853878742122377e62
8.623030650535081e61
3.5010802774295193e62
8.854668965230888e61
1.1180537670519111e62
2.0429623451434176e62
6.695290021753277e61
1.1896855784413013e62
3.255381732239059e62
1.3177440686039495e62
3.223010541233695e61
1.4884001492898553e62
1.2959577922321276e62
1.4838549340355625e62
1.2781343601535457e62
1.2282892366106457e62
5.029724746010336e62
2.1621702992324933e62
2.58686403761039e62
7.580978853455624e61
2.1366040124975304e62
1.089997799284325e62
1.5825537093600597e62
1.0893302571471891e62
8.632272420758815e61
1.012461347469212e62
6.353443123675786e61
1.2111886552115481e62
1.2383309867532118e62
1.0263344177971735e62
1.972321913837191e62
2.227111990669117e62
1.123299805384037e62
1.5088937563041984e62
2.1707048377406685e62
2.9337994339974093e61
2.0916073582299623e62
1.4121975887111378e62
4.0388335510141153e62
9.138540347696666e61
6.596773331260854e61
8.55126875111307e61
9.368439893236964e61
7.395520356253105e61
1.2435296065241577e62
3.4963751981991234e61
2.107336560716899e62
1.0415984649387269e62
2.8081313061267028e62
6.466705761506706e61
2.320872118545882e62
1.1496220602717827e62
1.662440594556081e62
9.54176570690185e61
8.043919721586915e61
1.5722582143805582e62
1.8193173330185624e62
3.3890845018091657e61
6.729880608726443e62
1.4398351588977586e62
1.4771423976101664e62
1.4074032029814852e62
2.551707076800378e62
3.4556499951604307e62
1.2625956784514904e62
2.2118313180049053e62
2.533366590960037e62
2.0105517207324456e62
9.285818535298031e61
1.790395021617183e62
6.466813994639445e61
2.7487743344137136e62
3.58027855741981e62
2.544884796127265e62
1.5005734534516722e62
5.615766988643663e62
1.0523421699737458e62
1.7577562761716697e62
1.9627023646555017e62
1.0233518147041427e62
5.686069572766213e61
6.750378393136524e61
9.31427865408571e61
8.231261269936616e61
8.698721067898524e61
8.795692792314993e61
2.5944232020597856e62
2.3315929426677444e62
9.341107591287136e61
2.266108275429111e62
5.925111791119586e61
1.342259734643505e62
1.1165901964891194e62
6.211625813356007e61
1.6638402355018634e62
7.870197062472365e61
1.6096453334222931e62
6.666795042901894e61
2.067262736901569e62
2.247862607019878e62
2.3155672003574613e62
4.378867744905303e61
8.170955616377794e61
8.013026170988544e61
1.1633835849857853e62
7.246086400333555e61
1.5069736019920627e62
1.0463480008145485e62
2.348275000810173e62
1.5034716372055096e62
1.4623495915765264e62
2.3871260755971427e62
8.293502110294485e61
9.167506846481971e61
1.4888172255635935e62
1.964793127304419e62
4.0782190948746937e62
1.7205374434675083e62
8.29126147811814e61
7.248179553035221e61
8.664182898189565e61
8.849515174715015e61
1.6879895489047136e62
1.2230764758800593e62
1.5599703958164769e62
2.098990326034769e62
1.103518596469128e62
1.4018272595765816e62
3.2628593408516713e62
7.636970950256768e61
1.6346869753491872e62
9.040517012426024e61
1.2557940561880863e62
7.372954147624377e61
1.8454142565428419e62
3.403464871961709e62
1.477934984988449e62
7.935719127286283e61
8.441361499789395e61
1.0198926601958146e62
2.451987898248166e62
2.3239683146118673e62
1.2253614168126745e62
1.7731647516004836e62
1.0010119587380598e62
1.274200457756402e62
7.461839586985231e61
2.0496315224639777e62
5.761282438944013e61
2.940684574961844e62
7.674545149296421e62
9.168725823251912e61
1.7511200603672566e62
1.293342424975845e62
2.5336469766529423e62
1.6314794366289796e62
1.0669098836124328e62
2.3156074146110536e62
5.986982531859816e61
1.0275333737600392e62
4.5107048910569993e61
1.6169986648084272e62
1.820505282693197e62
2.609291856630917e62
1.3939392382198952e62
1.302752715096029e62
1.9092503316898583e62
1.4095326254539755e62
8.9672382129036e61
8.563655743315614e61
7.155417455226678e61
1.9720515107009738e62
2.026603794658676e62
8.687656323587443e61
8.978208314079795e61
1.3648427082570892e62
9.812407878362754e61
1.3529822837816122e62
3.3480375892949634e62
1.0537772791989765e62
2.4636020228373644e62
4.2215875387342285e62
1.8446369220654533e62
2.9951513087520773e62
3.6657479418112543e61
3.437380116430181e62
1.599281147995707e62
1.2329729506466957e62
1.1183180508267348e62
2.3466814705219794e62
1.5304078061412129e62
1.3077317776444296e62
1.39916639408022e62
1.0406778953548802e62
4.8590229442087375e61
3.0830771048220448e62
3.009950259424952e62
1.3639538288130152e62
1.564632115763991e62
1.6684322061507507e62
4.1056030360987825e61
6.78608980716992e61
1.5138927419792372e62
1.4680597147528773e62
2.288234702593948e62
1.3563481863017848e62
2.56052349137177e62
2.6349026868752566e62
1.0554599192940865e62
7.720155073152536e61
1.5097000527799396e62
9.256588910335239e61
9.045789213844369e61
1.1701178305063025e62
1.4623663074868637e62
8.422069417017289e61
1.7071561651419956e62
2.8941714714383443e62
8.19545685143424e61
1.7984007747704841e62
8.573281040485609e61
1.4841549636614424e62
1.6167807327720875e62
2.140392660449612e62
1.0550730143218662e62
9.821759926349269e61
1.86814704282697e62
2.1334991285944952e62
4.2572417160079e61
6.657022357464106e61
8.919125422441135e61
1.5554566936983243e62
1.9283313377139645e62
9.63066066123346e61
1.4858631607031032e62
6.577768757197255e61
6.21393381869136e61
6.233343699100675e61
2.1129694847657233e62
1.2923429004592993e62
2.0543304372086145e62
1.3963024385684307e62
2.091053915253379e62
8.849643941741502e62
7.25171412839526e61
2.3215840922741316e62
1.2896807622035227e62
1.1154364476494995e62
1.3797602126522288e62
1.3524522481226136e62
2.2164260575346813e62
2.2121801907854485e62
1.3390171820432159e62
2.3815679621705088e61
1.590143386875843e62
1.0025525047339926e62
1.2487878155926307e62
5.482580061496306e62
1.3036592580184318e62
1.592081957979962e62
2.6012003781869334e62
1.3716287902278231e62
2.094088377080655e62
1.0435962862196255e62
3.808084353259785e61
1.9016846080362882e62
1.4839692253358502e62
4.566405464172947e61
1.8515287215881984e62
2.2076033624106394e62
1.238481144867254e62
1.4323645808074617e62
7.635284863495378e61
1.334691499084302e62
2.9381770820520715e62
2.3372837671614773e62
8.779903910747639e61
1.1992750896235407e62
9.498375258606495e61
1.5263185107476438e62
2.9358974597479625e62
1.0294745646531359e62
6.102179023118867e61
2.566293836563267e62
2.837445761327692e62
1.5051101989841543e62
8.597226046068838e61
1.9369566557207492e62
6.459635714782248e61
3.2950908451319404e62
7.218357655574112e61
8.141954119492887e61
1.3370561776330074e62
1.3095321943321854e62
2.222507540942893e62
8.219657726244104e61
1.0884655934354405e62
2.086100816780156e62
1.4762505022009383e62
1.3012768367167344e62
2.4284492496589105e62
5.724615648981168e62
1.0506577636063547e62
3.4216179678058687e62
1.1927685263156858e62
3.0182856858107636e62
6.81381455095971e61
3.879888223938552e61
8.270818469817365e61
1.8448717737607967e62
1.8210731295082912e62
1.109315875280428e62
7.532174918544249e61
8.024073098311591e61
1.3846491613579404e62
1.234302278997324e62
2.0004750627089018e62
4.7002861142309065e62
2.081520071881788e62
2.1882333273302223e62
7.017821651662883e61
1.0553566829200823e62
7.793617343780154e61
2.459401368275537e62
1.6245014724540844e62
1.367412224166676e62
2.818382469724916e62
1.4166616376949888e62
8.859077035957988e61
1.8359356875387066e62
1.09413183245325e62
6.062321010541853e61
3.3212518817576366e62
5.062711611239102e62
7.09756393879271e61
1.9277892541561444e62
3.2526423942359623e62
6.132121396470737e61
2.0616480210520376e62
4.29009900168076e62
1.2916142054238385e62
4.22641912059527e62
1.1807829082795868e62
8.358246848938802e61
1.5638751424029291e62
2.867119764651226e62
4.35152170705188e62
1.479020308714433e62
1.4210882506650574e62
1.680540249876198e62
2.8104384583244795e62
9.414375207687832e61
1.659876350791586e62
1.2749373038160513e62
1.920695717592264e62
1.9046829660775301e62
1.689290579784069e62
2.0916091246628504e62
3.708979085431458e62
9.715245043008503e61
4.964786513964143e62
1.4027381173906226e62
1.792578220992518e62
7.050786608615754e61
1.1591775813833428e62
7.294994110151555e61
1.6853796086617723e62
5.548718589695145e61
1.6994352095760847e62
7.297747718493578e61
4.290949816832731e62
1.6636687136286164e62
2.877542923921928e62
2.0310143724848684e62
6.249706992218442e62
1.4618501292393478e62
1.516398630418181e62
1.162569293110796e62
2.4742367760496697e62
9.140824969138516e61
1.6647905001676168e62
1.2654509540298276e62
4.084547676000832e61
1.4026469351304721e62
1.4300682763600298e62
2.174418934262715e62
2.7997858929947545e62
2.3432740028112975e62
6.827413012729652e61
5.777705610734436e61
3.543046913990238e62
1.8562414209453757e62
1.085103411046473e62
9.001805514978142e61
7.660486848730278e61
1.6180548590687608e62
1.3673203505359867e62
1.3986534084312868e62
1.0627009013569362e62
9.745367391805808e61
1.0249401934135238e62
7.089984090581832e61
7.114876001244951e61
1.187154714268092e62
1.7522585258001342e62
1.2270143299836348e62
7.805289686531401e61
1.0102801676915364e62
5.989913065339023e61
1.90474448209501e62
4.917507149706614e61
1.4237038107571382e62
8.308195981040378e61
1.795528359019646e62
1.9834802233346278e62
8.804553357296753e61
1.4276682771757103e62
3.494921738150984e61
1.0178195963090943e62
5.923038962787988e61
2.334098183248271e62
1.5179387710255042e62
7.216613199155566e61
1.2741067013407765e62
6.930882864238127e61
4.219082844198988e62
9.658122567742172e61
3.4063387813610317e62
1.0184068759960392e62
3.7184778614552616e62
1.545835514172641e62
1.802612216771867e62
1.3974620799245234e62
1.8309689944392404e62
1.3883072465621988e62
2.2065817931317584e62
9.284312943843354e61
1.095282734022527e62
1.4101860247394637e62
6.93221906060031e61
1.9491982619337938e62
1.5164511362229658e62
4.545110511537444e62
1.7382169770876378e62
7.377136044162292e61
1.0330672375051196e62
2.5446032809279613e62
1.5081721638186445e62
2.103054701732803e62
1.2668365918241886e62
1.5113356329639428e62
5.60642228551516e62
6.492243967514766e62
6.832403839478717e61
1.200350091236465e62
1.756336342805795e62
7.251227351055344e61
1.0354657464680187e62
5.52937715299095e61
1.7593025717860448e62
9.919454327243539e61
1.9496820737642022e62
1.6471253318980814e62
1.9281068586740354e62
5.238194184795685e62
3.152194448826303e62
6.349331560916965e61
2.740555802068563e62
1.555953902211642e62
1.6101438500745366e62
2.91111664616794e62
1.2624286298622666e62
1.0197726213923937e62
2.4073068814265496e62
1.3944715413674876e62
9.79661372341027e61
1.0102491336402361e62
1.2603081073494005e62
1.224868329759892e62
5.642236211845048e61
3.764459659476436e62
1.3050630338507888e62
2.9533531630221773e62
1.3303970061257323e62
1.2826142365702122e62
1.0789361378550966e62
8.952061580025603e61
1.0285968803934091e62
1.464950349297612e62
3.5254345551703445e62
1.106145914040182e62
1.9755275770173083e62
1.5387884727203422e62
5.408004554582749e61
4.075436591498133e62
1.1635083044637715e62
2.281259220858703e62
2.530061698129283e62
8.927859925471412e61
7.810249298301326e61
1.2516278008238855e62
5.02128743225616e61
3.145833119747925e62
1.7425508609076998e62
1.085098688245534e62
1.1142291080324288e62
1.1676867353538067e62
1.3695119573961842e62
1.1248704119139591e62
2.5977362731707717e62
8.752703695117577e61
1.013284189082366e62
1.8454722296581306e62
1.2794933406147165e62
1.7336867156838024e62
1.9846618629886928e62
3.4087278603778136e62
6.548337731958579e61
3.110190321379926e62
5.137940880581838e62
1.4148752880573118e62
1.6083576989484297e62
4.6850953097749593e61
1.1983037886214566e62
1.8061889079517093e62
8.393838862730225e61
1.0795538405159506e62
1.1463840698180115e62
1.2453249112895724e62
1.6122730412429356e62
1.7487286009598597e62
7.852317399401958e61
5.846429226039233e61
1.7451995979401384e62
2.3010066700407404e62
1.857140474294597e62
1.7465684669741552e62
2.068298732635134e62
2.315797976586175e62
1.051291666971075e62
7.458881201959136e61
2.0519457095430153e62
1.963487776385791e62
1.5087428435286442e62
2.7341424311088935e62
1.6563797697870736e62
1.2549168491227258e62
8.99882671733014e61
4.456945717072053e62
1.5275441023421635e62
6.252678094020417e61
2.8554595723781704e62
6.830410034306515e61
7.448921541916699e61
2.0593046323521606e62
1.2604211576905297e62
1.215937092392857e62
7.058873264757657e61
7.105830581741243e62
3.6447914941877313e62
1.6791541432956026e62
2.4413623246172497e62
2.5949466561066416e61
1.4560951527701011e62
1.4826782662978217e62
5.386390845509346e61
5.609723910139913e61
2.2255676865706753e62
1.3739066908086293e62
2.8321795524329133e62
2.072105761064811e62
1.4169557458870278e62
1.1607071032941065e62
5.0736817468616975e61
1.2565968587545003e62
7.797758449994953e61
9.697576845811397e61
1.158219433857258e62
1.812969533927839e62
2.3422246002519047e62
2.663783083844066e62
3.7707120045490367e62
4.2505374304235895e62
8.18915514525205e61
7.554438692593158e61
7.510656238856069e61
7.856807041641217e61
2.2262225297183434e61
2.857847134738333e62
1.0461237961732723e62
1.3206639796531527e62
1.687720809129383e62
1.745456666282696e62
7.153051597107593e61
1.2599456377801096e62
7.646000215306774e61
1.0572681761917143e62
1.5288656490741275e62
8.015948474774808e61
5.697854955924731e61
2.239784270517709e62
1.1947175691904564e62
7.515951567474818e61
1.7515636543353515e62
7.787683141288759e61
2.109781147353764e62
2.202020786508112e62
8.332342013124145e61
1.4385737608403735e62
2.2729900537515233e62
1.6136822829261433e62
9.493564517811148e61
1.517457679268986e62
2.883248373234307e62
1.2889711036889581e62
1.4875202526875448e62
1.2567394275417824e62
1.6506465804855498e62
1.4514253038602588e62
5.689279025329914e61
1.921017457704938e62
6.185235923838856e61
1.9778264119899045e62
2.630874495155372e62
1.5242740281108652e62
1.1033422260413268e62
4.414179430528975e62
9.114519949534197e61
1.858107412952776e62
1.1300349591651095e62
2.4984984231921956e62
4.803467863568927e62
2.5593267329409043e62
8.199194909978453e61
9.535946339464284e61
2.6842872849618056e62
2.471867957769137e62
1.2330671477538172e62
1.312950391611366e62
4.761537654647995e62
3.6219340191341127e62
7.650498997456536e61
2.522676073232454e62
9.118045315416759e61
2.8897536634898535e62
2.4312789133152907e62
4.332118410720134e62
2.553173921049306e62
7.917645958126187e61
1.394580287666796e62
2.256670483767379e62
2.828135224984297e62
4.260874991734636e62
2.666699653040687e62
2.09898291334274e62
1.0034238667214325e62
2.2045786836863243e62
2.5062742208281215e62
1.4180166614631487e62
2.7597294303832515e62
1.3324508012223359e62
9.818341495347464e61
7.353735579785454e61
1.947724198328417e62
2.706241875453788e62
8.780930985965872e61
6.423388408312735e61
1.2911715067186208e62
1.642252735456476e62
6.477713589606402e61
1.6798595708536512e62
2.352650005500924e62
2.583460011859544e62
1.7107594995514135e62
1.9502099851393145e62
1.908934460688394e62
7.540035073862447e61
1.1633216960573128e62
1.6264376604718844e62
1.4758175959001306e62
1.2971888893554981e62
1.0268622123145209e62
9.979631121866627e61
2.7728902700195726e62
8.923879542550647e61
1.372040225432805e62
9.130521516625288e61
1.3125120292841849e62
9.303341790119416e61
1.6913667481629586e62
3.4896858201197035e62
1.314833511450892e62
9.553890083284256e61
1.044778353019063e62
1.7214879240819928e62
8.879522978839e61
2.9446856269272727e62
1.5864265486633936e62
1.461037914575202e62
1.0306777240224866e62
9.939044160143817e61
1.26318706003906e62
1.2076221385436655e62
1.1156761829553046e62
1.3012272151059492e62
9.528525089900379e61
1.2536264728382013e62
1.9503258607064746e62
2.5372339373283294e62
1.6317026463261397e62
2.780300124903266e62
1.4202689410070987e62
1.2699789033819051e62
1.1387580795615287e62
7.286294969856292e61
6.611391891306448e61
5.918259116772725e61
1.0916576612506264e62
2.1587525779051052e62
7.839704922416931e61
1.2617048694811234e62
2.4703731781734275e62
1.1534765433867911e62
9.562536400934435e61
2.133595272901754e62
2.5356668360333747e62
1.4380496040686276e62
1.732759752287442e62
1.4249984858116664e62
1.63717160045013e62
4.633063974027687e62
6.500194443469945e61
2.141543345483965e62
1.7954192572051356e62
1.4482651511231084e62
1.6673398538431154e62
4.258459709178708e62
1.4028791654589388e62
6.696591424497492e61
1.3792347425069524e62
2.4724199313703626e62
9.847639748032766e61
8.871108057560167e61
1.449850181187684e62
2.1292609475985764e62
1.2079574474868004e62
1.0144772387623268e62
1.3218182098127718e62
1.653477131019841e62
1.3008875060896438e62
4.066475115758861e61
9.524403800253113e61
8.088029375827727e61
9.336451569217016e61
1.0474123717777052e62
